inst/extdata/S285_ctd/S285-014-HC.cnv
* Sea-Bird SBE19plus Data File:
* FileName = C:\Data\CTD\Hex\S285-014-HC.hex
* Software Version 1.25
* Temperature SN =  7706
* Conductivity SN =  7706
* System UpLoad Time = Apr 07 2019 23:13:49
** StationS285-014-HC
** UTC (Time)09:15
** Latitude:39 44.8'S 
** Longitude:176 24.7'W
** Bottom Depth [m]3938
** Chief ScientistBen Harden 
** General Locale
# nquan = 25                                
# nvalues = 8013                        
# units = specified
# name 0 = depSM: Depth [salt water, m]
# name 1 = c0mS/cm: Conductivity [mS/cm]
# name 2 = tv290C: Temperature [ITS-90, deg C]
# name 3 = prdM: Pressure, Strain Gauge [db]
# name 4 = scan: Scan Count
# name 5 = flSP: Fluorescence, Seapoint
# name 6 = sbeox0Mm/Kg: Oxygen, SBE 43 [umol/Kg]
# name 7 = sbeox0ML/L: Oxygen, SBE 43 [ml/l]
# name 8 = par: PAR/Irradiance, Biospherical/Licor
# name 9 = v0: Voltage 0
# name 10 = v1: Voltage 1
# name 11 = v2: Voltage 2
# name 12 = v3: Voltage 3
# name 13 = v4: Voltage 4
# name 14 = v5: Voltage 5
# name 15 = density00: Density [density, Kg/m^3]
# name 16 = sigma-é00: Density [sigma-theta, Kg/m^3]
# name 17 = depSM: Depth [salt water, m], lat = -36
# name 18 = oxsatML/L: Oxygen Saturation [ml/l]
# name 19 = potemp090C: Potential Temperature [ITS-90, deg C]
# name 20 = sal00: Salinity [PSU]
# name 21 = svCM: Sound Velocity [Chen-Millero, m/s]
# name 22 = sva: Specific Volume Anomaly [10^-8 * m^3/Kg]
# name 23 = tsa: Thermosteric Anomaly [10^-8 * m^3/Kg]
# name 24 = flag: flag
# span 0 =     -0.211,    291.105       
# span 1 =   0.002898,  47.007278       
# span 2 =    11.2020,    18.8049       
# span 3 =     -0.244,    293.566       
# span 4 =          1,       8013       
# span 5 = 4.9686e-02, 1.9739e+00       
# span 6 =    119.707,    271.342       
# span 7 =    2.74823,    6.22426       
# span 8 = 1.0000e-12, 5.0774e-01       
# span 9 =     0.0000,     0.0004       
# span 10 =     0.0000,     0.0005      
# span 11 =     0.0497,     1.9739      
# span 12 =     1.2819,     2.2948      
# span 13 =     0.0019,     1.1811      
# span 14 =     0.0000,     0.0005      
# span 15 =   998.8673,  1027.9625      
# span 16 =    -1.1317,    26.6527      
# span 17 =     -0.242,    291.214      
# span 18 =    5.27401,    6.83639      
# span 19 =    11.1662,    18.8024      
# span 20 =     0.0089,    35.3630      
# span 21 =    1470.82,    1519.04      
# span 22 =    145.189,   2847.098      
# span 23 =    138.565,   2847.299      
# span 24 = 0.0000e+00, 0.0000e+00      
# interval = seconds: 0.25                        
# start_time = Apr 08 2019 02:10:11
# bad_flag = -9.990e-29
*END*
[from data line 5740]
    122.175  41.883310    13.6519    123.054       5741 6.8817e-02    130.926    3.00910 1.0000e-12     0.0001     0.0003     0.0688     1.3527     0.0022     0.0003  1026.9752    26.4309    122.118    5.83814    13.6344    35.2165    1504.63    162.479    159.310 -9.990e-29
    122.178  41.883552    13.6523    123.054       5742 6.9527e-02    130.921    3.00898 1.0000e-12     0.0001     0.0004     0.0695     1.3527     0.0021     0.0003  1026.9750    26.4308    122.118    5.83809    13.6348    35.2163    1504.63    162.497    159.328 -9.990e-29
    122.189  41.883698    13.6523    123.159       5743 7.0432e-02    130.915    3.00885 1.0000e-12     0.0001     0.0003     0.0704     1.3526     0.0021     0.0003  1026.9756    26.4308    122.223    5.83809    13.6348    35.2164    1504.64    162.493    159.321 -9.990e-29
    122.196  41.883769    13.6523    123.201       5744 7.1040e-02    130.907    3.00867 1.0000e-12     0.0001     0.0002     0.0710     1.3526     0.0022     0.0003  1026.9758    26.4309    122.264    5.83809    13.6348    35.2165    1504.64    162.491    159.318 -9.990e-29
    122.186  41.883802    13.6523    123.222       5745 7.0893e-02    130.900    3.00852 1.0000e-12     0.0001     0.0002     0.0709     1.3525     0.0022     0.0003  1026.9759    26.4309    122.285    5.83809    13.6348    35.2165    1504.64    162.490    159.316 -9.990e-29
    122.151  41.883823    13.6524    123.222       5746 7.0428e-02    130.900    3.00851 1.0000e-12     0.0002     0.0002     0.0704     1.3525     0.0022     0.0003  1026.9758    26.4308    122.285    5.83808    13.6349    35.2164    1504.64    162.497    159.324 -9.990e-29
    122.085  41.883837    13.6521    123.159       5747 7.0439e-02    130.903    3.00858 1.0000e-12     0.0002     0.0002     0.0704     1.3525     0.0022     0.0004  1026.9759    26.4311    122.223    5.83810    13.6346    35.2167    1504.64    162.466    159.294 -9.990e-29
    121.983  41.883866    13.6520    123.075       5748 7.0704e-02    130.896    3.00842 1.0000e-12     0.0002     0.0001     0.0707     1.3525     0.0022     0.0004  1026.9756    26.4313    122.139    5.83811    13.6345    35.2169    1504.63    162.451    159.281 -9.990e-29
    121.844  41.883957    13.6520    122.929       5749 7.0867e-02    130.882    3.00810 1.0000e-12     0.0002     0.0001     0.0709     1.3524     0.0022     0.0004  1026.9751    26.4314    121.994    5.83810    13.6345    35.2170    1504.63    162.436    159.270 0.0000e+00
    121.669  41.884174    13.6520    122.700       5750 7.1092e-02    130.873    3.00789 1.0000e-12     0.0002     0.0001     0.0711     1.3524     0.0023     0.0003  1026.9743    26.4316    121.767    5.83809    13.6346    35.2173    1504.63    162.408    159.248 0.0000e+00
    121.469  41.884610    13.6521    122.470       5751 7.1374e-02    130.867    3.00775 1.0000e-12     0.0002     0.0001     0.0714     1.3524     0.0023     0.0003  1026.9736    26.4319    121.539    5.83807    13.6347    35.2178    1504.63    162.373    159.220 0.0000e+00
    121.251  41.885381    13.6524    122.220       5752 7.1799e-02    130.859    3.00757 1.0000e-12     0.0002     0.0002     0.0718     1.3524     0.0022     0.0003  1026.9728    26.4322    121.291    5.83801    13.6350    35.2183    1504.62    162.331    159.185 0.0000e+00
    121.024  41.886636    13.6534    121.948       5753 7.2210e-02    130.843    3.00720 1.0000e-12     0.0001     0.0002     0.0722     1.3523     0.0022     0.0002  1026.9717    26.4323    121.021    5.83788    13.6361    35.2187    1504.62    162.316    159.177 0.0000e+00
    120.800  41.888518    13.6555    121.635       5754 7.2259e-02    130.820    3.00666 1.0000e-12     0.0001     0.0003     0.0723     1.3522     0.0023     0.0002  1026.9699    26.4318    120.711    5.83763    13.6382    35.2187    1504.62    162.352    159.221 0.0000e+00
    120.593  41.891018    13.6588    121.427       5755 7.1974e-02    130.796    3.00612 1.0000e-12     0.0002     0.0003     0.0720     1.3522     0.0023     0.0002  1026.9678    26.4307    120.504    5.83725    13.6415    35.2181    1504.63    162.456    159.330 0.0000e+00
    120.412  41.893884    13.6623    121.176       5756 7.1611e-02    130.774    3.00561 1.0000e-12     0.0002     0.0003     0.0716     1.3521     0.0023     0.0002  1026.9656    26.4296    120.255    5.83685    13.6451    35.2176    1504.64    162.550    159.430 0.0000e+00
    120.267  41.896682    13.6648    121.030       5757 7.1595e-02    130.746    3.00498 1.0000e-12     0.0002     0.0003     0.0716     1.3520     0.0023     0.0002  1026.9647    26.4294    120.110    5.83653    13.6476    35.2180    1504.64    162.567    159.451 0.0000e+00
    120.159  41.899223    13.6676    120.947       5758 7.2203e-02    130.715    3.00426 1.0000e-12     0.0002     0.0002     0.0722     1.3519     0.0023     0.0002  1026.9637    26.4287    120.028    5.83620    13.6504    35.2179    1504.65    162.631    159.517 0.0000e+00
    120.085  41.901631    13.6707    120.863       5759 7.2931e-02    130.691    3.00372 1.0000e-12     0.0002     0.0002     0.0730     1.3519     0.0023     0.0002  1026.9622    26.4276    119.945    5.83585    13.6535    35.2173    1504.66    162.731    159.619 0.0000e+00
    120.041  41.903790    13.6732    120.905       5760 7.3174e-02    130.677    3.00338 1.0000e-12     0.0002     0.0001     0.0732     1.3518     0.0023     0.0002  1026.9616    26.4269    119.986    5.83556    13.6560    35.2170    1504.67    162.804    159.690 -9.990e-29
    120.015  41.905443    13.6747    120.905       5761 7.3174e-02    130.667    3.00314 1.0000e-12     0.0002     0.0001     0.0732     1.3518     0.0023     0.0002  1026.9615    26.4267    119.986    5.83537    13.6575    35.2172    1504.67    162.821    159.707 -9.990e-29
    119.994  41.906586    13.6757    120.947       5762 7.3115e-02    130.662    3.00303 1.0000e-12     0.0002     0.0001     0.0731     1.3518     0.0023     0.0003  1026.9615    26.4266    120.028    5.83525    13.6585    35.2173    1504.68    162.832    159.716 -9.990e-29
    119.966  41.907344    13.6762    120.947       5763 7.2885e-02    130.668    3.00316 1.0000e-12     0.0001     0.0001     0.0729     1.3518     0.0023     0.0003  1026.9616    26.4267    120.028    5.83518    13.6590    35.2176    1504.68    162.823    159.708 -9.990e-29
    119.922  41.907836    13.6768    120.926       5764 7.2728e-02    130.680    3.00343 1.0000e-12     0.0001     0.0001     0.0727     1.3518     0.0023     0.0004  1026.9613    26.4265    120.007    5.83511    13.6596    35.2175    1504.68    162.841    159.725 -9.990e-29
    119.858  41.908119    13.6771    120.884       5765 7.2494e-02    130.691    3.00370 1.0000e-12     0.0001     0.0001     0.0725     1.3518     0.0023     0.0004  1026.9611    26.4265    119.966    5.83507    13.6599    35.2175    1504.68    162.845    159.731 -9.990e-29
    119.765  41.908219    13.6772    120.843       5766 7.1887e-02    130.704    3.00398 1.0000e-12     0.0001     0.0001     0.0719     1.3518     0.0023     0.0004  1026.9609    26.4265    119.925    5.83506    13.6600    35.2175    1504.68    162.844    159.731 0.0000e+00
    119.636  41.908195    13.6773    120.696       5767 7.1421e-02    130.714    3.00422 1.0000e-12     0.0001     0.0001     0.0714     1.3518     0.0023     0.0004  1026.9602    26.4264    119.779    5.83505    13.6601    35.2175    1504.68    162.846    159.737 0.0000e+00
    119.470  41.908063    13.6771    120.529       5768 7.1538e-02    130.720    3.00436 1.0000e-12     0.0001     0.0002     0.0715     1.3518     0.0023     0.0004  1026.9596    26.4265    119.613    5.83507    13.6600    35.2176    1504.67    162.828    159.724 0.0000e+00
    119.270  41.907817    13.6768    120.300       5769 7.2223e-02    130.726    3.00448 1.0000e-12     0.0001     0.0002     0.0722     1.3519     0.0024     0.0004  1026.9588    26.4267    119.386    5.83510    13.6597    35.2178    1504.67    162.805    159.707 0.0000e+00
    119.043  41.907514    13.6765    120.028       5770 7.3225e-02    130.720    3.00436 1.0000e-12     0.0000     0.0003     0.0732     1.3519     0.0024     0.0004  1026.9577    26.4268    119.116    5.83513    13.6594    35.2179    1504.66    162.784    159.694 0.0000e+00
    118.794  41.907185    13.6765    119.778       5771 7.4167e-02    130.694    3.00377 1.0000e-12     0.0000     0.0003     0.0742     1.3518     0.0023     0.0004  1026.9564    26.4267    118.868    5.83514    13.6595    35.2177    1504.66    162.792    159.709 0.0000e+00
    118.529  41.906808    13.6765    119.465       5772 7.4912e-02    130.660    3.00297 1.0000e-12     0.0001     0.0003     0.0749     1.3517     0.0022     0.0004  1026.9549    26.4265    118.558    5.83515    13.6595    35.2174    1504.65    162.800    159.725 0.0000e+00
    118.257  41.906399    13.6764    119.152       5773 7.5217e-02    130.629    3.00225 1.0000e-12     0.0001     0.0003     0.0752     1.3516     0.0022     0.0004  1026.9534    26.4264    118.247    5.83517    13.6595    35.2173    1504.65    162.801    159.735 0.0000e+00
    117.989  41.905964    13.6762    118.818       5774 7.5118e-02    130.603    3.00167 1.0000e-12     0.0001     0.0003     0.0751     1.3515     0.0021     0.0004  1026.9518    26.4263    117.916    5.83519    13.6593    35.2172    1504.64    162.794    159.737 0.0000e+00
    117.740  41.905500    13.6756    118.505       5775 7.5280e-02    130.584    3.00123 1.0000e-12     0.0001     0.0002     0.0753     1.3515     0.0021     0.0004  1026.9508    26.4266    117.605    5.83526    13.6588    35.2174    1504.64    162.756    159.707 0.0000e+00
    117.522  41.905156    13.6753    118.254       5776 7.5583e-02    130.570    3.00089 1.0000e-12     0.0001     0.0002     0.0756     1.3514     0.0021     0.0003  1026.9498    26.4267    117.356    5.83529    13.6585    35.2175    1504.63    162.739    159.697 0.0000e+00
    117.347  41.905165    13.6756    118.025       5777 7.5183e-02    130.555    3.00055 1.0000e-12     0.0001     0.0003     0.0752     1.3514     0.0021     0.0003  1026.9486    26.4265    117.129    5.83526    13.6588    35.2173    1504.63    162.751    159.715 0.0000e+00
    117.222  41.905580    13.6763    117.921       5778 7.4303e-02    130.543    3.00029 1.0000e-12     0.0001     0.0003     0.0743     1.3513     0.0021     0.0003  1026.9478    26.4262    117.026    5.83518    13.6595    35.2171    1504.63    162.777    159.745 0.0000e+00
    117.147  41.906285    13.6776    117.858       5779 7.3853e-02    130.538    3.00018 1.0000e-12     0.0001     0.0003     0.0739     1.3513     0.0022     0.0003  1026.9468    26.4256    116.963    5.83505    13.6608    35.2166    1504.63    162.839    159.808 0.0000e+00
    117.115  41.907097    13.6789    117.879       5780 7.4095e-02    130.535    3.00011 1.0000e-12     0.0002     0.0003     0.0741     1.3513     0.0022     0.0003  1026.9463    26.4249    116.984    5.83491    13.6621    35.2162    1504.63    162.898    159.866 -9.990e-29
    117.116  41.907785    13.6796    117.921       5781 7.4889e-02    130.531    3.00002 1.0000e-12     0.0002     0.0002     0.0749     1.3513     0.0022     0.0003  1026.9463    26.4248    117.026    5.83482    13.6628    35.2161    1504.64    162.914    159.881 -9.990e-29
    117.137  41.908241    13.6800    118.025       5782 7.5634e-02    130.527    2.99991 1.0000e-12     0.0002     0.0002     0.0757     1.3512     0.0023     0.0003  1026.9467    26.4247    117.129    5.83477    13.6632    35.2162    1504.64    162.923    159.887 -9.990e-29
    117.165  41.908494    13.6804    118.067       5783 7.5918e-02    130.527    2.99992 1.0000e-12     0.0002     0.0002     0.0760     1.3512     0.0023     0.0003  1026.9467    26.4245    117.171    5.83473    13.6636    35.2160    1504.64    162.943    159.906 -9.990e-29
    117.187  41.908589    13.6803    118.171       5784 7.6189e-02    130.537    3.00013 1.0000e-12     0.0002     0.0002     0.0762     1.3512     0.0023     0.0002  1026.9473    26.4247    117.274    5.83474    13.6635    35.2162    1504.64    162.934    159.894 -9.990e-29
    117.191  41.908591    13.6802    118.192       5785 7.6542e-02    130.546    3.00035 1.0000e-12     0.0002     0.0002     0.0766     1.3512     0.0023     0.0002  1026.9475    26.4247    117.295    5.83475    13.6634    35.2162    1504.64    162.927    159.886 -9.990e-29
    117.170  41.908589    13.6799    118.171       5786 7.6692e-02    130.546    3.00034 1.0000e-12     0.0002     0.0002     0.0767     1.3512     0.0023     0.0002  1026.9477    26.4250    117.274    5.83477    13.6631    35.2165    1504.64    162.899    159.859 -9.990e-29
    117.117  41.908639    13.6801    118.213       5787 7.6613e-02    130.537    3.00015 1.0000e-12     0.0002     0.0002     0.0766     1.3511     0.0023     0.0003  1026.9477    26.4249    117.316    5.83475    13.6633    35.2164    1504.64    162.916    159.874 -9.990e-29
    117.024  41.908745    13.6803    118.067       5788 7.6603e-02    130.523    2.99982 1.0000e-12     0.0002     0.0002     0.0766     1.3511     0.0023     0.0003  1026.9470    26.4248    117.171    5.83473    13.6635    35.2163    1504.64    162.917    159.880 -9.990e-29
    116.893  41.908891    13.6803    117.900       5789 7.6771e-02    130.500    2.99929 1.0000e-12     0.0002     0.0002     0.0768     1.3510     0.0022     0.0004  1026.9464    26.4250    117.005    5.83472    13.6635    35.2166    1504.64    162.898    159.865 -9.990e-29
    116.733  41.909081    13.6804    117.712       5790 7.6787e-02    130.470    2.99861 1.0000e-12     0.0002     0.0002     0.0768     1.3509     0.0022     0.0004  1026.9457    26.4251    116.819    5.83471    13.6637    35.2167    1504.64    162.882    159.855 0.0000e+00
    116.552  41.909359    13.6807    117.504       5791 7.6639e-02    130.443    2.99799 1.0000e-12     0.0002     0.0003     0.0766     1.3508     0.0021     0.0003  1026.9448    26.4250    116.612    5.83467    13.6640    35.2168    1504.64    162.877    159.855 0.0000e+00
    116.357  41.909768    13.6810    117.253       5792 7.6557e-02    130.431    2.99771 1.0000e-12     0.0002     0.0003     0.0766     1.3508     0.0021     0.0003  1026.9437    26.4251    116.363    5.83462    13.6643    35.2170    1504.63    162.861    159.845 0.0000e+00
    116.161  41.910333    13.6817    117.003       5793 7.7054e-02    130.442    2.99795 1.0000e-12     0.0002     0.0003     0.0771     1.3509     0.0021     0.0002  1026.9425    26.4250    116.115    5.83454    13.6651    35.2170    1504.63    162.868    159.860 0.0000e+00
    115.972  41.911061    13.6825    116.815       5794 7.8058e-02    130.463    2.99845 1.0000e-12     0.0003     0.0003     0.0781     1.3510     0.0021     0.0002  1026.9415    26.4248    115.929    5.83444    13.6659    35.2170    1504.63    162.877    159.874 0.0000e+00
    115.799  41.911937    13.6834    116.585       5795 7.8388e-02    130.484    2.99892 1.0000e-12     0.0003     0.0003     0.0784     1.3511     0.0020     0.0003  1026.9404    26.4247    115.700    5.83433    13.6668    35.2171    1504.63    162.882    159.885 0.0000e+00
    115.646  41.912964    13.6844    116.439       5796 7.8146e-02    130.499    2.99926 1.0000e-12     0.0002     0.0003     0.0782     1.3511     0.0020     0.0003  1026.9396    26.4246    115.556    5.83421    13.6678    35.2172    1504.63    162.890    159.897 0.0000e+00
    115.514  41.914186    13.6853    116.335       5797 7.7951e-02    130.506    2.99943 1.0000e-12     0.0002     0.0002     0.0780     1.3510     0.0020     0.0003  1026.9392    26.4247    115.452    5.83409    13.6688    35.2176    1504.63    162.879    159.888 0.0000e+00
