inst/extdata/S285_ctd/S285-012-HC.cnv
* Sea-Bird SBE19plus Data File:
* FileName = C:\Data\CTD\Hex\S285-012-HC.hex
* Software Version 1.25
* Temperature SN =  7706
* Conductivity SN =  7706
* System UpLoad Time = Apr 07 2019 02:30:10
** StationS285-012-HC
** UTC (Time)09:47
** Latitude:43 11.0'S
** Longitude:176 21.1'W
** Bottom Depth [m]481
** Chief ScientistBen Harden
** General Locale
** Carousel - SN:7706
** Voltage Channels:	Instrument Name:	Instrument SN:
** Voltage 0	Free	x
** Voltage 1	Free	x
** Voltage 2		SCF3735
** Voltage 3		3329
** Voltage 4	Seapoint Chl-a	70623
** Voltage 5	Dissolved O2	X
** 
# nquan = 25                                
# nvalues = 8210                        
# units = specified
# name 0 = depSM: Depth [salt water, m]
# name 1 = c0mS/cm: Conductivity [mS/cm]
# name 2 = tv290C: Temperature [ITS-90, deg C]
# name 3 = prdM: Pressure, Strain Gauge [db]
# name 4 = scan: Scan Count
# name 5 = flSP: Fluorescence, Seapoint
# name 6 = sbeox0Mm/Kg: Oxygen, SBE 43 [umol/Kg]
# name 7 = sbeox0ML/L: Oxygen, SBE 43 [ml/l]
# name 8 = par: PAR/Irradiance, Biospherical/Licor
# name 9 = v0: Voltage 0
# name 10 = v1: Voltage 1
# name 11 = v2: Voltage 2
# name 12 = v3: Voltage 3
# name 13 = v4: Voltage 4
# name 14 = v5: Voltage 5
# name 15 = density00: Density [density, Kg/m^3]
# name 16 = sigma-é00: Density [sigma-theta, Kg/m^3]
# name 17 = depSM: Depth [salt water, m], lat = -36
# name 18 = oxsatML/L: Oxygen Saturation [ml/l]
# name 19 = potemp090C: Potential Temperature [ITS-90, deg C]
# name 20 = sal00: Salinity [PSU]
# name 21 = svCM: Sound Velocity [Chen-Millero, m/s]
# name 22 = sva: Specific Volume Anomaly [10^-8 * m^3/Kg]
# name 23 = tsa: Thermosteric Anomaly [10^-8 * m^3/Kg]
# name 24 = flag: flag
# span 0 =     -0.095,    385.872       
# span 1 =   0.009968,  45.169547       
# span 2 =     9.6108,    17.0678       
# span 3 =     -0.144,    389.244       
# span 4 =          1,       8210       
# span 5 = 4.6228e-02, 1.3136e+00       
# span 6 =    128.715,    276.513       
# span 7 =    2.95618,    6.34754       
# span 8 = 1.0000e-12, 1.5601e-01       
# span 9 =     0.0000,     0.0005       
# span 10 =     0.0000,     0.0005      
# span 11 =     0.0462,     1.3136      
# span 12 =     1.2941,     2.3289      
# span 13 =     0.0019,     1.0301      
# span 14 =     0.0001,     0.0006      
# span 15 =   999.1039,  1028.5262      
# span 16 =    -0.8957,    26.7756      
# span 17 =     -0.143,    386.036      
# span 18 =    5.45471,    7.05608      
# span 19 =     9.5665,    17.0654      
# span 20 =     0.0114,    35.1719      
# span 21 =    1465.75,    1513.87      
# span 22 =    134.647,   2823.452      
# span 23 =    126.960,   2823.655      
# span 24 = 0.0000e+00, 0.0000e+00      
# interval = seconds: 0.25                        
# start_time = Apr 06 2019 02:44:43
# bad_flag = -9.990e-29
*END*
[from data line 1798]
      6.770  45.150531    17.0619      6.905       1799 8.9310e-01    167.676    3.85071 1.0000e-12     0.0001     0.0002     0.8931     1.6782     0.0023     0.0003  1025.6556    25.6254      6.854    5.45535    17.0608    35.1636    1513.32    235.526    235.511 -9.990e-29
      6.819  45.150586    17.0621      6.946       1800 9.0205e-01    167.291    3.84187 1.0000e-12     0.0001     0.0002     0.9020     1.6776     0.0023     0.0003  1025.6556    25.6252      6.895    5.45533    17.0610    35.1635    1513.32    235.543    235.526 -9.990e-29
      6.851  45.150610    17.0622      6.946       1801 9.1357e-01    166.876    3.83233 1.0000e-12     0.0001     0.0002     0.9136     1.6770     0.0023     0.0004  1025.6555    25.6252      6.895    5.45532    17.0611    35.1634    1513.32    235.550    235.533 -9.990e-29
      6.868  45.150530    17.0622      6.988       1802 9.3322e-01    166.424    3.82195 1.0000e-12     0.0001     0.0003     0.9332     1.6759     0.0022     0.0004  1025.6556    25.6251      6.937    5.45533    17.0610    35.1633    1513.32    235.557    235.539 -9.990e-29
      6.871  45.150300    17.0619      6.967       1803 9.4846e-01    165.981    3.81178 1.0000e-12     0.0001     0.0003     0.9484     1.6743     0.0022     0.0003  1025.6557    25.6252      6.916    5.45535    17.0608    35.1634    1513.32    235.545    235.527 -9.990e-29
      6.861  45.149935    17.0613      6.967       1804 9.4282e-01    165.574    3.80243 1.0000e-12     0.0002     0.0003     0.9428     1.6724     0.0022     0.0003  1025.6560    25.6255      6.916    5.45541    17.0602    35.1636    1513.32    235.516    235.499 -9.990e-29
      6.842  45.149502    17.0607      6.883       1805 9.2717e-01    165.214    3.79418 1.0000e-12     0.0002     0.0003     0.9271     1.6706     0.0022     0.0003  1025.6559    25.6258      6.833    5.45547    17.0596    35.1638    1513.31    235.487    235.472 -9.990e-29
      6.821  45.149092    17.0600      6.863       1806 9.1537e-01    164.973    3.78863 1.0000e-12     0.0002     0.0003     0.9153     1.6694     0.0022     0.0003  1025.6561    25.6262      6.813    5.45553    17.0589    35.1641    1513.31    235.451    235.437 -9.990e-29
      6.806  45.148763    17.0594      6.800       1807 9.0606e-01    164.981    3.78882 1.0000e-12     0.0001     0.0003     0.9060     1.6695     0.0023     0.0003  1025.6562    25.6265      6.750    5.45559    17.0583    35.1643    1513.31    235.416    235.404 -9.990e-29
      6.805  45.148572    17.0590      6.737       1808 8.9303e-01    165.297    3.79609 1.0000e-12     0.0001     0.0003     0.8930     1.6709     0.0023     0.0002  1025.6562    25.6268      6.688    5.45562    17.0579    35.1645    1513.31    235.390    235.380 -9.990e-29
      6.825  45.148588    17.0592      6.821       1809 8.7564e-01    165.816    3.80800 1.0000e-12     0.0001     0.0003     0.8756     1.6729     0.0023     0.0001  1025.6564    25.6266      6.771    5.45561    17.0581    35.1643    1513.31    235.412    235.399 -9.990e-29
      6.867  45.148817    17.0596      6.800       1810 8.5770e-01    166.381    3.82098 1.0000e-12     0.0002     0.0003     0.8577     1.6746     0.0024     0.0001  1025.6561    25.6264      6.750    5.45557    17.0585    35.1642    1513.31    235.430    235.418 -9.990e-29
      6.929  45.149217    17.0603      6.946       1811 8.4421e-01    166.943    3.83389 1.0000e-12     0.0002     0.0003     0.8442     1.6761     0.0024     0.0002  1025.6563    25.6260      6.895    5.45551    17.0592    35.1639    1513.31    235.474    235.457 -9.990e-29
      7.004  45.149708    17.0608      7.030       1812 8.4290e-01    167.549    3.84780 1.0000e-12     0.0002     0.0003     0.8429     1.6780     0.0023     0.0002  1025.6565    25.6258      6.979    5.45546    17.0596    35.1638    1513.32    235.491    235.472 -9.990e-29
      7.085  45.150177    17.0613      7.134       1813 8.5253e-01    168.184    3.86238 1.0000e-12     0.0001     0.0002     0.8525     1.6803     0.0023     0.0002  1025.6568    25.6257      7.082    5.45541    17.0601    35.1638    1513.32    235.511    235.488 -9.990e-29
      7.164  45.150565    17.0619      7.280       1814 8.6559e-01    168.704    3.87433 1.0000e-12     0.0001     0.0002     0.8656     1.6824     0.0023     0.0002  1025.6571    25.6253      7.227    5.45535    17.0607    35.1635    1513.32    235.547    235.519 -9.990e-29
      7.232  45.150872    17.0620      7.343       1815 8.7697e-01    169.015    3.88146 1.0000e-12     0.0002     0.0003     0.8770     1.6839     0.0023     0.0002  1025.6575    25.6254      7.289    5.45534    17.0608    35.1637    1513.32    235.540    235.510 -9.990e-29
      7.284  45.151096    17.0623      7.405       1816 8.8327e-01    169.150    3.88458 1.0000e-12     0.0002     0.0003     0.8833     1.6850     0.0023     0.0002  1025.6576    25.6253      7.351    5.45531    17.0611    35.1636    1513.33    235.555    235.524 -9.990e-29
      7.317  45.151236    17.0624      7.489       1817 8.8575e-01    169.158    3.88476 1.0000e-12     0.0002     0.0002     0.8858     1.6855     0.0022     0.0001  1025.6580    25.6253      7.434    5.45530    17.0612    35.1636    1513.33    235.560    235.526 -9.990e-29
      7.326  45.151307    17.0622      7.468       1818 8.8628e-01    169.032    3.88186 1.0000e-12     0.0002     0.0002     0.8863     1.6855     0.0022     0.0001  1025.6581    25.6255      7.413    5.45531    17.0610    35.1638    1513.33    235.537    235.503 -9.990e-29
      7.312  45.151326    17.0623      7.447       1819 8.8553e-01    168.805    3.87664 1.0000e-12     0.0002     0.0002     0.8855     1.6852     0.0021     0.0002  1025.6580    25.6254      7.392    5.45530    17.0611    35.1638    1513.33    235.543    235.510 -9.990e-29
      7.279  45.151299    17.0624      7.384       1820 8.8395e-01    168.613    3.87224 1.0000e-12     0.0001     0.0002     0.8840     1.6854     0.0022     0.0002  1025.6576    25.6253      7.330    5.45529    17.0612    35.1637    1513.33    235.549    235.519 -9.990e-29
      7.233  45.151219    17.0625      7.322       1821 8.8295e-01    168.622    3.87244 1.0000e-12     0.0001     0.0002     0.8830     1.6865     0.0022     0.0002  1025.6572    25.6252      7.268    5.45529    17.0613    35.1636    1513.33    235.559    235.531 -9.990e-29
      7.178  45.151064    17.0623      7.238       1822 8.8487e-01    168.863    3.87798 1.0000e-12     0.0001     0.0002     0.8849     1.6885     0.0022     0.0002  1025.6569    25.6253      7.185    5.45531    17.0611    35.1636    1513.32    235.547    235.521 -9.990e-29
      7.122  45.150834    17.0620      7.154       1823 8.9062e-01    169.173    3.88508 1.0000e-12     0.0001     0.0003     0.8906     1.6903     0.0022     0.0001  1025.6567    25.6255      7.102    5.45533    17.0608    35.1637    1513.32    235.531    235.507 -9.990e-29
      7.071  45.150572    17.0619      7.071       1824 8.9923e-01    169.365    3.88950 1.0000e-12     0.0001     0.0003     0.8992     1.6910     0.0022     0.0001  1025.6563    25.6254      7.019    5.45535    17.0607    35.1636    1513.32    235.534    235.513 -9.990e-29
      7.031  45.150312    17.0615      7.029       1825 9.0770e-01    169.377    3.88978 1.0000e-12     0.0001     0.0003     0.9077     1.6908     0.0021     0.0001  1025.6563    25.6256      6.978    5.45539    17.0603    35.1638    1513.32    235.513    235.494 -9.990e-29
      7.003  45.150065    17.0613      7.029       1826 9.2225e-01    169.240    3.88665 1.0000e-12     0.0001     0.0002     0.9222     1.6899     0.0021     0.0002  1025.6563    25.6256      6.978    5.45541    17.0601    35.1637    1513.32    235.512    235.492 -9.990e-29
      6.983  45.149870    17.0611      7.008       1827 9.3740e-01    168.992    3.88093 1.0000e-12     0.0001     0.0002     0.9374     1.6889     0.0022     0.0002  1025.6563    25.6257      6.957    5.45543    17.0599    35.1637    1513.32    235.505    235.487 -9.990e-29
      6.968  45.149777    17.0611      7.028       1828 9.3401e-01    168.643    3.87292 1.0000e-12     0.0001     0.0002     0.9340     1.6879     0.0022     0.0002  1025.6563    25.6256      6.977    5.45543    17.0599    35.1636    1513.32    235.513    235.493 -9.990e-29
      6.952  45.149763    17.0611      7.028       1829 9.2201e-01    168.254    3.86398 1.0000e-12     0.0001     0.0002     0.9220     1.6870     0.0023     0.0002  1025.6563    25.6256      6.977    5.45543    17.0599    35.1636    1513.32    235.513    235.494 -9.990e-29
      6.927  45.149741    17.0611      7.049       1830 9.1597e-01    167.912    3.85614 1.0000e-12     0.0001     0.0002     0.9160     1.6863     0.0023     0.0002  1025.6563    25.6256      6.997    5.45543    17.0599    35.1636    1513.32    235.516    235.496 -9.990e-29
      6.886  45.149667    17.0611      7.028       1831 9.1234e-01    167.666    3.85048 1.0000e-12     0.0001     0.0002     0.9123     1.6857     0.0023     0.0002  1025.6562    25.6255      6.977    5.45544    17.0599    35.1635    1513.32    235.520    235.500 -9.990e-29
      6.823  45.149538    17.0610      6.986       1832 9.0989e-01    167.504    3.84676 1.0000e-12     0.0002     0.0002     0.9099     1.6850     0.0022     0.0003  1025.6560    25.6255      6.935    5.45545    17.0598    35.1635    1513.32    235.517    235.499 -9.990e-29
      6.737  45.149357    17.0610      6.840       1833 9.0887e-01    167.341    3.84301 1.0000e-12     0.0002     0.0003     0.9088     1.6840     0.0022     0.0003  1025.6553    25.6255      6.790    5.45545    17.0599    35.1634    1513.31    235.519    235.506 -9.990e-29
      6.635  45.149110    17.0610      6.736       1834 9.0639e-01    167.063    3.83664 1.0000e-12     0.0002     0.0003     0.9064     1.6822     0.0022     0.0003  1025.6547    25.6253      6.687    5.45546    17.0599    35.1633    1513.31    235.529    235.519 -9.990e-29
      6.522  45.148917    17.0610      6.569       1835 9.0150e-01    166.643    3.82697 1.0000e-12     0.0001     0.0003     0.9015     1.6799     0.0022     0.0003  1025.6539    25.6252      6.521    5.45546    17.0599    35.1632    1513.31    235.531    235.526 -9.990e-29
      6.408  45.148898    17.0609      6.423       1836 8.9596e-01    166.139    3.81541 1.0000e-12     0.0001     0.0003     0.8959     1.6773     0.0023     0.0003  1025.6534    25.6253      6.376    5.45547    17.0598    35.1633    1513.31    235.515    235.515 -9.990e-29
      6.305  45.148909    17.0606      6.256       1837 8.8921e-01    165.634    3.80382 1.0000e-12     0.0001     0.0003     0.8892     1.6750     0.0023     0.0003  1025.6530    25.6257      6.210    5.45549    17.0596    35.1636    1513.30    235.478    235.483 -9.990e-29
      6.223  45.148826    17.0606      6.131       1838 8.7488e-01    165.241    3.79478 1.0000e-12     0.0001     0.0003     0.8749     1.6733     0.0023     0.0003  1025.6524    25.6256      6.086    5.45549    17.0596    35.1636    1513.30    235.476    235.485 -9.990e-29
      6.175  45.148749    17.0602      6.069       1839 8.5154e-01    165.122    3.79206 1.0000e-12     0.0001     0.0003     0.8515     1.6729     0.0023     0.0003  1025.6525    25.6260      6.025    5.45552    17.0592    35.1639    1513.30    235.443    235.454 -9.990e-29
      6.165  45.148825    17.0603      6.027       1840 8.2796e-01    165.484    3.80037 1.0000e-12     0.0001     0.0003     0.8280     1.6746     0.0023     0.0003  1025.6523    25.6259      5.983    5.45551    17.0593    35.1639    1513.30    235.444    235.456 -9.990e-29
      6.198  45.149073    17.0607      6.069       1841 8.0767e-01    166.536    3.82453 1.0000e-12     0.0001     0.0003     0.8077     1.6792     0.0024     0.0003  1025.6522    25.6257      6.025    5.45547    17.0597    35.1637    1513.30    235.465    235.476 -9.990e-29
      6.275  45.149394    17.0611      6.152       1842 7.9221e-01    168.240    3.86367 1.0000e-12     0.0001     0.0003     0.7922     1.6862     0.0024     0.0003  1025.6524    25.6256      6.107    5.45543    17.0601    35.1636    1513.30    235.484    235.493 -9.990e-29
      6.390  45.149664    17.0613      6.319       1843 7.8748e-01    170.127    3.90700 1.0000e-12     0.0001     0.0004     0.7875     1.6932     0.0023     0.0002  1025.6531    25.6255      6.273    5.45541    17.0603    35.1636    1513.31    235.495    235.498 -9.990e-29
      6.536  45.149835    17.0613      6.506       1844 7.9466e-01    171.630    3.94151 1.0000e-12     0.0001     0.0004     0.7947     1.6979     0.0023     0.0002  1025.6540    25.6256      6.458    5.45541    17.0602    35.1637    1513.31    235.495    235.492 -9.990e-29
      6.700  45.149955    17.0612      6.736       1845 8.0998e-01    172.454    3.96045 1.0000e-12     0.0002     0.0004     0.8100     1.6996     0.0023     0.0003  1025.6551    25.6257      6.687    5.45542    17.0601    35.1638    1513.31    235.492    235.482 -9.990e-29
      6.869  45.150080    17.0613      6.945       1846 8.2913e-01    172.549    3.96262 1.0000e-12     0.0002     0.0004     0.8291     1.6989     0.0023     0.0003  1025.6560    25.6256      6.894    5.45541    17.0602    35.1638    1513.32    235.506    235.489 -9.990e-29
      7.030  45.150219    17.0615      7.153       1847 8.5036e-01    171.978    3.94952 1.0000e-12     0.0003     0.0004     0.8504     1.6966     0.0023     0.0003  1025.6567    25.6255      7.101    5.45539    17.0603    35.1636    1513.32    235.527    235.503 -9.990e-29
      7.177  45.150347    17.0615      7.299       1848 8.7340e-01    170.900    3.92476 1.0000e-12     0.0003     0.0004     0.8734     1.6935     0.0023     0.0002  1025.6574    25.6255      7.246    5.45539    17.0603    35.1637    1513.32    235.527    235.499 -9.990e-29
      7.303  45.150439    17.0617      7.487       1849 8.9306e-01    169.542    3.89358 1.0000e-12     0.0002     0.0004     0.8931     1.6902     0.0023     0.0002  1025.6581    25.6254      7.432    5.45537    17.0605    35.1635    1513.33    235.550    235.516 -9.990e-29
      7.403  45.150500    17.0619      7.549       1850 9.0736e-01    168.167    3.86200 1.0000e-12     0.0002     0.0004     0.9074     1.6872     0.0023     0.0002  1025.6582    25.6252      7.494    5.45536    17.0607    35.1634    1513.33    235.567    235.531 -9.990e-29
      7.475  45.150507    17.0617      7.653       1851 9.1929e-01    167.005    3.83531 1.0000e-12     0.0002     0.0003     0.9193     1.6845     0.0023     0.0002  1025.6588    25.6254      7.597    5.45537    17.0604    35.1635    1513.33    235.556    235.516 -9.990e-29
      7.520  45.150399    17.0616      7.674       1852 9.2904e-01    166.130    3.81522 1.0000e-12     0.0002     0.0003     0.9290     1.6819     0.0023     0.0001  1025.6589    25.6254      7.618    5.45538    17.0603    35.1635    1513.33    235.555    235.515 -9.990e-29
      7.541  45.150164    17.0613      7.674       1853 9.3796e-01    165.479    3.80026 1.0000e-12     0.0002     0.0003     0.9380     1.6791     0.0022     0.0001  1025.6590    25.6255      7.618    5.45541    17.0600    35.1635    1513.33    235.544    235.504 -9.990e-29
      7.542  45.149862    17.0611      7.674       1854 9.4323e-01    164.968    3.78852 1.0000e-12     0.0001     0.0003     0.9433     1.6762     0.0022     0.0001  1025.6590    25.6255      7.618    5.45544    17.0598    35.1635    1513.33    235.546    235.506 -9.990e-29
      7.524  45.149574    17.0609      7.653       1855 9.3961e-01    164.518    3.77819 1.0000e-12     0.0001     0.0003     0.9396     1.6732     0.0022     0.0002  1025.6589    25.6255      7.597    5.45546    17.0596    35.1634    1513.33    235.546    235.507 -9.990e-29
