inst/extdata/S285_ctd/S285-007-HC.ros
* Sea-Bird SBE19plus Data File:
* FileName = C:\Data\CTD\Hex\S285-007-HC.hex
* Software Version 1.25
* Temperature SN =  7706
* Conductivity SN =  7706
* System UpLoad Time = Apr 04 2019 13:27:13
** StationS285-007-HC
** UTC (Time)04/04/19  10:35
** Latitude:43 55.1 S
** Longitude:179 13.2 E
** Bottom Depth [m]540
** Chief ScientistBen Harden 
** General Locale-
** Carousel - SN:7706
** Voltage Channels:	Instrument Name:	Instrument SN:
** Voltage 0	Free	x
** Voltage 1	Free	x
** Voltage 2	Seapoint Chl-a	SCF3735
** Voltage 3	Dissolved O2	3329
** Voltage 4	Par	70623
** Voltage 5	Free	X
** 
# nquan = 17
# nvalues = 108                     
# units = specified
# name 0 = depSM: Depth [salt water, m]
# name 1 = c0mS/cm: Conductivity [mS/cm]
# name 2 = tv290C: Temperature [ITS-90, deg C]
# name 3 = prdM: Pressure, Strain Gauge [db]
# name 4 = scan: Scan Count
# name 5 = flSP: Fluorescence, Seapoint
# name 6 = sbeox0Mm/Kg: Oxygen, SBE 43 [umol/Kg]
# name 7 = sbeox0ML/L: Oxygen, SBE 43 [ml/l]
# name 8 = par: PAR/Irradiance, Biospherical/Licor
# name 9 = v0: Voltage 0
# name 10 = v1: Voltage 1
# name 11 = v2: Voltage 2
# name 12 = v3: Voltage 3
# name 13 = v4: Voltage 4
# name 14 = v5: Voltage 5
# name 15 = nbf: number of bottles fired
# name 16 = flag:  0.000e+00
# interval = seconds: 0.25                        
# start_time = Apr 03 2019 14:33:02
*END*
[from data line 86]
     25.143  42.584010    15.2262     25.329       7544 7.9431e-01    156.373    3.59079 3.7086e+01     0.0002     0.0000     0.7943     1.5538     2.6240     0.0002         10  0.000e+00
     25.246  42.584275    15.2275     25.434       7545 7.9240e-01    156.382    3.59100 3.6734e+01     0.0006     0.0003     0.7924     1.5541     2.6200     0.0004         10  0.000e+00
     25.350  42.584275    15.2282     25.538       7546 7.7226e-01    156.451    3.59258 3.6365e+01     0.0003     0.0000     0.7723     1.5546     2.6157     0.0003         10  0.000e+00
     25.391  42.584011    15.2285     25.580       7547 1.0777e+00    156.778    3.60008 3.6078e+01     0.0000     0.0002     1.0777     1.5563     2.6123     0.0005         10  0.000e+00
      2.777  42.581935    15.2404      2.798       8326 7.5135e-01    223.417    5.13028 2.4929e+02     0.0002     0.0003     0.7514     1.9802     3.4426     0.0001         11  0.000e+00
      2.612  42.582199    15.2403      2.631       8327 6.6323e-01    224.223    5.14879 2.7034e+02     0.0002     0.0003     0.6632     1.9852     3.4777     0.0002         11  0.000e+00
      2.488  42.582462    15.2404      2.506       8328 5.4810e-01    225.422    5.17632 2.7950e+02     0.0004     0.0006     0.5481     1.9924     3.4921     0.0003         11  0.000e+00
      2.405  42.582660    15.2405      2.423       8329 6.1669e-01    227.627    5.22695 2.8598e+02     0.0000     0.0002     0.6167     2.0037     3.5020     0.0003         11  0.000e+00
      2.322  42.583056    15.2406      2.339       8330 8.2132e-01    229.658    5.27359 2.8133e+02     0.0000     0.0000     0.8213     2.0129     3.4949     0.0007         11  0.000e+00
      2.218  42.583650    15.2409      2.235       8331 5.5734e-01    232.284    5.33390 2.7891e+02     0.0000     0.0002     0.5573     2.0269     3.4912     0.0005         11  0.000e+00
      2.136  42.583319    15.2414      2.151       8332 5.8045e-01    232.704    5.34353 2.8297e+02     0.0001     0.0003     0.5805     2.0298     3.4974     0.0003         11  0.000e+00
      2.094  42.583055    15.2417      2.110       8333 6.8864e-01    234.696    5.38928 2.8342e+02     0.0002     0.0003     0.6886     2.0389     3.4981     0.0003         11  0.000e+00
      2.094  42.582791    15.2419      2.110       8334 7.9828e-01    236.186    5.42348 2.8227e+02     0.0003     0.0000     0.7983     2.0464     3.4964     0.0004         11  0.000e+00
      2.177  42.582791    15.2415      2.193       8336 6.3302e-01    232.810    5.34597 2.5860e+02     0.0000     0.0002     0.6330     2.0375     3.4585     0.0000         12  0.000e+00
      2.239  42.583056    15.2414      2.255       8337 5.8366e-01    235.194    5.40072 2.6241e+02     0.0002     0.0000     0.5837     2.0562     3.4648     0.0007         12  0.000e+00
      2.301  42.583320    15.2416      2.318       8338 5.3658e-01    236.213    5.42411 2.6413e+02     0.0002     0.0003     0.5366     2.0639     3.4676     0.0003         12  0.000e+00
      2.301  42.583848    15.2417      2.318       8339 8.1483e-01    238.149    5.46857 2.7015e+02     0.0005     0.0002     0.8148     2.0752     3.4774     0.0004         12  0.000e+00
      2.384  42.583651    15.2420      2.402       8340 6.0212e-01    240.401    5.52027 2.7671e+02     0.0001     0.0003     0.6021     2.0850     3.4878     0.0002         12  0.000e+00
      2.342  42.583320    15.2420      2.360       8341 5.5489e-01    240.752    5.52833 2.7413e+02     0.0000     0.0000     0.5549     2.0855     3.4837     0.0002         12  0.000e+00
      2.322  42.582461    15.2419      2.339       8342 5.7412e-01    238.057    5.46645 2.6497e+02     0.0005     0.0002     0.5741     2.0710     3.4690     0.0002         12  0.000e+00
      2.301  42.582197    15.2415      2.318       8343 5.8251e-01    246.462    5.65946 2.6417e+02     0.0003     0.0001     0.5825     2.1157     3.4677     0.0000         12  0.000e+00
      2.239  42.581933    15.2409      2.255       8344 5.2979e-01    250.535    5.75299 2.5851e+02     0.0004     0.0001     0.5298     2.1357     3.4583     0.0003         12  0.000e+00
