inst/extdata/S285_ctd/S285-007-HC.cnv
* Sea-Bird SBE19plus Data File:
* FileName = C:\Data\CTD\Hex\S285-007-HC.hex
* Software Version 1.25
* Temperature SN =  7706
* Conductivity SN =  7706
* System UpLoad Time = Apr 04 2019 13:27:13
** StationS285-007-HC
** UTC (Time)04/04/19  10:35
** Latitude:43 55.1 S
** Longitude:179 13.2 E
** Bottom Depth [m]540
** Chief ScientistBen Harden 
** General Locale-
** Carousel - SN:7706
** Voltage Channels:	Instrument Name:	Instrument SN:
** Voltage 0	Free	x
** Voltage 1	Free	x
** Voltage 2	Seapoint Chl-a	SCF3735
** Voltage 3	Dissolved O2	3329
** Voltage 4	Par	70623
** Voltage 5	Free	X
** 
# nquan = 25                                
# nvalues = 9161                        
# units = specified
# name 0 = depSM: Depth [salt water, m]
# name 1 = c0mS/cm: Conductivity [mS/cm]
# name 2 = tv290C: Temperature [ITS-90, deg C]
# name 3 = prdM: Pressure, Strain Gauge [db]
# name 4 = scan: Scan Count
# name 5 = flSP: Fluorescence, Seapoint
# name 6 = sbeox0Mm/Kg: Oxygen, SBE 43 [umol/Kg]
# name 7 = sbeox0ML/L: Oxygen, SBE 43 [ml/l]
# name 8 = par: PAR/Irradiance, Biospherical/Licor
# name 9 = v0: Voltage 0
# name 10 = v1: Voltage 1
# name 11 = v2: Voltage 2
# name 12 = v3: Voltage 3
# name 13 = v4: Voltage 4
# name 14 = v5: Voltage 5
# name 15 = density00: Density [density, Kg/m^3]
# name 16 = sigma-é00: Density [sigma-theta, Kg/m^3]
# name 17 = depSM: Depth [salt water, m], lat = -36
# name 18 = oxsatML/L: Oxygen Saturation [ml/l]
# name 19 = potemp090C: Potential Temperature [ITS-90, deg C]
# name 20 = sal00: Salinity [PSU]
# name 21 = svCM: Sound Velocity [Chen-Millero, m/s]
# name 22 = sva: Specific Volume Anomaly [10^-8 * m^3/Kg]
# name 23 = tsa: Thermosteric Anomaly [10^-8 * m^3/Kg]
# name 24 = flag: flag
# span 0 =     -0.037,    490.640       
# span 1 =   0.011888,  42.593788       
# span 2 =     7.5247,    15.2469       
# span 3 =     -0.072,    495.004       
# span 4 =          1,       9161       
# span 5 = 1.2236e-02, 2.7550e+00       
# span 6 =    145.241,    362.840       
# span 7 =    3.33341,    8.33183       
# span 8 = 1.0000e-12, 1.0048e+03       
# span 9 =     0.0000,     0.0005       
# span 10 =     0.0000,     0.0005      
# span 11 =     0.0122,     2.7550      
# span 12 =     1.3798,     2.6234      
# span 13 =     0.0020,     4.0468      
# span 14 =     0.0000,     0.0007      
# span 15 =   999.3213,  1029.1361      
# span 16 =    -0.6785,    26.8882      
# span 17 =     -0.071,    490.800      
# span 18 =    5.67766,    7.28883      
# span 19 =     7.4760,    15.2457      
# span 20 =     0.0119,    34.7039      
# span 21 =    1460.47,    1507.32      
# span 22 =    123.722,   2801.692      
# span 23 =    116.245,   2801.896      
# span 24 = 0.0000e+00, 0.0000e+00      
# interval = seconds: 0.25                        
# start_time = Apr 03 2019 14:33:02
# bad_flag = -9.990e-29
*END*
[from data line 8232]
      7.668  42.586278    15.2424      7.722       8233 6.9493e-01    188.787    4.33508 1.1696e+02     0.0002     0.0003     0.6949     1.7786     3.1152     0.0003  1025.5522    25.5182      7.665    5.67819    15.2412    34.4803    1506.96    245.719    245.702 -9.990e-29
      7.580  42.586286    15.2425      7.638       8234 6.9711e-01    189.521    4.35193 1.1916e+02     0.0002     0.0003     0.6971     1.7807     3.1231     0.0003  1025.5518    25.5181      7.582    5.67818    15.2413    34.4803    1506.96    245.723    245.707 -9.990e-29
      7.494  42.586274    15.2426      7.534       8235 7.0828e-01    190.377    4.37158 1.2166e+02     0.0002     0.0003     0.7083     1.7832     3.1320     0.0004  1025.5513    25.5181      7.479    5.67817    15.2415    34.4802    1506.96    245.726    245.714 -9.990e-29
      7.409  42.586215    15.2424      7.471       8236 7.2043e-01    191.271    4.39212 1.2440e+02     0.0002     0.0003     0.7204     1.7860     3.1416     0.0004  1025.5511    25.5182      7.416    5.67819    15.2413    34.4804    1506.96    245.709    245.698 -9.990e-29
      7.321  42.586130    15.2423      7.409       8237 7.3187e-01    192.137    4.41200 1.2726e+02     0.0002     0.0003     0.7319     1.7888     3.1514     0.0004  1025.5509    25.5183      7.355    5.67820    15.2412    34.4804    1506.96    245.703    245.694 -9.990e-29
      7.229  42.586036    15.2424      7.284       8238 7.3780e-01    192.831    4.42794 1.3005e+02     0.0001     0.0002     0.7378     1.7910     3.1608     0.0004  1025.5502    25.5182      7.231    5.67819    15.2413    34.4803    1506.95    245.710    245.705 -9.990e-29
      7.135  42.585948    15.2424      7.179       8239 7.3839e-01    193.214    4.43673 1.3269e+02     0.0001     0.0002     0.7384     1.7922     3.1695     0.0004  1025.5497    25.5181      7.126    5.67819    15.2413    34.4802    1506.95    245.710    245.708 -9.990e-29
      7.042  42.585859    15.2421      7.096       8240 7.3386e-01    193.299    4.43868 1.3520e+02     0.0001     0.0002     0.7338     1.7926     3.1777     0.0004  1025.5496    25.5184      7.044    5.67822    15.2410    34.4805    1506.95    245.685    245.685 -9.990e-29
      6.949  42.585751    15.2421      7.012       8241 7.2511e-01    193.253    4.43762 1.3749e+02     0.0001     0.0001     0.7251     1.7931     3.1850     0.0004  1025.5492    25.5183      6.961    5.67822    15.2410    34.4804    1506.95    245.688    245.690 -9.990e-29
      6.857  42.585617    15.2419      6.866       8242 7.1604e-01    193.236    4.43724 1.3945e+02     0.0001     0.0001     0.7161     1.7943     3.1912     0.0004  1025.5487    25.5184      6.816    5.67824    15.2409    34.4805    1506.95    245.671    245.678 -9.990e-29
      6.773  42.585474    15.2419      6.762       8243 7.1167e-01    193.302    4.43875 1.4096e+02     0.0001     0.0001     0.7117     1.7959     3.1959     0.0003  1025.5481    25.5184      6.712    5.67824    15.2409    34.4804    1506.94    245.674    245.684 -9.990e-29
      6.704  42.585360    15.2416      6.678       8244 7.1781e-01    193.432    4.44174 1.4191e+02     0.0001     0.0001     0.7178     1.7976     3.1989     0.0003  1025.5480    25.5186      6.629    5.67827    15.2406    34.4806    1506.94    245.651    245.664 -9.990e-29
      6.652  42.585304    15.2417      6.637       8245 7.2887e-01    193.602    4.44565 1.4230e+02     0.0001     0.0001     0.7289     1.7991     3.2001     0.0003  1025.5477    25.5185      6.588    5.67826    15.2407    34.4805    1506.94    245.661    245.675 -9.990e-29
      6.619  42.585315    15.2416      6.574       8246 7.3602e-01    193.837    4.45104 1.4237e+02     0.0002     0.0001     0.7360     1.8005     3.2004     0.0003  1025.5475    25.5186      6.526    5.67827    15.2406    34.4806    1506.94    245.648    245.663 -9.990e-29
      6.608  42.585394    15.2416      6.553       8247 7.5273e-01    194.169    4.45867 1.4238e+02     0.0002     0.0002     0.7528     1.8021     3.2004     0.0003  1025.5475    25.5186      6.505    5.67827    15.2406    34.4807    1506.94    245.642    245.658 -9.990e-29
      6.621  42.585525    15.2419      6.574       8248 8.0026e-01    194.531    4.46698 1.4234e+02     0.0002     0.0002     0.8003     1.8037     3.2003     0.0003  1025.5474    25.5184      6.526    5.67824    15.2409    34.4805    1506.94    245.660    245.675 -9.990e-29
      6.661  42.585662    15.2420      6.574       8249 8.9228e-01    194.800    4.47315 1.4205e+02     0.0002     0.0002     0.8923     1.8051     3.1994     0.0002  1025.5474    25.5184      6.526    5.67823    15.2410    34.4806    1506.94    245.660    245.675 -9.990e-29
      6.731  42.585802    15.2420      6.678       8250 9.6806e-01    194.995    4.47763 1.4127e+02     0.0002     0.0002     0.9681     1.8064     3.1969     0.0002  1025.5479    25.5185      6.629    5.67822    15.2410    34.4807    1506.94    245.656    245.668 -9.990e-29
      6.825  42.585965    15.2421      6.803       8251 9.4555e-01    195.304    4.48473 1.3989e+02     0.0002     0.0002     0.9456     1.8085     3.1925     0.0002  1025.5485    25.5185      6.753    5.67821    15.2411    34.4807    1506.95    245.661    245.670 -9.990e-29
      6.938  42.586159    15.2423      6.949       8252 8.7659e-01    195.880    4.49795 1.3788e+02     0.0001     0.0002     0.8766     1.8117     3.1861     0.0002  1025.5490    25.5184      6.898    5.67819    15.2412    34.4806    1506.95    245.674    245.678 -9.990e-29
      7.062  42.586396    15.2426      7.075       8253 8.2775e-01    196.647    4.51556 1.3529e+02     0.0001     0.0002     0.8277     1.8156     3.1778     0.0003  1025.5494    25.5183      7.023    5.67816    15.2415    34.4805    1506.95    245.691    245.692 -9.990e-29
      7.194  42.586660    15.2429      7.241       8254 7.8978e-01    197.360    4.53194 1.3227e+02     0.0001     0.0002     0.7898     1.8189     3.1679     0.0003  1025.5500    25.5182      7.188    5.67813    15.2418    34.4804    1506.96    245.709    245.705 -9.990e-29
      7.327  42.586907    15.2431      7.408       8255 7.5600e-01    197.836    4.54287 1.2901e+02     0.0002     0.0002     0.7560     1.8210     3.1571     0.0003  1025.5507    25.5181      7.354    5.67811    15.2420    34.4804    1506.96    245.719    245.711 -9.990e-29
      7.453  42.587105    15.2435      7.575       8256 7.3415e-01    198.035    4.54742 1.2574e+02     0.0002     0.0003     0.7341     1.8219     3.1460     0.0003  1025.5512    25.5178      7.520    5.67807    15.2424    34.4802    1506.96    245.750    245.737 -9.990e-29
      7.564  42.587233    15.2435      7.700       8257 7.2723e-01    197.970    4.54594 1.2265e+02     0.0002     0.0003     0.7272     1.8220     3.1353     0.0003  1025.5518    25.5179      7.644    5.67807    15.2423    34.4802    1506.96    245.749    245.732 -9.990e-29
      7.656  42.587288    15.2434      7.804       8258 7.3418e-01    197.592    4.53726 1.1986e+02     0.0002     0.0003     0.7342     1.8211     3.1255     0.0003  1025.5524    25.5180      7.747    5.67808    15.2422    34.4803    1506.97    245.743    245.723 -9.990e-29
      7.726  42.587304    15.2434      7.867       8259 7.5672e-01    196.824    4.51963 1.1734e+02     0.0002     0.0002     0.7567     1.8190     3.1164     0.0003  1025.5526    25.5180      7.809    5.67808    15.2422    34.4803    1506.97    245.745    245.723 -9.990e-29
      7.775  42.587301    15.2433      7.909       8260 7.8100e-01    195.763    4.49526 1.1517e+02     0.0002     0.0002     0.7810     1.8161     3.1085     0.0003  1025.5529    25.5181      7.851    5.67809    15.2421    34.4804    1506.97    245.739    245.716 -9.990e-29
      7.805  42.587261    15.2436      7.930       8261 7.9601e-01    194.667    4.47010 1.1362e+02     0.0002     0.0002     0.7960     1.8132     3.1027     0.0004  1025.5527    25.5178      7.872    5.67806    15.2424    34.4801    1506.97    245.769    245.745 -9.990e-29
      7.816  42.587175    15.2433      7.971       8262 8.2444e-01    193.779    4.44971 1.1290e+02     0.0001     0.0002     0.8244     1.8110     3.1001     0.0004  1025.5531    25.5180      7.913    5.67809    15.2421    34.4802    1506.97    245.751    245.726 -9.990e-29
      7.808  42.587049    15.2433      7.909       8263 8.8032e-01    193.188    4.43614 1.1308e+02     0.0001     0.0002     0.8803     1.8095     3.1008     0.0004  1025.5527    25.5179      7.851    5.67809    15.2421    34.4802    1506.97    245.756    245.733 -9.990e-29
      7.781  42.586864    15.2430      7.950       8264 9.1160e-01    192.862    4.42865 1.1405e+02     0.0002     0.0002     0.9116     1.8086     3.1045     0.0004  1025.5530    25.5180      7.892    5.67813    15.2418    34.4802    1506.97    245.745    245.721 -9.990e-29
      7.733  42.586591    15.2427      7.867       8265 8.7847e-01    192.781    4.42679 1.1560e+02     0.0002     0.0002     0.8785     1.8081     3.1102     0.0004  1025.5528    25.5181      7.809    5.67816    15.2415    34.4803    1506.96    245.733    245.711 -9.990e-29
      7.664  42.586260    15.2422      7.784       8266 8.3730e-01    192.916    4.42989 1.1749e+02     0.0003     0.0002     0.8373     1.8080     3.1172     0.0004  1025.5526    25.5184      7.727    5.67821    15.2410    34.4805    1506.96    245.707    245.688 -9.990e-29
      7.580  42.585959    15.2419      7.700       8267 8.3859e-01    193.182    4.43600 1.1952e+02     0.0003     0.0002     0.8386     1.8080     3.1245     0.0004  1025.5523    25.5184      7.644    5.67824    15.2407    34.4805    1506.96    245.697    245.679 -9.990e-29
      7.481  42.585739    15.2416      7.575       8268 8.8060e-01    193.504    4.44338 1.2155e+02     0.0002     0.0003     0.8806     1.8081     3.1318     0.0004  1025.5519    25.5186      7.520    5.67827    15.2405    34.4806    1506.96    245.678    245.665 -9.990e-29
      7.370  42.585595    15.2414      7.471       8269 9.1883e-01    193.859    4.45153 1.2358e+02     0.0002     0.0003     0.9189     1.8086     3.1389     0.0004  1025.5516    25.5187      7.416    5.67829    15.2403    34.4807    1506.95    245.665    245.654 -9.990e-29
      7.249  42.585545    15.2415      7.325       8270 8.9465e-01    194.266    4.46089 1.2572e+02     0.0002     0.0003     0.8947     1.8096     3.1462     0.0003  1025.5509    25.5186      7.271    5.67828    15.2404    34.4806    1506.95    245.668    245.662 -9.990e-29
      7.121  42.585581    15.2416      7.199       8271 8.2703e-01    194.742    4.47181 1.2804e+02     0.0002     0.0003     0.8271     1.8112     3.1540     0.0003  1025.5503    25.5186      7.146    5.67827    15.2405    34.4806    1506.95    245.667    245.664 -9.990e-29
      6.987  42.585620    15.2419      7.074       8272 7.7023e-01    195.234    4.48312 1.3058e+02     0.0002     0.0003     0.7703     1.8129     3.1624     0.0003  1025.5495    25.5184      7.022    5.67824    15.2408    34.4804    1506.95    245.683    245.684 -9.990e-29
      6.845  42.585650    15.2419      6.907       8273 7.4378e-01    195.674    4.49324 1.3334e+02     0.0002     0.0002     0.7438     1.8145     3.1714     0.0004  1025.5489    25.5184      6.856    5.67824    15.2409    34.4805    1506.95    245.671    245.677 -9.990e-29
      6.702  42.585698    15.2422      6.720       8274 7.3340e-01    196.085    4.50267 1.3638e+02     0.0002     0.0002     0.7334     1.8160     3.1811     0.0004  1025.5478    25.5183      6.671    5.67821    15.2412    34.4804    1506.94    245.683    245.694 -9.990e-29
      6.566  42.585724    15.2423      6.553       8275 7.2056e-01    196.494    4.51206 1.3978e+02     0.0002     0.0002     0.7206     1.8177     3.1917     0.0004  1025.5471    25.5182      6.505    5.67820    15.2413    34.4804    1506.94    245.680    245.696 -9.990e-29
      6.442  42.585700    15.2424      6.449       8276 7.1075e-01    196.801    4.51910 1.4345e+02     0.0002     0.0002     0.7108     1.8190     3.2028     0.0004  1025.5466    25.5182      6.402    5.67819    15.2414    34.4803    1506.94    245.684    245.703 -9.990e-29
      6.331  42.585618    15.2423      6.303       8277 7.0599e-01    196.875    4.52080 1.4708e+02     0.0002     0.0002     0.7060     1.8194     3.2137     0.0004  1025.5460    25.5182      6.257    5.67820    15.2413    34.4804    1506.94    245.672    245.695 -9.990e-29
      6.234  42.585476    15.2423      6.261       8278 6.9850e-01    196.725    4.51736 1.5043e+02     0.0002     0.0002     0.6985     1.8191     3.2235     0.0004  1025.5457    25.5181      6.215    5.67820    15.2414    34.4803    1506.94    245.679    245.704 -9.990e-29
      6.146  42.585288    15.2421      6.156       8279 6.9213e-01    196.457    4.51119 1.5341e+02     0.0002     0.0002     0.6921     1.8187     3.2321     0.0003  1025.5453    25.5182      6.111    5.67822    15.2412    34.4803    1506.93    245.669    245.696 0.0000e+00
      6.064  42.585079    15.2419      6.094       8280 6.9502e-01    196.198    4.50525 1.5588e+02     0.0002     0.0003     0.6950     1.8184     3.2391     0.0003  1025.5451    25.5183      6.049    5.67825    15.2410    34.4803    1506.93    245.662    245.691 0.0000e+00
      5.989  42.584872    15.2416      5.990       8281 7.0359e-01    196.058    4.50203 1.5766e+02     0.0002     0.0003     0.7036     1.8188     3.2441     0.0002  1025.5448    25.5184      5.946    5.67828    15.2407    34.4804    1506.93    245.644    245.676 0.0000e+00
      5.920  42.584670    15.2414      5.969       8282 7.0385e-01    196.078    4.50251 1.5848e+02     0.0002     0.0003     0.7039     1.8197     3.2464     0.0002  1025.5447    25.5185      5.925    5.67830    15.2405    34.4804    1506.93    245.639    245.671 0.0000e+00
      5.854  42.584477    15.2414      5.885       8283 6.9390e-01    196.331    4.50831 1.5826e+02     0.0002     0.0003     0.6939     1.8215     3.2459     0.0002  1025.5443    25.5184      5.842    5.67830    15.2405    34.4803    1506.93    245.647    245.682 0.0000e+00
      5.789  42.584319    15.2411      5.823       8284 6.8678e-01    196.952    4.52255 1.5714e+02     0.0003     0.0003     0.6868     1.8245     3.2428     0.0002  1025.5442    25.5185      5.780    5.67833    15.2402    34.4805    1506.93    245.628    245.665 0.0000e+00
      5.729  42.584213    15.2409      5.739       8285 6.8917e-01    197.966    4.54585 1.5531e+02     0.0003     0.0003     0.6891     1.8288     3.2377     0.0002  1025.5439    25.5187      5.697    5.67835    15.2400    34.4806    1506.92    245.613    245.652 0.0000e+00
      5.674  42.584165    15.2408      5.698       8286 6.9900e-01    199.168    4.57345 1.5309e+02     0.0002     0.0002     0.6990     1.8335     3.2315     0.0002  1025.5438    25.5187      5.656    5.67836    15.2399    34.4806    1506.92    245.605    245.646 0.0000e+00
      5.624  42.584198    15.2411      5.656       8287 7.1213e-01    200.230    4.59785 1.5100e+02     0.0002     0.0002     0.7121     1.8373     3.2256     0.0002  1025.5434    25.5185      5.615    5.67834    15.2402    34.4804    1506.92    245.626    245.668 0.0000e+00
      5.579  42.584281    15.2417      5.593       8288 7.2812e-01    201.000    4.61551 1.4961e+02     0.0002     0.0003     0.7281     1.8399     3.2217     0.0002  1025.5427    25.5180      5.552    5.67828    15.2409    34.4800    1506.92    245.669    245.712 0.0000e+00
      5.538  42.584286    15.2418      5.572       8289 7.5080e-01    201.540    4.62793 1.4920e+02     0.0002     0.0003     0.7508     1.8421     3.2205     0.0003  1025.5425    25.5179      5.531    5.67827    15.2410    34.4799    1506.92    245.676    245.720 0.0000e+00
