inst/extdata/S285_ctd/S285-007-HC.cnv
* Sea-Bird SBE19plus Data File:
* FileName = C:\Data\CTD\Hex\S285-007-HC.hex
* Software Version 1.25
* Temperature SN =  7706
* Conductivity SN =  7706
* System UpLoad Time = Apr 04 2019 13:27:13
** StationS285-007-HC
** UTC (Time)04/04/19  10:35
** Latitude:43 55.1 S
** Longitude:179 13.2 E
** Bottom Depth [m]540
** Chief ScientistBen Harden 
** General Locale-
** Carousel - SN:7706
** Voltage Channels:	Instrument Name:	Instrument SN:
** Voltage 0	Free	x
** Voltage 1	Free	x
** Voltage 2	Seapoint Chl-a	SCF3735
** Voltage 3	Dissolved O2	3329
** Voltage 4	Par	70623
** Voltage 5	Free	X
** 
# nquan = 25                                
# nvalues = 9161                        
# units = specified
# name 0 = depSM: Depth [salt water, m]
# name 1 = c0mS/cm: Conductivity [mS/cm]
# name 2 = tv290C: Temperature [ITS-90, deg C]
# name 3 = prdM: Pressure, Strain Gauge [db]
# name 4 = scan: Scan Count
# name 5 = flSP: Fluorescence, Seapoint
# name 6 = sbeox0Mm/Kg: Oxygen, SBE 43 [umol/Kg]
# name 7 = sbeox0ML/L: Oxygen, SBE 43 [ml/l]
# name 8 = par: PAR/Irradiance, Biospherical/Licor
# name 9 = v0: Voltage 0
# name 10 = v1: Voltage 1
# name 11 = v2: Voltage 2
# name 12 = v3: Voltage 3
# name 13 = v4: Voltage 4
# name 14 = v5: Voltage 5
# name 15 = density00: Density [density, Kg/m^3]
# name 16 = sigma-é00: Density [sigma-theta, Kg/m^3]
# name 17 = depSM: Depth [salt water, m], lat = -36
# name 18 = oxsatML/L: Oxygen Saturation [ml/l]
# name 19 = potemp090C: Potential Temperature [ITS-90, deg C]
# name 20 = sal00: Salinity [PSU]
# name 21 = svCM: Sound Velocity [Chen-Millero, m/s]
# name 22 = sva: Specific Volume Anomaly [10^-8 * m^3/Kg]
# name 23 = tsa: Thermosteric Anomaly [10^-8 * m^3/Kg]
# name 24 = flag: flag
# span 0 =     -0.037,    490.640       
# span 1 =   0.011888,  42.593788       
# span 2 =     7.5247,    15.2469       
# span 3 =     -0.072,    495.004       
# span 4 =          1,       9161       
# span 5 = 1.2236e-02, 2.7550e+00       
# span 6 =    145.241,    362.840       
# span 7 =    3.33341,    8.33183       
# span 8 = 1.0000e-12, 1.0048e+03       
# span 9 =     0.0000,     0.0005       
# span 10 =     0.0000,     0.0005      
# span 11 =     0.0122,     2.7550      
# span 12 =     1.3798,     2.6234      
# span 13 =     0.0020,     4.0468      
# span 14 =     0.0000,     0.0007      
# span 15 =   999.3213,  1029.1361      
# span 16 =    -0.6785,    26.8882      
# span 17 =     -0.071,    490.800      
# span 18 =    5.67766,    7.28883      
# span 19 =     7.4760,    15.2457      
# span 20 =     0.0119,    34.7039      
# span 21 =    1460.47,    1507.32      
# span 22 =    123.722,   2801.692      
# span 23 =    116.245,   2801.896      
# span 24 = 0.0000e+00, 0.0000e+00      
# interval = seconds: 0.25                        
# start_time = Apr 03 2019 14:33:02
# bad_flag = -9.990e-29
*END*
[from data line 3421]
    317.072  35.913269     8.0678    319.640       3422 4.8646e-02    169.910    3.90665 1.0000e-12     0.0002     0.0003     0.0486     1.4366     0.0022     0.0004  1028.2936    26.8434    317.059    6.62032     8.0353    34.4587    1487.32    125.624    120.293 0.0000e+00
    317.421  35.912746     8.0671    320.037       3423 4.8801e-02    170.060    3.91010 1.0000e-12     0.0001     0.0002     0.0488     1.4371     0.0022     0.0004  1028.2955    26.8435    317.453    6.62042     8.0345    34.4586    1487.32    125.625    120.287 0.0000e+00
    317.765  35.912034     8.0663    320.393       3424 4.9133e-02    170.201    3.91334 1.0000e-12     0.0001     0.0001     0.0491     1.4375     0.0022     0.0004  1028.2971    26.8435    317.806    6.62055     8.0337    34.4585    1487.32    125.630    120.286 0.0000e+00
    318.097  35.911164     8.0652    320.748       3425 4.9423e-02    170.326    3.91620 1.0000e-12     0.0001     0.0001     0.0494     1.4378     0.0022     0.0003  1028.2989    26.8437    318.157    6.62072     8.0326    34.4585    1487.32    125.621    120.272 0.0000e+00
    318.415  35.910126     8.0635    321.082       3426 4.9460e-02    170.430    3.91860 1.0000e-12     0.0001     0.0001     0.0495     1.4381     0.0022     0.0003  1028.3010    26.8442    318.488    6.62096     8.0308    34.4589    1487.32    125.572    120.218 0.0000e+00
    318.716  35.909034     8.0619    321.375       3427 4.9361e-02    170.501    3.92022 1.0000e-12     0.0001     0.0001     0.0494     1.4383     0.0022     0.0003  1028.3028    26.8447    318.779    6.62119     8.0292    34.4591    1487.32    125.534    120.176 0.0000e+00
    319.000  35.908089     8.0606    321.668       3428 4.9372e-02    170.529    3.92088 1.0000e-12     0.0001     0.0001     0.0494     1.4385     0.0022     0.0003  1028.3044    26.8450    319.069    6.62138     8.0279    34.4593    1487.32    125.510    120.148 0.0000e+00
    319.268  35.907364     8.0595    321.919       3429 4.9442e-02    170.517    3.92060 1.0000e-12     0.0002     0.0001     0.0494     1.4386     0.0022     0.0003  1028.3059    26.8453    319.318    6.62154     8.0268    34.4594    1487.32    125.484    120.118 0.0000e+00
    319.521  35.906833     8.0589    322.211       3430 4.9227e-02    170.464    3.91939 1.0000e-12     0.0002     0.0001     0.0492     1.4386     0.0022     0.0003  1028.3072    26.8453    319.607    6.62163     8.0261    34.4593    1487.32    125.489    120.118 0.0000e+00
    319.754  35.906420     8.0586    322.441       3431 4.8773e-02    170.384    3.91754 1.0000e-12     0.0003     0.0000     0.0488     1.4386     0.0022     0.0003  1028.3081    26.8451    319.835    6.62169     8.0258    34.4591    1487.33    125.507    120.133 0.0000e+00
    319.968  35.906016     8.0581    322.630       3432 4.8401e-02    170.284    3.91525 1.0000e-12     0.0003     0.0000     0.0484     1.4384     0.0022     0.0003  1028.3090    26.8452    320.023    6.62177     8.0253    34.4590    1487.33    125.505    120.128 0.0000e+00
    320.166  35.905561     8.0573    322.839       3433 4.8160e-02    170.153    3.91224 1.0000e-12     0.0003     0.0001     0.0482     1.4382     0.0022     0.0003  1028.3102    26.8455    320.230    6.62188     8.0245    34.4592    1487.33    125.482    120.102 0.0000e+00
    320.351  35.905087     8.0568    323.006       3434 4.7938e-02    170.002    3.90877 1.0000e-12     0.0002     0.0001     0.0479     1.4379     0.0022     0.0003  1028.3110    26.8455    320.395    6.62196     8.0240    34.4591    1487.33    125.485    120.102 0.0000e+00
    320.521  35.904655     8.0562    323.215       3435 4.7723e-02    169.868    3.90569 1.0000e-12     0.0002     0.0002     0.0477     1.4376     0.0022     0.0003  1028.3120    26.8456    320.603    6.62205     8.0233    34.4592    1487.33    125.477    120.091 0.0000e+00
    320.675  35.904269     8.0557    323.340       3436 4.7502e-02    169.770    3.90345 1.0000e-12     0.0001     0.0002     0.0475     1.4375     0.0022     0.0003  1028.3127    26.8457    320.726    6.62212     8.0228    34.4592    1487.33    125.471    120.083 0.0000e+00
    320.813  35.903912     8.0551    323.487       3437 4.7284e-02    169.706    3.90198 1.0000e-12     0.0001     0.0002     0.0473     1.4373     0.0022     0.0004  1028.3136    26.8459    320.872    6.62221     8.0222    34.4593    1487.33    125.454    120.064 0.0000e+00
    320.936  35.903630     8.0548    323.633       3438 4.7254e-02    169.662    3.90095 1.0000e-12     0.0001     0.0003     0.0473     1.4372     0.0022     0.0004  1028.3142    26.8459    321.017    6.62225     8.0219    34.4593    1487.33    125.458    120.065 0.0000e+00
    321.043  35.903449     8.0545    323.696       3439 4.7404e-02    169.621    3.90001 1.0000e-12     0.0001     0.0003     0.0474     1.4370     0.0022     0.0004  1028.3146    26.8460    321.079    6.62230     8.0216    34.4593    1487.33    125.449    120.056 0.0000e+00
    321.139  35.903321     8.0545    323.779       3440 4.7575e-02    169.587    3.89922 1.0000e-12     0.0001     0.0003     0.0476     1.4368     0.0022     0.0004  1028.3149    26.8458    321.162    6.62230     8.0216    34.4591    1487.33    125.464    120.069 0.0000e+00
    321.226  35.903211     8.0543    323.904       3441 4.7860e-02    169.561    3.89863 1.0000e-12     0.0002     0.0003     0.0478     1.4365     0.0022     0.0005  1028.3155    26.8459    321.285    6.62233     8.0214    34.4592    1487.33    125.461    120.065 0.0000e+00
    321.298  35.903107     8.0543    324.009       3442 4.8269e-02    169.526    3.89783 1.0000e-12     0.0002     0.0003     0.0482     1.4363     0.0022     0.0005  1028.3158    26.8458    321.390    6.62234     8.0214    34.4590    1487.34    125.475    120.077 0.0000e+00
    321.347  35.902998     8.0541    324.093       3443 4.8762e-02    169.467    3.89647 1.0000e-12     0.0003     0.0003     0.0487     1.4360     0.0022     0.0006  1028.3163    26.8458    321.473    6.62237     8.0212    34.4590    1487.34    125.471    120.071 0.0000e+00
    321.367  35.902887     8.0540    324.114       3444 4.9278e-02    169.380    3.89448 1.0000e-12     0.0003     0.0003     0.0493     1.4357     0.0022     0.0006  1028.3163    26.8458    321.494    6.62239     8.0211    34.4590    1487.34    125.472    120.072 0.0000e+00
    321.358  35.902794     8.0538    324.072       3445 4.9679e-02    169.274    3.89203 1.0000e-12     0.0003     0.0003     0.0497     1.4353     0.0023     0.0005  1028.3163    26.8459    321.452    6.62241     8.0209    34.4591    1487.34    125.459    120.060 -9.990e-29
    321.325  35.902759     8.0537    324.009       3446 4.9957e-02    169.169    3.88961 1.0000e-12     0.0003     0.0002     0.0500     1.4350     0.0023     0.0005  1028.3161    26.8460    321.390    6.62242     8.0208    34.4592    1487.33    125.450    120.052 -9.990e-29
    321.274  35.902807     8.0539    323.947       3447 4.9955e-02    169.084    3.88765 1.0000e-12     0.0003     0.0002     0.0500     1.4347     0.0023     0.0004  1028.3157    26.8459    321.328    6.62240     8.0210    34.4591    1487.33    125.461    120.063 -9.990e-29
    321.211  35.902918     8.0543    323.863       3448 4.9618e-02    169.023    3.88626 1.0000e-12     0.0003     0.0002     0.0496     1.4344     0.0022     0.0004  1028.3151    26.8456    321.245    6.62235     8.0214    34.4589    1487.33    125.482    120.087 -9.990e-29
    321.140  35.903038     8.0546    323.759       3449 4.9156e-02    168.973    3.88512 1.0000e-12     0.0002     0.0002     0.0492     1.4342     0.0022     0.0003  1028.3144    26.8455    321.142    6.62231     8.0217    34.4588    1487.33    125.494    120.100 -9.990e-29
    321.070  35.903117     8.0546    323.633       3450 4.8684e-02    168.918    3.88386 1.0000e-12     0.0002     0.0001     0.0487     1.4339     0.0022     0.0003  1028.3140    26.8456    321.017    6.62230     8.0217    34.4589    1487.33    125.481    120.089 -9.990e-29
    321.013  35.903144     8.0547    323.529       3451 4.8265e-02    168.863    3.88258 1.0000e-12     0.0001     0.0001     0.0483     1.4336     0.0022     0.0003  1028.3135    26.8456    320.914    6.62229     8.0218    34.4589    1487.33    125.482    120.092 -9.990e-29
    320.978  35.903144     8.0546    323.487       3452 4.8047e-02    168.830    3.88184 1.0000e-12     0.0001     0.0001     0.0480     1.4334     0.0022     0.0004  1028.3134    26.8457    320.872    6.62230     8.0217    34.4590    1487.33    125.471    120.082 -9.990e-29
    320.972  35.903131     8.0549    323.424       3453 4.8068e-02    168.830    3.88182 1.0000e-12     0.0001     0.0001     0.0481     1.4332     0.0022     0.0004  1028.3128    26.8454    320.810    6.62226     8.0220    34.4587    1487.33    125.495    120.107 -9.990e-29
    321.004  35.903070     8.0549    323.445       3454 4.8201e-02    168.853    3.88236 1.0000e-12     0.0001     0.0001     0.0482     1.4332     0.0021     0.0003  1028.3129    26.8454    320.831    6.62227     8.0220    34.4586    1487.33    125.501    120.112 -9.990e-29
    321.080  35.902896     8.0549    323.508       3455 4.8320e-02    168.907    3.88360 1.0000e-12     0.0001     0.0002     0.0483     1.4332     0.0021     0.0003  1028.3130    26.8452    320.893    6.62227     8.0220    34.4584    1487.33    125.518    120.128 -9.990e-29
    321.202  35.902595     8.0545    323.613       3456 4.8313e-02    169.001    3.88575 1.0000e-12     0.0002     0.0002     0.0483     1.4333     0.0022     0.0002  1028.3136    26.8453    320.997    6.62233     8.0216    34.4585    1487.33    125.512    120.121 -9.990e-29
    321.372  35.902168     8.0541    323.822       3457 4.8169e-02    169.140    3.88896 1.0000e-12     0.0002     0.0002     0.0482     1.4336     0.0022     0.0002  1028.3144    26.8452    321.204    6.62240     8.0212    34.4583    1487.33    125.522    120.127 -9.990e-29
    321.586  35.901568     8.0538    324.052       3458 4.7996e-02    169.320    3.89308 1.0000e-12     0.0002     0.0002     0.0480     1.4339     0.0022     0.0002  1028.3152    26.8449    321.432    6.62247     8.0209    34.4578    1487.33    125.555    120.157 -9.990e-29
    321.838  35.900716     8.0532    324.323       3459 4.7931e-02    169.502    3.89726 1.0000e-12     0.0002     0.0002     0.0479     1.4342     0.0022     0.0002  1028.3161    26.8446    321.701    6.62258     8.0202    34.4574    1487.34    125.584    120.182 0.0000e+00
    322.124  35.899488     8.0523    324.637       3460 4.7978e-02    169.660    3.90091 1.0000e-12     0.0002     0.0002     0.0480     1.4345     0.0021     0.0002  1028.3173    26.8443    322.012    6.62274     8.0193    34.4568    1487.34    125.619    120.212 0.0000e+00
    322.437  35.897711     8.0516    324.992       3461 4.8011e-02    169.816    3.90450 1.0000e-12     0.0001     0.0002     0.0480     1.4348     0.0021     0.0002  1028.3179    26.8434    322.364    6.62290     8.0186    34.4554    1487.34    125.717    120.305 0.0000e+00
    322.769  35.895114     8.0486    325.369       3462 4.8000e-02    169.990    3.90848 1.0000e-12     0.0001     0.0002     0.0480     1.4353     0.0021     0.0002  1028.3201    26.8438    322.737    6.62335     8.0155    34.4554    1487.33    125.680    120.263 0.0000e+00
    323.109  35.891628     8.0436    325.745       3463 4.7940e-02    170.166    3.91252 1.0000e-12     0.0001     0.0002     0.0480     1.4358     0.0021     0.0003  1028.3233    26.8453    323.110    6.62407     8.0105    34.4564    1487.32    125.538    120.118 0.0000e+00
    323.450  35.887867     8.0385    326.100       3464 4.7820e-02    170.320    3.91606 1.0000e-12     0.0001     0.0002     0.0478     1.4362     0.0021     0.0003  1028.3264    26.8468    323.462    6.62480     8.0054    34.4572    1487.31    125.408    119.984 0.0000e+00
    323.785  35.884596     8.0348    326.498       3465 4.7742e-02    170.425    3.91846 1.0000e-12     0.0002     0.0001     0.0478     1.4365     0.0022     0.0003  1028.3287    26.8473    323.856    6.62536     8.0017    34.4572    1487.30    125.364    119.936 0.0000e+00
    324.108  35.882032     8.0320    326.790       3466 4.7781e-02    170.470    3.91952 1.0000e-12     0.0002     0.0001     0.0478     1.4367     0.0022     0.0003  1028.3304    26.8476    324.146    6.62579     7.9988    34.4571    1487.30    125.337    119.906 0.0000e+00
    324.419  35.880084     8.0300    327.104       3467 4.7815e-02    170.474    3.91960 1.0000e-12     0.0001     0.0001     0.0478     1.4367     0.0022     0.0003  1028.3319    26.8477    324.457    6.62611     7.9968    34.4568    1487.29    125.333    119.897 0.0000e+00
    324.720  35.878658     8.0286    327.417       3468 4.7803e-02    170.443    3.91891 1.0000e-12     0.0001     0.0002     0.0478     1.4368     0.0023     0.0003  1028.3333    26.8477    324.767    6.62633     7.9954    34.4565    1487.29    125.340    119.900 0.0000e+00
    325.012  35.877610     8.0276    327.668       3469 4.7854e-02    170.375    3.91735 1.0000e-12     0.0002     0.0002     0.0479     1.4368     0.0023     0.0003  1028.3344    26.8476    325.016    6.62649     7.9944    34.4562    1487.29    125.348    119.905 0.0000e+00
    325.301  35.876818     8.0265    327.961       3470 4.7944e-02    170.277    3.91508 1.0000e-12     0.0002     0.0002     0.0479     1.4367     0.0023     0.0004  1028.3360    26.8478    325.306    6.62666     7.9932    34.4563    1487.29    125.330    119.882 0.0000e+00
    325.586  35.876254     8.0258    328.275       3471 4.8006e-02    170.184    3.91296 1.0000e-12     0.0002     0.0002     0.0480     1.4367     0.0023     0.0004  1028.3375    26.8479    325.618    6.62676     7.9925    34.4563    1487.30    125.330    119.877 0.0000e+00
    325.864  35.875916     8.0253    328.588       3472 4.7962e-02    170.126    3.91162 1.0000e-12     0.0002     0.0002     0.0480     1.4367     0.0023     0.0004  1028.3390    26.8480    325.928    6.62684     7.9920    34.4562    1487.30    125.329    119.871 0.0000e+00
    326.128  35.875762     8.0250    328.839       3473 4.7839e-02    170.103    3.91109 1.0000e-12     0.0002     0.0001     0.0478     1.4368     0.0023     0.0005  1028.3402    26.8480    326.177    6.62688     7.9916    34.4563    1487.30    125.328    119.866 0.0000e+00
    326.379  35.875735     8.0248    329.090       3474 4.7899e-02    170.116    3.91139 1.0000e-12     0.0002     0.0001     0.0479     1.4369     0.0023     0.0004  1028.3414    26.8481    326.425    6.62691     7.9914    34.4563    1487.31    125.326    119.860 0.0000e+00
    326.614  35.875778     8.0248    329.404       3475 4.8291e-02    170.149    3.91215 1.0000e-12     0.0002     0.0002     0.0483     1.4370     0.0023     0.0004  1028.3427    26.8480    326.737    6.62692     7.9914    34.4562    1487.31    125.339    119.867 0.0000e+00
    326.822  35.875836     8.0248    329.634       3476 4.8779e-02    170.168    3.91260 1.0000e-12     0.0002     0.0002     0.0488     1.4370     0.0023     0.0004  1028.3437    26.8480    326.965    6.62692     7.9914    34.4562    1487.31    125.346    119.871 0.0000e+00
    326.996  35.875875     8.0248    329.801       3477 4.9239e-02    170.153    3.91226 1.0000e-12     0.0003     0.0002     0.0493     1.4368     0.0022     0.0004  1028.3444    26.8480    327.130    6.62692     7.9913    34.4561    1487.32    125.352    119.874 0.0000e+00
    327.136  35.875889     8.0247    329.947       3478 4.9615e-02    170.104    3.91114 1.0000e-12     0.0003     0.0002     0.0496     1.4366     0.0021     0.0004  1028.3452    26.8480    327.275    6.62693     7.9912    34.4562    1487.32    125.350    119.869 0.0000e+00
