inst/extdata/S285_ctd/S285-002-HC.cnv
* Sea-Bird SBE19plus Data File:
* FileName = Y:\CTD\Hex\S285-002-HC.hex
* Software Version 1.25
* Temperature SN =  7706
* Conductivity SN =  7706
* System UpLoad Time = Apr 02 2019 12:33:21
** StationS285-002-HC
** UTC (Time)21:36
** Latitude:43 33.03'S
** Longitude:174 37.03'E
** Bottom Depth [m]483
** Chief ScientistBen Harden 
** General Locale
# nquan = 25                                
# nvalues = 9029                        
# units = specified
# name 0 = depSM: Depth [salt water, m]
# name 1 = c0mS/cm: Conductivity [mS/cm]
# name 2 = tv290C: Temperature [ITS-90, deg C]
# name 3 = prdM: Pressure, Strain Gauge [db]
# name 4 = scan: Scan Count
# name 5 = flSP: Fluorescence, Seapoint
# name 6 = sbeox0Mm/Kg: Oxygen, SBE 43 [umol/Kg]
# name 7 = sbeox0ML/L: Oxygen, SBE 43 [ml/l]
# name 8 = par: PAR/Irradiance, Biospherical/Licor
# name 9 = v0: Voltage 0
# name 10 = v1: Voltage 1
# name 11 = v2: Voltage 2
# name 12 = v3: Voltage 3
# name 13 = v4: Voltage 4
# name 14 = v5: Voltage 5
# name 15 = density00: Density [density, Kg/m^3]
# name 16 = sigma-é00: Density [sigma-theta, Kg/m^3]
# name 17 = depSM: Depth [salt water, m], lat = -36
# name 18 = oxsatML/L: Oxygen Saturation [ml/l]
# name 19 = potemp090C: Potential Temperature [ITS-90, deg C]
# name 20 = sal00: Salinity [PSU]
# name 21 = svCM: Sound Velocity [Chen-Millero, m/s]
# name 22 = sva: Specific Volume Anomaly [10^-8 * m^3/Kg]
# name 23 = tsa: Thermosteric Anomaly [10^-8 * m^3/Kg]
# name 24 = flag: flag
# span 0 =     -0.088,    390.113       
# span 1 =   0.000935,  42.415519       
# span 2 =     8.5536,    14.9442       
# span 3 =     -0.133,    393.570       
# span 4 =          1,       9029       
# span 5 = 4.2167e-02, 4.8069e+00       
# span 6 =     76.859,    330.829       
# span 7 =    1.76618,    7.48592       
# span 8 = 1.0000e-12, 3.6122e+03       
# span 9 =     0.0000,     0.0004       
# span 10 =     0.0000,     0.0005      
# span 11 =     0.0422,     4.8069      
# span 12 =     1.0771,     2.3115      
# span 13 =     0.0019,     4.6018      
# span 14 =     0.0001,     0.0007      
# span 15 =   999.3141,  1028.5970      
# span 16 =    -0.6855,    26.8175      
# span 17 =     -0.132,    390.323      
# span 18 =    5.70859,    7.30020      
# span 19 =     8.5119,    14.9427      
# span 20 =     0.0070,    34.7218      
# span 21 =    1460.21,    1506.46      
# span 22 =    129.869,   2802.391      
# span 23 =    122.901,   2802.594      
# span 24 = 0.0000e+00, 0.0000e+00      
# interval = seconds: 0.25                        
# start_time = Apr 01 2019 14:33:10
# bad_flag = -9.990e-29
*END*
[from data line 4001]
    338.990  36.888486     8.9977    341.764       4002 5.3390e-02    153.793    3.53587 1.0000e-12     0.0002     0.0001     0.0534     1.3687     0.0022     0.0003  1028.3314    26.7887    338.986    6.47796     8.9605    34.5712    1491.29    131.921    125.587 0.0000e+00
    339.127  36.888028     8.9970    341.890       4003 5.2421e-02    153.819    3.53648 1.0000e-12     0.0002     0.0002     0.0524     1.3688     0.0022     0.0004  1028.3322    26.7889    339.111    6.47806     8.9598    34.5714    1491.29    131.902    125.566 0.0000e+00
    339.267  36.887702     8.9966    342.036       4004 5.1967e-02    153.855    3.53732 1.0000e-12     0.0003     0.0002     0.0520     1.3689     0.0021     0.0004  1028.3329    26.7890    339.256    6.47812     8.9593    34.5713    1491.29    131.900    125.561 0.0000e+00
    339.408  36.887545     8.9960    342.203       4005 5.1878e-02    153.889    3.53810 1.0000e-12     0.0003     0.0002     0.0519     1.3690     0.0021     0.0004  1028.3340    26.7893    339.422    6.47819     8.9587    34.5717    1491.29    131.869    125.527 0.0000e+00
    339.548  36.887602     8.9957    342.329       4006 5.1874e-02    153.920    3.53882 1.0000e-12     0.0002     0.0002     0.0519     1.3691     0.0022     0.0004  1028.3349    26.7896    339.546    6.47822     8.9584    34.5720    1491.29    131.845    125.501 0.0000e+00
    339.687  36.887918     8.9957    342.475       4007 5.1741e-02    153.939    3.53926 1.0000e-12     0.0002     0.0002     0.0518     1.3691     0.0023     0.0003  1028.3357    26.7898    339.691    6.47821     8.9584    34.5722    1491.29    131.828    125.481 0.0000e+00
    339.828  36.888539     8.9960    342.580       4008 5.1519e-02    153.941    3.53929 1.0000e-12     0.0002     0.0002     0.0515     1.3691     0.0023     0.0003  1028.3364    26.7900    339.795    6.47815     8.9587    34.5725    1491.30    131.812    125.463 0.0000e+00
    339.975  36.889459     8.9970    342.726       4009 5.1283e-02    153.937    3.53921 1.0000e-12     0.0002     0.0002     0.0513     1.3691     0.0022     0.0003  1028.3368    26.7898    339.940    6.47801     8.9597    34.5725    1491.30    131.836    125.484 0.0000e+00
    340.132  36.890505     8.9983    342.872       4010 5.1141e-02    153.937    3.53919 1.0000e-12     0.0002     0.0002     0.0511     1.3691     0.0022     0.0003  1028.3371    26.7894    340.085    6.47783     8.9609    34.5722    1491.31    131.877    125.521 0.0000e+00
    340.300  36.891412     8.9988    343.040       4011 5.1214e-02    153.939    3.53925 1.0000e-12     0.0001     0.0002     0.0512     1.3692     0.0022     0.0003  1028.3381    26.7896    340.251    6.47774     8.9614    34.5726    1491.32    131.859    125.500 0.0000e+00
    340.483  36.892072     8.9992    343.186       4012 5.1475e-02    153.955    3.53963 1.0000e-12     0.0001     0.0002     0.0515     1.3693     0.0023     0.0003  1028.3388    26.7897    340.396    6.47768     8.9618    34.5729    1491.32    131.851    125.489 0.0000e+00
    340.679  36.892556     8.9994    343.479       4013 5.1786e-02    153.987    3.54035 1.0000e-12     0.0001     0.0002     0.0518     1.3694     0.0023     0.0002  1028.3403    26.7899    340.686    6.47764     8.9620    34.5730    1491.33    131.847    125.479 0.0000e+00
    340.879  36.892960     8.9996    343.667       4014 5.2143e-02    154.019    3.54109 1.0000e-12     0.0001     0.0001     0.0522     1.3695     0.0023     0.0002  1028.3412    26.7899    340.872    6.47761     8.9622    34.5732    1491.33    131.843    125.471 0.0000e+00
    341.078  36.893338     8.9999    343.918       4015 5.2687e-02    154.052    3.54184 1.0000e-12     0.0002     0.0001     0.0527     1.3696     0.0023     0.0003  1028.3423    26.7899    341.121    6.47756     8.9624    34.5732    1491.33    131.854    125.477 0.0000e+00
    341.268  36.893646     8.9999    344.127       4016 5.3339e-02    154.082    3.54254 1.0000e-12     0.0002     0.0001     0.0533     1.3697     0.0023     0.0003  1028.3434    26.7901    341.328    6.47755     8.9624    34.5734    1491.34    131.841    125.460 0.0000e+00
    341.442  36.893807     8.9997    344.336       4017 5.3611e-02    154.089    3.54269 1.0000e-12     0.0002     0.0002     0.0536     1.3697     0.0023     0.0003  1028.3446    26.7903    341.535    6.47757     8.9622    34.5737    1491.34    131.822    125.437 0.0000e+00
    341.596  36.893869     8.9995    344.482       4018 5.3257e-02    154.062    3.54208 1.0000e-12     0.0002     0.0002     0.0533     1.3697     0.0022     0.0003  1028.3454    26.7905    341.680    6.47759     8.9620    34.5738    1491.34    131.808    125.420 0.0000e+00
    341.727  36.893917     8.9996    344.629       4019 5.2877e-02    154.013    3.54095 1.0000e-12     0.0002     0.0003     0.0529     1.3695     0.0023     0.0003  1028.3460    26.7904    341.826    6.47758     8.9620    34.5737    1491.35    131.821    125.430 0.0000e+00
    341.835  36.893966     8.9995    344.712       4020 5.2856e-02    153.956    3.53966 1.0000e-12     0.0002     0.0003     0.0529     1.3694     0.0023     0.0003  1028.3464    26.7905    341.908    6.47759     8.9619    34.5738    1491.35    131.812    125.420 0.0000e+00
    341.926  36.894010     8.9996    344.775       4021 5.2829e-02    153.908    3.53854 1.0000e-12     0.0002     0.0002     0.0528     1.3694     0.0023     0.0002  1028.3467    26.7904    341.971    6.47758     8.9620    34.5738    1491.35    131.821    125.428 0.0000e+00
    342.007  36.894063     8.9998    344.817       4022 5.2532e-02    153.874    3.53777 1.0000e-12     0.0002     0.0002     0.0525     1.3693     0.0024     0.0001  1028.3467    26.7903    342.012    6.47756     8.9622    34.5736    1491.35    131.837    125.442 0.0000e+00
    342.083  36.894101     8.9997    344.900       4023 5.2211e-02    153.858    3.53740 1.0000e-12     0.0003     0.0002     0.0522     1.3693     0.0024     0.0001  1028.3472    26.7904    342.094    6.47757     8.9621    34.5737    1491.35    131.829    125.434 0.0000e+00
    342.160  36.894059     8.9998    344.921       4024 5.2089e-02    153.856    3.53734 1.0000e-12     0.0003     0.0002     0.0521     1.3693     0.0023     0.0002  1028.3471    26.7902    342.115    6.47756     8.9622    34.5735    1491.35    131.843    125.446 0.0000e+00
    342.247  36.893908     8.9996    344.984       4025 5.2165e-02    153.873    3.53774 1.0000e-12     0.0002     0.0002     0.0522     1.3693     0.0023     0.0002  1028.3474    26.7903    342.178    6.47759     8.9620    34.5736    1491.35    131.840    125.443 0.0000e+00
    342.347  36.893668     8.9995    345.110       4026 5.2328e-02    153.924    3.53891 1.0000e-12     0.0002     0.0002     0.0523     1.3694     0.0023     0.0003  1028.3479    26.7901    342.303    6.47761     8.9619    34.5733    1491.35    131.856    125.457 0.0000e+00
    342.460  36.893343     8.9994    345.235       4027 5.2300e-02    153.998    3.54061 1.0000e-12     0.0002     0.0002     0.0523     1.3696     0.0023     0.0003  1028.3482    26.7899    342.426    6.47764     8.9618    34.5730    1491.35    131.879    125.478 0.0000e+00
    342.582  36.892899     8.9988    345.340       4028 5.1915e-02    154.079    3.54246 1.0000e-12     0.0002     0.0002     0.0519     1.3698     0.0023     0.0004  1028.3488    26.7901    342.530    6.47772     8.9612    34.5731    1491.35    131.867    125.463 0.0000e+00
    342.718  36.892265     8.9977    345.465       4029 5.1377e-02    154.150    3.54411 1.0000e-12     0.0002     0.0003     0.0514     1.3699     0.0023     0.0004  1028.3499    26.7905    342.654    6.47787     8.9601    34.5735    1491.35    131.826    125.421 0.0000e+00
    342.865  36.891497     8.9966    345.653       4030 5.1203e-02    154.199    3.54522 1.0000e-12     0.0002     0.0003     0.0512     1.3700     0.0023     0.0004  1028.3510    26.7908    342.841    6.47802     8.9589    34.5736    1491.35    131.799    125.391 0.0000e+00
    343.024  36.890777     8.9957    345.779       4031 5.1474e-02    154.227    3.54586 1.0000e-12     0.0001     0.0003     0.0515     1.3701     0.0023     0.0004  1028.3518    26.7910    342.966    6.47815     8.9580    34.5737    1491.35    131.783    125.373 0.0000e+00
    343.195  36.890178     8.9950    345.946       4032 5.1743e-02    154.246    3.54631 1.0000e-12     0.0001     0.0003     0.0517     1.3701     0.0023     0.0004  1028.3526    26.7911    343.131    6.47825     8.9573    34.5737    1491.35    131.777    125.364 0.0000e+00
    343.382  36.889666     8.9945    346.134       4033 5.1824e-02    154.260    3.54664 1.0000e-12     0.0002     0.0003     0.0518     1.3702     0.0022     0.0004  1028.3535    26.7911    343.317    6.47833     8.9568    34.5735    1491.35    131.782    125.366 0.0000e+00
    343.584  36.889194     8.9940    346.343       4034 5.1828e-02    154.260    3.54664 1.0000e-12     0.0002     0.0002     0.0518     1.3702     0.0022     0.0004  1028.3544    26.7911    343.524    6.47841     8.9563    34.5734    1491.35    131.786    125.367 0.0000e+00
    343.802  36.888744     8.9933    346.553       4035 5.1808e-02    154.248    3.54637 1.0000e-12     0.0001     0.0002     0.0518     1.3702     0.0023     0.0004  1028.3556    26.7913    343.733    6.47850     8.9555    34.5735    1491.35    131.771    125.348 0.0000e+00
    344.036  36.888321     8.9928    346.804       4036 5.1717e-02    154.251    3.54643 1.0000e-12     0.0001     0.0002     0.0517     1.3703     0.0023     0.0004  1028.3567    26.7913    343.981    6.47858     8.9550    34.5735    1491.36    131.773    125.346 0.0000e+00
    344.282  36.887882     8.9924    347.096       4037 5.1629e-02    154.275    3.54697 1.0000e-12     0.0002     0.0002     0.0516     1.3704     0.0022     0.0004  1028.3580    26.7912    344.271    6.47865     8.9546    34.5733    1491.36    131.787    125.355 0.0000e+00
    344.535  36.887393     8.9921    347.326       4038 5.1698e-02    154.309    3.54776 1.0000e-12     0.0002     0.0002     0.0517     1.3705     0.0022     0.0004  1028.3588    26.7910    344.499    6.47870     8.9543    34.5729    1491.36    131.811    125.374 0.0000e+00
    344.790  36.886860     8.9915    347.682       4039 5.1830e-02    154.348    3.54867 1.0000e-12     0.0002     0.0001     0.0518     1.3707     0.0021     0.0003  1028.3604    26.7910    344.851    6.47880     8.9536    34.5728    1491.37    131.819    125.376 0.0000e+00
    345.034  36.886234     8.9909    347.954       4040 5.1978e-02    154.385    3.54952 1.0000e-12     0.0003     0.0001     0.0520     1.3708     0.0021     0.0003  1028.3616    26.7910    345.121    6.47889     8.9530    34.5726    1491.37    131.829    125.381 0.0000e+00
    345.257  36.885417     8.9899    348.184       4041 5.2118e-02    154.413    3.55016 1.0000e-12     0.0003     0.0001     0.0521     1.3709     0.0021     0.0002  1028.3628    26.7911    345.349    6.47904     8.9520    34.5726    1491.37    131.817    125.365 0.0000e+00
    345.455  36.884398     8.9885    348.414       4042 5.2137e-02    154.426    3.55045 1.0000e-12     0.0002     0.0001     0.0521     1.3709     0.0021     0.0002  1028.3642    26.7915    345.577    6.47923     8.9506    34.5728    1491.37    131.785    125.330 0.0000e+00
    345.623  36.883276     8.9873    348.623       4043 5.2057e-02    154.408    3.55003 1.0000e-12     0.0002     0.0002     0.0520     1.3708     0.0022     0.0002  1028.3653    26.7916    345.784    6.47941     8.9493    34.5727    1491.37    131.778    125.320 0.0000e+00
    345.755  36.882154     8.9862    348.727       4044 5.1851e-02    154.351    3.54873 1.0000e-12     0.0002     0.0002     0.0518     1.3707     0.0022     0.0002  1028.3658    26.7917    345.887    6.47958     8.9482    34.5725    1491.36    131.774    125.314 0.0000e+00
    345.851  36.881060     8.9850    348.832       4045 5.1738e-02    154.275    3.54698 1.0000e-12     0.0002     0.0002     0.0517     1.3705     0.0022     0.0002  1028.3664    26.7918    345.991    6.47975     8.9470    34.5725    1491.36    131.759    125.298 0.0000e+00
    345.914  36.879998     8.9832    348.874       4046 5.1826e-02    154.202    3.54531 1.0000e-12     0.0002     0.0002     0.0518     1.3703     0.0022     0.0002  1028.3674    26.7926    346.033    6.47999     8.9452    34.5731    1491.35    131.686    125.225 0.0000e+00
    345.949  36.879125     8.9822    348.874       4047 5.1869e-02    154.142    3.54394 1.0000e-12     0.0002     0.0002     0.0519     1.3702     0.0022     0.0003  1028.3676    26.7928    346.033    6.48013     8.9442    34.5732    1491.35    131.666    125.206 -9.990e-29
    345.962  36.878648     8.9826    348.853       4048 5.1915e-02    154.104    3.54306 1.0000e-12     0.0002     0.0002     0.0519     1.3702     0.0023     0.0003  1028.3668    26.7921    346.012    6.48011     8.9446    34.5723    1491.35    131.736    125.277 -9.990e-29
    345.966  36.878391     8.9827    348.790       4049 5.1877e-02    154.086    3.54265 1.0000e-12     0.0002     0.0002     0.0519     1.3701     0.0023     0.0003  1028.3662    26.7918    345.950    6.48011     8.9447    34.5720    1491.35    131.762    125.303 -9.990e-29
    345.968  36.877972     8.9819    348.811       4050 5.1600e-02    154.077    3.54243 1.0000e-12     0.0002     0.0002     0.0516     1.3701     0.0023     0.0002  1028.3667    26.7922    345.970    6.48021     8.9439    34.5723    1491.35    131.725    125.267 -9.990e-29
    345.970  36.877440     8.9811    348.811       4051 5.1315e-02    154.077    3.54243 1.0000e-12     0.0002     0.0002     0.0513     1.3700     0.0023     0.0002  1028.3670    26.7925    345.970    6.48032     8.9431    34.5725    1491.35    131.696    125.238 -9.990e-29
    345.973  36.877070     8.9807    348.811       4052 5.1133e-02    154.101    3.54299 1.0000e-12     0.0002     0.0002     0.0511     1.3700     0.0022     0.0002  1028.3671    26.7925    345.970    6.48038     8.9427    34.5725    1491.34    131.690    125.232 -9.990e-29
    345.980  36.876889     8.9810    348.769       4053 5.1097e-02    154.148    3.54405 1.0000e-12     0.0002     0.0002     0.0511     1.3701     0.0022     0.0003  1028.3665    26.7921    345.929    6.48035     8.9430    34.5721    1491.34    131.728    125.271 -9.990e-29
    345.994  36.876728     8.9814    348.832       4054 5.1199e-02    154.199    3.54523 1.0000e-12     0.0001     0.0002     0.0512     1.3702     0.0022     0.0003  1028.3662    26.7916    345.991    6.48032     8.9434    34.5715    1491.35    131.778    125.320 -9.990e-29
    346.012  36.876349     8.9807    348.832       4055 5.1210e-02    154.243    3.54625 1.0000e-12     0.0001     0.0002     0.0512     1.3702     0.0022     0.0003  1028.3666    26.7919    345.991    6.48041     8.9427    34.5718    1491.34    131.746    125.289 -9.990e-29
    346.036  36.875680     8.9800    348.832       4056 5.1230e-02    154.272    3.54690 1.0000e-12     0.0002     0.0002     0.0513     1.3703     0.0022     0.0003  1028.3667    26.7920    345.991    6.48051     8.9420    34.5717    1491.34    131.737    125.280 -9.990e-29
    346.070  36.874891     8.9790    348.853       4057 5.1550e-02    154.287    3.54726 1.0000e-12     0.0002     0.0002     0.0516     1.3702     0.0022     0.0002  1028.3670    26.7923    346.012    6.48065     8.9410    34.5719    1491.34    131.711    125.254 -9.990e-29
