inst/extdata/S285_ctd/S285-002-HC.cnv
* Sea-Bird SBE19plus Data File:
* FileName = Y:\CTD\Hex\S285-002-HC.hex
* Software Version 1.25
* Temperature SN =  7706
* Conductivity SN =  7706
* System UpLoad Time = Apr 02 2019 12:33:21
** StationS285-002-HC
** UTC (Time)21:36
** Latitude:43 33.03'S
** Longitude:174 37.03'E
** Bottom Depth [m]483
** Chief ScientistBen Harden 
** General Locale
# nquan = 25                                
# nvalues = 9029                        
# units = specified
# name 0 = depSM: Depth [salt water, m]
# name 1 = c0mS/cm: Conductivity [mS/cm]
# name 2 = tv290C: Temperature [ITS-90, deg C]
# name 3 = prdM: Pressure, Strain Gauge [db]
# name 4 = scan: Scan Count
# name 5 = flSP: Fluorescence, Seapoint
# name 6 = sbeox0Mm/Kg: Oxygen, SBE 43 [umol/Kg]
# name 7 = sbeox0ML/L: Oxygen, SBE 43 [ml/l]
# name 8 = par: PAR/Irradiance, Biospherical/Licor
# name 9 = v0: Voltage 0
# name 10 = v1: Voltage 1
# name 11 = v2: Voltage 2
# name 12 = v3: Voltage 3
# name 13 = v4: Voltage 4
# name 14 = v5: Voltage 5
# name 15 = density00: Density [density, Kg/m^3]
# name 16 = sigma-é00: Density [sigma-theta, Kg/m^3]
# name 17 = depSM: Depth [salt water, m], lat = -36
# name 18 = oxsatML/L: Oxygen Saturation [ml/l]
# name 19 = potemp090C: Potential Temperature [ITS-90, deg C]
# name 20 = sal00: Salinity [PSU]
# name 21 = svCM: Sound Velocity [Chen-Millero, m/s]
# name 22 = sva: Specific Volume Anomaly [10^-8 * m^3/Kg]
# name 23 = tsa: Thermosteric Anomaly [10^-8 * m^3/Kg]
# name 24 = flag: flag
# span 0 =     -0.088,    390.113       
# span 1 =   0.000935,  42.415519       
# span 2 =     8.5536,    14.9442       
# span 3 =     -0.133,    393.570       
# span 4 =          1,       9029       
# span 5 = 4.2167e-02, 4.8069e+00       
# span 6 =     76.859,    330.829       
# span 7 =    1.76618,    7.48592       
# span 8 = 1.0000e-12, 3.6122e+03       
# span 9 =     0.0000,     0.0004       
# span 10 =     0.0000,     0.0005      
# span 11 =     0.0422,     4.8069      
# span 12 =     1.0771,     2.3115      
# span 13 =     0.0019,     4.6018      
# span 14 =     0.0001,     0.0007      
# span 15 =   999.3141,  1028.5970      
# span 16 =    -0.6855,    26.8175      
# span 17 =     -0.132,    390.323      
# span 18 =    5.70859,    7.30020      
# span 19 =     8.5119,    14.9427      
# span 20 =     0.0070,    34.7218      
# span 21 =    1460.21,    1506.46      
# span 22 =    129.869,   2802.391      
# span 23 =    122.901,   2802.594      
# span 24 = 0.0000e+00, 0.0000e+00      
# interval = seconds: 0.25                        
# start_time = Apr 01 2019 14:33:10
# bad_flag = -9.990e-29
*END*
[from data line 1160]
      5.943  42.375560    14.9044      6.060       1161 2.5420e+00    203.683    4.67786 3.4048e+01     0.0001     0.0003     2.5420     1.8741     2.5878     0.0003  1025.7023    25.6756      6.016    5.71313    14.9035    34.5883    1505.99    230.701    230.733 -9.990e-29
      5.965  42.375273    14.9040      6.081       1162 2.5135e+00    204.361    4.69342 3.4051e+01     0.0001     0.0003     2.5135     1.8747     2.5878     0.0003  1025.7026    25.6757      6.036    5.71317    14.9031    34.5884    1505.99    230.687    230.718 -9.990e-29
      5.971  42.375115    14.9040      6.039       1163 2.5658e+00    204.920    4.70625 3.4108e+01     0.0002     0.0004     2.5658     1.8750     2.5885     0.0003  1025.7023    25.6756      5.995    5.71318    14.9031    34.5882    1505.99    230.695    230.728 -9.990e-29
      5.970  42.375060    14.9039      6.018       1164 2.6638e+00    205.013    4.70838 3.4145e+01     0.0002     0.0004     2.6638     1.8737     2.5889     0.0004  1025.7022    25.6757      5.974    5.71319    14.9030    34.5883    1505.99    230.689    230.722 -9.990e-29
      5.964  42.375077    14.9039      6.039       1165 2.7486e+00    204.595    4.69880 3.4082e+01     0.0002     0.0003     2.7486     1.8709     2.5881     0.0003  1025.7023    25.6757      5.995    5.71319    14.9030    34.5883    1505.99    230.689    230.721 -9.990e-29
      5.959  42.375152    14.9042      5.934       1166 2.8123e+00    203.875    4.68226 3.3885e+01     0.0002     0.0003     2.8123     1.8677     2.5856     0.0003  1025.7017    25.6755      5.891    5.71316    14.9033    34.5881    1505.99    230.704    230.739 -9.990e-29
      5.963  42.375305    14.9043      5.976       1167 2.8458e+00    203.117    4.66486 3.3567e+01     0.0002     0.0003     2.8458     1.8649     2.5816     0.0003  1025.7019    25.6755      5.932    5.71315    14.9034    34.5882    1505.99    230.705    230.739 -9.990e-29
      5.975  42.375543    14.9046      5.997       1168 2.8147e+00    202.543    4.65166 3.3159e+01     0.0001     0.0002     2.8147     1.8632     2.5764     0.0003  1025.7019    25.6754      5.953    5.71311    14.9037    34.5881    1505.99    230.716    230.749 -9.990e-29
      5.994  42.375818    14.9047      6.018       1169 2.7578e+00    202.207    4.64396 3.2721e+01     0.0001     0.0002     2.7578     1.8624     2.5708     0.0003  1025.7021    25.6755      5.974    5.71310    14.9038    34.5883    1505.99    230.707    230.740 -9.990e-29
      6.020  42.376055    14.9049      6.018       1170 2.7317e+00    202.124    4.64205 3.2356e+01     0.0001     0.0002     2.7317     1.8623     2.5661     0.0003  1025.7020    25.6755      5.974    5.71307    14.9040    34.5883    1505.99    230.708    230.741 -9.990e-29
      6.056  42.376224    14.9052      6.038       1171 2.7252e+00    202.325    4.64667 3.2128e+01     0.0001     0.0002     2.7252     1.8629     2.5632     0.0003  1025.7020    25.6753      5.994    5.71304    14.9043    34.5882    1505.99    230.724    230.756 -9.990e-29
      6.105  42.376370    14.9052      6.122       1172 2.6968e+00    202.822    4.65809 3.2000e+01     0.0001     0.0002     2.6968     1.8639     2.5615     0.0003  1025.7024    25.6754      6.077    5.71304    14.9043    34.5883    1506.00    230.719    230.749 -9.990e-29
      6.165  42.376533    14.9055      6.143       1173 2.6293e+00    203.620    4.67640 3.1899e+01     0.0001     0.0002     2.6293     1.8660     2.5602     0.0004  1025.7023    25.6753      6.098    5.71301    14.9046    34.5882    1506.00    230.735    230.764 -9.990e-29
      6.238  42.376680    14.9057      6.247       1174 2.5417e+00    204.633    4.69966 3.1783e+01     0.0002     0.0002     2.5417     1.8690     2.5587     0.0004  1025.7027    25.6752      6.201    5.71299    14.9048    34.5881    1506.00    230.748    230.775 -9.990e-29
      6.321  42.376773    14.9055      6.330       1175 2.4725e+00    205.698    4.72414 3.1633e+01     0.0002     0.0002     2.4725     1.8723     2.5567     0.0003  1025.7033    25.6754      6.284    5.71300    14.9046    34.5883    1506.00    230.730    230.754 -9.990e-29
      6.409  42.376841    14.9055      6.497       1176 2.4498e+00    206.703    4.74722 3.1433e+01     0.0002     0.0002     2.4498     1.8757     2.5540     0.0003  1025.7040    25.6754      6.449    5.71300    14.9045    34.5883    1506.00    230.735    230.754 -9.990e-29
      6.495  42.376926    14.9057      6.539       1177 2.4607e+00    207.653    4.76902 3.1200e+01     0.0003     0.0002     2.4607     1.8792     2.5508     0.0003  1025.7041    25.6752      6.491    5.71298    14.9047    34.5882    1506.00    230.749    230.767 -9.990e-29
      6.577  42.377027    14.9056      6.643       1178 2.4709e+00    208.621    4.79126 3.0969e+01     0.0003     0.0002     2.4709     1.8831     2.5477     0.0002  1025.7047    25.6754      6.594    5.71299    14.9046    34.5883    1506.01    230.740    230.755 -9.990e-29
      6.654  42.377108    14.9056      6.748       1179 2.4885e+00    209.621    4.81423 3.0768e+01     0.0003     0.0002     2.4885     1.8875     2.5450     0.0002  1025.7052    25.6754      6.699    5.71299    14.9046    34.5884    1506.01    230.740    230.752 -9.990e-29
      6.723  42.377137    14.9057      6.810       1180 2.6128e+00    210.644    4.83771 3.0612e+01     0.0003     0.0002     2.6128     1.8923     2.5428     0.0003  1025.7053    25.6753      6.760    5.71298    14.9047    34.5883    1506.01    230.751    230.761 -9.990e-29
      6.782  42.377123    14.9056      6.873       1181 2.8458e+00    211.792    4.86407 3.0489e+01     0.0002     0.0002     2.8458     1.8980     2.5411     0.0003  1025.7057    25.6754      6.823    5.71299    14.9046    34.5883    1506.01    230.747    230.755 -9.990e-29
      6.830  42.377097    14.9055      6.935       1182 3.0305e+00    212.898    4.88949 3.0384e+01     0.0002     0.0002     3.0305     1.9036     2.5397     0.0003  1025.7060    25.6754      6.884    5.71300    14.9045    34.5884    1506.01    230.743    230.750 -9.990e-29
      6.866  42.377070    14.9056      6.956       1183 3.1134e+00    213.327    4.89934 3.0304e+01     0.0002     0.0001     3.1134     1.9058     2.5386     0.0003  1025.7060    25.6753      6.905    5.71299    14.9046    34.5882    1506.01    230.755    230.761 -9.990e-29
      6.892  42.377051    14.9055      6.977       1184 3.1532e+00    212.700    4.88493 3.0243e+01     0.0002     0.0001     3.1532     1.9034     2.5377     0.0002  1025.7062    25.6754      6.926    5.71300    14.9045    34.5883    1506.01    230.749    230.755 -9.990e-29
      6.909  42.377053    14.9056      6.998       1185 3.2005e+00    211.233    4.85124 3.0170e+01     0.0002     0.0001     3.2005     1.8983     2.5367     0.0002  1025.7062    25.6753      6.947    5.71300    14.9046    34.5882    1506.01    230.758    230.764 -9.990e-29
      6.919  42.377060    14.9055      6.977       1186 3.2818e+00    209.283    4.80645 3.0036e+01     0.0002     0.0001     3.2818     1.8923     2.5348     0.0002  1025.7062    25.6754      6.926    5.71300    14.9045    34.5883    1506.01    230.748    230.754 -9.990e-29
      6.924  42.377056    14.9054      6.998       1187 3.3623e+00    207.102    4.75638 2.9806e+01     0.0002     0.0001     3.3623     1.8862     2.5315     0.0003  1025.7063    25.6755      6.947    5.71301    14.9044    34.5884    1506.01    230.741    230.746 -9.990e-29
      6.925  42.377021    14.9056      6.998       1188 3.3767e+00    204.924    4.70635 2.9484e+01     0.0002     0.0001     3.3767     1.8805     2.5268     0.0003  1025.7061    25.6753      6.947    5.71300    14.9046    34.5882    1506.01    230.761    230.766 -9.990e-29
      6.919  42.376916    14.9056      6.998       1189 3.3126e+00    202.940    4.66079 2.9105e+01     0.0001     0.0001     3.3126     1.8752     2.5213     0.0003  1025.7061    25.6752      6.947    5.71300    14.9046    34.5881    1506.01    230.768    230.773 -9.990e-29
      6.905  42.376815    14.9057      7.019       1190 3.2351e+00    201.325    4.62370 2.8714e+01     0.0001     0.0001     3.2351     1.8703     2.5155     0.0004  1025.7060    25.6750      6.968    5.71299    14.9047    34.5879    1506.01    230.784    230.789 -9.990e-29
      6.875  42.376798    14.9056      7.019       1191 3.1609e+00    200.248    4.59896 2.8349e+01     0.0001     0.0001     3.1609     1.8660     2.5101     0.0004  1025.7061    25.6751      6.968    5.71300    14.9046    34.5880    1506.01    230.777    230.781 -9.990e-29
      6.824  42.376780    14.9054      6.977       1192 3.0341e+00    199.733    4.58713 2.8061e+01     0.0001     0.0001     3.0341     1.8625     2.5057     0.0004  1025.7061    25.6753      6.926    5.71302    14.9044    34.5881    1506.01    230.758    230.764 -9.990e-29
      6.748  42.376733    14.9054      6.894       1193 2.8717e+00    199.752    4.58757 2.7925e+01     0.0001     0.0001     2.8717     1.8607     2.5035     0.0003  1025.7057    25.6753      6.844    5.71302    14.9044    34.5881    1506.01    230.757    230.765 -9.990e-29
      6.648  42.376701    14.9053      6.790       1194 2.7482e+00    200.293    4.60000 2.8019e+01     0.0001     0.0001     2.7482     1.8608     2.5046     0.0003  1025.7053    25.6754      6.740    5.71303    14.9043    34.5882    1506.01    230.744    230.755 -9.990e-29
      6.525  42.376654    14.9052      6.664       1195 2.7134e+00    201.198    4.62078 2.8422e+01     0.0001     0.0001     2.7134     1.8623     2.5101     0.0003  1025.7049    25.6755      6.615    5.71304    14.9042    34.5883    1506.01    230.731    230.746 -9.990e-29
      6.378  42.376580    14.9053      6.539       1196 2.7252e+00    202.255    4.64505 2.9176e+01     0.0001     0.0001     2.7252     1.8643     2.5206     0.0003  1025.7042    25.6754      6.491    5.71303    14.9043    34.5882    1506.00    230.738    230.756 -9.990e-29
      6.206  42.376521    14.9052      6.330       1197 2.7156e+00    203.324    4.66960 3.0261e+01     0.0002     0.0001     2.7156     1.8662     2.5355     0.0003  1025.7034    25.6755      6.284    5.71304    14.9043    34.5883    1506.00    230.721    230.745 -9.990e-29
      6.014  42.376501    14.9052      6.101       1198 2.7068e+00    204.277    4.69149 3.1624e+01     0.0002     0.0001     2.7068     1.8678     2.5537     0.0002  1025.7024    25.6755      6.056    5.71303    14.9043    34.5884    1506.00    230.709    230.740 -9.990e-29
      5.816  42.376497    14.9055      5.809       1199 2.7386e+00    204.972    4.70746 3.3203e+01     0.0001     0.0001     2.7386     1.8688     2.5741     0.0002  1025.7009    25.6753      5.766    5.71300    14.9046    34.5883    1505.99    230.718    230.757 -9.990e-29
      5.625  42.376490    14.9055      5.600       1200 2.8113e+00    205.213    4.71298 3.4875e+01     0.0001     0.0001     2.8113     1.8685     2.5950     0.0002  1025.7001    25.6754      5.559    5.71300    14.9047    34.5883    1505.99    230.706    230.751 -9.990e-29
      5.453  42.376480    14.9056      5.371       1201 2.8706e+00    204.865    4.70500 3.6438e+01     0.0002     0.0002     2.8706     1.8665     2.6139     0.0002  1025.6990    25.6754      5.332    5.71299    14.9048    34.5883    1505.99    230.702    230.754 -9.990e-29
      5.310  42.376433    14.9058      5.183       1202 2.8831e+00    204.041    4.68607 3.7742e+01     0.0002     0.0002     2.8831     1.8634     2.6292     0.0002  1025.6980    25.6752      5.145    5.71297    14.9050    34.5882    1505.98    230.712    230.768 -9.990e-29
      5.207  42.376284    14.9060      5.058       1203 2.8928e+00    203.079    4.66397 3.8711e+01     0.0002     0.0002     2.8928     1.8605     2.6403     0.0003  1025.6972    25.6749      5.021    5.71296    14.9052    34.5879    1505.98    230.732    230.792 -9.990e-29
      5.152  42.375963    14.9061      4.954       1204 2.9347e+00    202.377    4.64786 3.9195e+01     0.0002     0.0003     2.9347     1.8591     2.6456     0.0004  1025.6965    25.6747      4.918    5.71296    14.9054    34.5876    1505.98    230.756    230.819 -9.990e-29
      5.155  42.375357    14.9061      4.933       1205 2.9931e+00    202.178    4.64328 3.9030e+01     0.0002     0.0002     2.9931     1.8597     2.6437     0.0005  1025.6960    25.6742      4.897    5.71298    14.9054    34.5870    1505.98    230.795    230.859 -9.990e-29
      5.217  42.374288    14.9062      5.038       1206 3.0091e+00    202.436    4.64920 3.8207e+01     0.0002     0.0002     3.0091     1.8616     2.6344     0.0005  1025.6956    25.6734      5.001    5.71301    14.9054    34.5859    1505.98    230.881    230.942 -9.990e-29
      5.335  42.372452    14.9062      5.184       1207 2.9562e+00    202.920    4.66030 3.6887e+01     0.0002     0.0003     2.9562     1.8634     2.6191     0.0005  1025.6949    25.6720      5.146    5.71307    14.9054    34.5842    1505.98    231.012    231.069 -9.990e-29
      5.500  42.371339    14.9064      5.371       1208 2.8968e+00    203.405    4.67144 3.5291e+01     0.0003     0.0003     2.8968     1.8642     2.6000     0.0005  1025.6947    25.6710      5.332    5.71309    14.9056    34.5829    1505.98    231.115    231.166 -9.990e-29
      5.706  42.372644    14.9063      5.622       1209 2.8817e+00    203.739    4.67912 3.3631e+01     0.0003     0.0003     2.8817     1.8639     2.5796     0.0005  1025.6967    25.6719      5.581    5.71306    14.9055    34.5841    1505.99    231.034    231.078 -9.990e-29
      5.941  42.374682    14.9065      5.934       1210 2.9127e+00    203.891    4.68261 3.2097e+01     0.0002     0.0003     2.9127     1.8631     2.5600     0.0005  1025.6993    25.6731      5.891    5.71298    14.9056    34.5857    1505.99    230.933    230.968 -9.990e-29
      6.190  42.375922    14.9065      6.247       1211 2.9970e+00    203.894    4.68268 3.0785e+01     0.0002     0.0003     2.9970     1.8624     2.5428     0.0004  1025.7014    25.6739      6.201    5.71295    14.9056    34.5867    1506.00    230.868    230.894 -9.990e-29
      6.437  42.376637    14.9064      6.539       1212 3.0862e+00    203.846    4.68158 2.9668e+01     0.0003     0.0003     3.0862     1.8625     2.5275     0.0004  1025.7032    25.6744      6.491    5.71294    14.9054    34.5873    1506.01    230.828    230.846 -9.990e-29
      6.671  42.377017    14.9062      6.810       1213 3.1330e+00    204.015    4.68547 2.8694e+01     0.0003     0.0003     3.1330     1.8642     2.5138     0.0003  1025.7048    25.6748      6.760    5.71294    14.9052    34.5877    1506.01    230.801    230.812 -9.990e-29
      6.883  42.377198    14.9059      7.040       1214 3.1541e+00    204.696    4.70112 2.7829e+01     0.0003     0.0003     3.1541     1.8682     2.5012     0.0003  1025.7062    25.6751      6.988    5.71297    14.9048    34.5881    1506.01    230.777    230.781 -9.990e-29
      7.068  42.377256    14.9058      7.269       1215 3.1429e+00    205.965    4.73024 2.7060e+01     0.0003     0.0002     3.1429     1.8740     2.4897     0.0003  1025.7072    25.6752      7.216    5.71298    14.9047    34.5881    1506.02    230.778    230.775 -9.990e-29
      7.221  42.377252    14.9059      7.395       1216 3.1295e+00    207.546    4.76655 2.6390e+01     0.0002     0.0002     3.1295     1.8803     2.4794     0.0004  1025.7077    25.6751      7.341    5.71297    14.9048    34.5880    1506.02    230.794    230.788 -9.990e-29
      7.340  42.377200    14.9057      7.541       1217 3.1571e+00    208.934    4.79844 2.5822e+01     0.0002     0.0002     3.1571     1.8848     2.4705     0.0004  1025.7084    25.6752      7.486    5.71299    14.9046    34.5880    1506.02    230.789    230.778 -9.990e-29
