inst/extdata/S285_ctd/S285-012-HC.cnv
* Sea-Bird SBE19plus Data File:
* FileName = C:\Data\CTD\Hex\S285-012-HC.hex
* Software Version 1.25
* Temperature SN =  7706
* Conductivity SN =  7706
* System UpLoad Time = Apr 07 2019 02:30:10
** StationS285-012-HC
** UTC (Time)09:47
** Latitude:43 11.0'S
** Longitude:176 21.1'W
** Bottom Depth [m]481
** Chief ScientistBen Harden
** General Locale
** Carousel - SN:7706
** Voltage Channels:	Instrument Name:	Instrument SN:
** Voltage 0	Free	x
** Voltage 1	Free	x
** Voltage 2		SCF3735
** Voltage 3		3329
** Voltage 4	Seapoint Chl-a	70623
** Voltage 5	Dissolved O2	X
** 
# nquan = 25                                
# nvalues = 8210                        
# units = specified
# name 0 = depSM: Depth [salt water, m]
# name 1 = c0mS/cm: Conductivity [mS/cm]
# name 2 = tv290C: Temperature [ITS-90, deg C]
# name 3 = prdM: Pressure, Strain Gauge [db]
# name 4 = scan: Scan Count
# name 5 = flSP: Fluorescence, Seapoint
# name 6 = sbeox0Mm/Kg: Oxygen, SBE 43 [umol/Kg]
# name 7 = sbeox0ML/L: Oxygen, SBE 43 [ml/l]
# name 8 = par: PAR/Irradiance, Biospherical/Licor
# name 9 = v0: Voltage 0
# name 10 = v1: Voltage 1
# name 11 = v2: Voltage 2
# name 12 = v3: Voltage 3
# name 13 = v4: Voltage 4
# name 14 = v5: Voltage 5
# name 15 = density00: Density [density, Kg/m^3]
# name 16 = sigma-é00: Density [sigma-theta, Kg/m^3]
# name 17 = depSM: Depth [salt water, m], lat = -36
# name 18 = oxsatML/L: Oxygen Saturation [ml/l]
# name 19 = potemp090C: Potential Temperature [ITS-90, deg C]
# name 20 = sal00: Salinity [PSU]
# name 21 = svCM: Sound Velocity [Chen-Millero, m/s]
# name 22 = sva: Specific Volume Anomaly [10^-8 * m^3/Kg]
# name 23 = tsa: Thermosteric Anomaly [10^-8 * m^3/Kg]
# name 24 = flag: flag
# span 0 =     -0.095,    385.872       
# span 1 =   0.009968,  45.169547       
# span 2 =     9.6108,    17.0678       
# span 3 =     -0.144,    389.244       
# span 4 =          1,       8210       
# span 5 = 4.6228e-02, 1.3136e+00       
# span 6 =    128.715,    276.513       
# span 7 =    2.95618,    6.34754       
# span 8 = 1.0000e-12, 1.5601e-01       
# span 9 =     0.0000,     0.0005       
# span 10 =     0.0000,     0.0005      
# span 11 =     0.0462,     1.3136      
# span 12 =     1.2941,     2.3289      
# span 13 =     0.0019,     1.0301      
# span 14 =     0.0001,     0.0006      
# span 15 =   999.1039,  1028.5262      
# span 16 =    -0.8957,    26.7756      
# span 17 =     -0.143,    386.036      
# span 18 =    5.45471,    7.05608      
# span 19 =     9.5665,    17.0654      
# span 20 =     0.0114,    35.1719      
# span 21 =    1465.75,    1513.87      
# span 22 =    134.647,   2823.452      
# span 23 =    126.960,   2823.655      
# span 24 = 0.0000e+00, 0.0000e+00      
# interval = seconds: 0.25                        
# start_time = Apr 06 2019 02:44:43
# bad_flag = -9.990e-29
*END*
[from data line 7421]
      6.647  45.146281    17.0530      6.550       7422 9.3090e-01    170.141    3.90733 1.0000e-12     0.0003     0.0002     0.9309     1.6794     0.0022     0.0003  1025.6593    25.6307      6.502    5.45615    17.0519    35.1679    1513.29    235.006    235.002 0.0000e+00
      6.704  45.146831    17.0544      6.592       7423 9.1989e-01    169.799    3.89947 1.0000e-12     0.0003     0.0002     0.9199     1.6799     0.0022     0.0003  1025.6586    25.6298      6.544    5.45603    17.0533    35.1671    1513.29    235.095    235.089 -9.990e-29
      6.797  45.147311    17.0547      6.737       7424 9.0763e-01    169.339    3.88891 1.0000e-12     0.0003     0.0002     0.9076     1.6801     0.0021     0.0004  1025.6593    25.6298      6.688    5.45599    17.0536    35.1672    1513.30    235.099    235.089 -9.990e-29
      6.922  45.147536    17.0545      6.842       7425 8.9872e-01    168.845    3.87757 1.0000e-12     0.0002     0.0002     0.8987     1.6802     0.0021     0.0004  1025.6600    25.6301      6.792    5.45600    17.0534    35.1675    1513.30    235.073    235.060 -9.990e-29
      7.078  45.147630    17.0549      7.009       7426 8.9452e-01    168.392    3.86717 1.0000e-12     0.0002     0.0002     0.8945     1.6803     0.0022     0.0004  1025.6604    25.6298      6.958    5.45597    17.0537    35.1672    1513.30    235.112    235.093 -9.990e-29
      7.257  45.147658    17.0551      7.321       7427 8.8912e-01    168.035    3.85897 1.0000e-12     0.0002     0.0002     0.8891     1.6805     0.0022     0.0004  1025.6615    25.6296      7.267    5.45596    17.0539    35.1669    1513.31    235.146    235.118 -9.990e-29
      7.439  45.147505    17.0546      7.530       7428 8.8230e-01    167.813    3.85388 1.0000e-12     0.0002     0.0002     0.8823     1.6807     0.0022     0.0003  1025.6627    25.6299      7.475    5.45600    17.0534    35.1671    1513.31    235.125    235.090 -9.990e-29
      7.611  45.147194    17.0539      7.759       7429 8.7982e-01    167.710    3.85151 1.0000e-12     0.0002     0.0002     0.8798     1.6809     0.0023     0.0003  1025.6641    25.6302      7.702    5.45607    17.0526    35.1674    1513.31    235.098    235.056 -9.990e-29
      7.759  45.146863    17.0534      7.968       7430 8.8580e-01    167.630    3.84967 1.0000e-12     0.0002     0.0002     0.8858     1.6807     0.0023     0.0003  1025.6652    25.6304      7.910    5.45612    17.0521    35.1675    1513.31    235.089    235.040 -9.990e-29
      7.875  45.146544    17.0534      8.072       7431 9.0092e-01    167.497    3.84662 1.0000e-12     0.0002     0.0002     0.9009     1.6802     0.0022     0.0003  1025.6654    25.6302      8.013    5.45613    17.0521    35.1671    1513.31    235.115    235.063 -9.990e-29
      7.953  45.146215    17.0527      8.177       7432 9.1953e-01    167.312    3.84237 1.0000e-12     0.0002     0.0001     0.9195     1.6793     0.0022     0.0002  1025.6663    25.6306      8.117    5.45620    17.0514    35.1674    1513.31    235.082    235.026 -9.990e-29
      7.991  45.145889    17.0522      8.218       7433 9.3443e-01    167.096    3.83740 1.0000e-12     0.0001     0.0001     0.9344     1.6785     0.0022     0.0002  1025.6667    25.6308      8.158    5.45625    17.0508    35.1676    1513.31    235.062    235.005 -9.990e-29
      7.990  45.145622    17.0520      8.197       7434 9.4493e-01    166.850    3.83175 1.0000e-12     0.0001     0.0001     0.9449     1.6775     0.0022     0.0002  1025.6666    25.6308      8.137    5.45627    17.0506    35.1675    1513.31    235.061    235.004 -9.990e-29
      7.950  45.145451    17.0519      8.155       7435 9.5229e-01    166.548    3.82482 1.0000e-12     0.0001     0.0001     0.9523     1.6762     0.0022     0.0003  1025.6664    25.6308      8.095    5.45628    17.0506    35.1675    1513.31    235.060    235.005 -9.990e-29
      7.876  45.145310    17.0521      8.051       7436 9.5625e-01    166.200    3.81684 1.0000e-12     0.0001     0.0002     0.9563     1.6748     0.0022     0.0003  1025.6657    25.6305      7.992    5.45627    17.0508    35.1672    1513.31    235.080    235.029 -9.990e-29
      7.769  45.145114    17.0518      7.968       7437 9.5509e-01    165.908    3.81013 1.0000e-12     0.0002     0.0002     0.9551     1.6736     0.0023     0.0002  1025.6655    25.6307      7.910    5.45630    17.0505    35.1673    1513.31    235.062    235.013 -9.990e-29
      7.634  45.144875    17.0516      7.738       7438 9.4961e-01    165.800    3.80766 1.0000e-12     0.0002     0.0002     0.9496     1.6732     0.0023     0.0002  1025.6646    25.6308      7.681    5.45631    17.0503    35.1674    1513.30    235.046    235.004 -9.990e-29
      7.483  45.144674    17.0513      7.571       7439 9.4812e-01    165.967    3.81148 1.0000e-12     0.0002     0.0002     0.9481     1.6739     0.0024     0.0003  1025.6640    25.6309      7.516    5.45634    17.0501    35.1675    1513.30    235.023    234.986 -9.990e-29
      7.324  45.144560    17.0512      7.404       7440 9.5057e-01    166.450    3.82259 1.0000e-12     0.0001     0.0002     0.9506     1.6760     0.0024     0.0003  1025.6633    25.6310      7.350    5.45635    17.0500    35.1676    1513.30    235.011    234.980 -9.990e-29
      7.162  45.144527    17.0514      7.175       7441 9.4765e-01    167.236    3.84062 1.0000e-12     0.0001     0.0002     0.9477     1.6793     0.0024     0.0004  1025.6622    25.6309      7.122    5.45633    17.0502    35.1675    1513.29    235.017    234.993 -9.990e-29
      7.005  45.144565    17.0513      7.028       7442 9.3948e-01    168.252    3.86397 1.0000e-12     0.0002     0.0002     0.9395     1.6833     0.0024     0.0004  1025.6617    25.6310      6.977    5.45634    17.0501    35.1677    1513.29    234.997    234.978 -9.990e-29
      6.857  45.144668    17.0515      6.841       7443 9.3463e-01    169.462    3.89175 1.0000e-12     0.0002     0.0002     0.9346     1.6880     0.0025     0.0003  1025.6608    25.6310      6.791    5.45632    17.0504    35.1676    1513.29    234.997    234.983 -9.990e-29
      6.724  45.144844    17.0518      6.715       7444 9.3614e-01    170.899    3.92476 1.0000e-12     0.0002     0.0002     0.9361     1.6938     0.0025     0.0003  1025.6602    25.6308      6.666    5.45629    17.0507    35.1676    1513.29    235.004    234.994 -9.990e-29
      6.603  45.145078    17.0521      6.632       7445 9.3979e-01    172.542    3.96247 1.0000e-12     0.0002     0.0002     0.9398     1.7007     0.0024     0.0004  1025.6597    25.6307      6.583    5.45626    17.0510    35.1676    1513.29    235.010    235.003 -9.990e-29
      6.493  45.145306    17.0524      6.465       7446 9.4250e-01    174.218    4.00098 1.0000e-12     0.0002     0.0002     0.9425     1.7081     0.0024     0.0004  1025.6589    25.6307      6.418    5.45622    17.0513    35.1676    1513.29    235.011    235.010 0.0000e+00
      6.397  45.145503    17.0526      6.381       7447 9.4441e-01    175.764    4.03647 1.0000e-12     0.0001     0.0002     0.9444     1.7152     0.0024     0.0003  1025.6585    25.6306      6.334    5.45620    17.0515    35.1676    1513.29    235.011    235.012 0.0000e+00
      6.319  45.145677    17.0528      6.277       7448 9.4498e-01    177.136    4.06798 1.0000e-12     0.0001     0.0001     0.9450     1.7219     0.0023     0.0003  1025.6580    25.6306      6.231    5.45618    17.0518    35.1676    1513.28    235.011    235.015 0.0000e+00
      6.264  45.145873    17.0532      6.194       7449 9.4148e-01    178.296    4.09462 1.0000e-12     0.0001     0.0001     0.9415     1.7280     0.0023     0.0003  1025.6574    25.6304      6.149    5.45614    17.0522    35.1675    1513.28    235.028    235.035 0.0000e+00
      6.235  45.146127    17.0537      6.173       7450 9.3211e-01    179.131    4.11379 1.0000e-12     0.0002     0.0001     0.9321     1.7330     0.0022     0.0003  1025.6571    25.6301      6.128    5.45610    17.0527    35.1673    1513.28    235.054    235.062 0.0000e+00
      6.233  45.146363    17.0539      6.173       7451 9.1550e-01    179.534    4.12305 1.0000e-12     0.0002     0.0002     0.9155     1.7365     0.0022     0.0003  1025.6570    25.6301      6.128    5.45607    17.0529    35.1673    1513.29    235.056    235.064 -9.990e-29
      6.259  45.146498    17.0542      6.194       7452 8.9708e-01    179.517    4.12265 1.0000e-12     0.0002     0.0002     0.8971     1.7386     0.0023     0.0003  1025.6569    25.6299      6.149    5.45605    17.0532    35.1671    1513.29    235.075    235.082 -9.990e-29
      6.312  45.146527    17.0540      6.236       7453 8.8454e-01    179.174    4.11478 1.0000e-12     0.0002     0.0003     0.8846     1.7397     0.0023     0.0002  1025.6573    25.6301      6.190    5.45606    17.0530    35.1673    1513.29    235.058    235.064 -9.990e-29
      6.394  45.146482    17.0539      6.340       7454 8.7601e-01    178.569    4.10088 1.0000e-12     0.0002     0.0003     0.8760     1.7398     0.0023     0.0002  1025.6578    25.6301      6.294    5.45607    17.0529    35.1673    1513.29    235.059    235.061 -9.990e-29
      6.501  45.146414    17.0535      6.465       7455 8.7072e-01    177.798    4.08319 1.0000e-12     0.0003     0.0003     0.8708     1.7390     0.0023     0.0002  1025.6586    25.6304      6.418    5.45611    17.0524    35.1676    1513.29    235.036    235.034 -9.990e-29
      6.629  45.146343    17.0534      6.611       7456 8.7253e-01    176.991    4.06465 1.0000e-12     0.0003     0.0003     0.8726     1.7380     0.0022     0.0003  1025.6593    25.6304      6.563    5.45612    17.0523    35.1675    1513.29    235.040    235.034 -9.990e-29
      6.773  45.146275    17.0531      6.799       7457 8.8024e-01    176.183    4.04609 1.0000e-12     0.0003     0.0003     0.8803     1.7367     0.0022     0.0003  1025.6603    25.6306      6.749    5.45615    17.0520    35.1677    1513.29    235.030    235.018 -9.990e-29
      6.922  45.146272    17.0532      6.987       7458 8.9015e-01    175.342    4.02678 1.0000e-12     0.0003     0.0003     0.8902     1.7345     0.0022     0.0003  1025.6610    25.6304      6.936    5.45614    17.0520    35.1675    1513.30    235.050    235.032 -9.990e-29
      7.068  45.146351    17.0534      7.175       7459 8.9968e-01    174.472    4.00680 1.0000e-12     0.0002     0.0003     0.8997     1.7317     0.0022     0.0003  1025.6616    25.6303      7.122    5.45613    17.0522    35.1673    1513.30    235.074    235.050 -9.990e-29
      7.201  45.146433    17.0535      7.321       7460 9.0730e-01    173.630    3.98745 1.0000e-12     0.0001     0.0004     0.9073     1.7286     0.0021     0.0003  1025.6622    25.6302      7.267    5.45612    17.0523    35.1672    1513.30    235.086    235.057 -9.990e-29
      7.318  45.146441    17.0536      7.467       7461 9.1390e-01    172.842    3.96937 1.0000e-12     0.0001     0.0003     0.9139     1.7254     0.0021     0.0004  1025.6627    25.6301      7.412    5.45611    17.0524    35.1671    1513.31    235.103    235.070 -9.990e-29
      7.411  45.146313    17.0535      7.571       7462 9.2104e-01    172.086    3.95201 1.0000e-12     0.0002     0.0003     0.9211     1.7221     0.0021     0.0004  1025.6631    25.6300      7.516    5.45612    17.0523    35.1670    1513.31    235.109    235.072 -9.990e-29
      7.479  45.146051    17.0529      7.655       7463 9.3105e-01    171.371    3.93559 1.0000e-12     0.0002     0.0002     0.9311     1.7187     0.0021     0.0004  1025.6638    25.6304      7.599    5.45618    17.0516    35.1673    1513.31    235.079    235.039 -9.990e-29
      7.517  45.145726    17.0523      7.696       7464 9.4361e-01    170.771    3.92181 1.0000e-12     0.0002     0.0002     0.9436     1.7157     0.0021     0.0004  1025.6643    25.6307      7.640    5.45624    17.0510    35.1675    1513.31    235.050    235.009 -9.990e-29
      7.526  45.145418    17.0517      7.676       7465 9.5564e-01    170.353    3.91222 1.0000e-12     0.0001     0.0002     0.9556     1.7134     0.0021     0.0004  1025.6646    25.6311      7.620    5.45629    17.0504    35.1678    1513.30    235.016    234.976 -9.990e-29
      7.512  45.145192    17.0515      7.634       7466 9.6392e-01    170.111    3.90666 1.0000e-12     0.0001     0.0002     0.9639     1.7115     0.0022     0.0004  1025.6644    25.6311      7.578    5.45631    17.0502    35.1678    1513.30    235.011    234.972 -9.990e-29
      7.480  45.145112    17.0515      7.592       7467 9.6537e-01    169.995    3.90399 1.0000e-12     0.0001     0.0002     0.9654     1.7099     0.0022     0.0004  1025.6642    25.6311      7.536    5.45631    17.0502    35.1677    1513.30    235.013    234.976 -9.990e-29
      7.434  45.145196    17.0516      7.529       7468 9.6137e-01    170.000    3.90411 1.0000e-12     0.0001     0.0002     0.9614     1.7088     0.0022     0.0004  1025.6639    25.6310      7.474    5.45630    17.0504    35.1677    1513.30    235.013    234.978 -9.990e-29
      7.381  45.145390    17.0525      7.425       7469 9.5543e-01    170.154    3.90765 1.0000e-12     0.0000     0.0002     0.9554     1.7083     0.0023     0.0004  1025.6628    25.6304      7.371    5.45623    17.0513    35.1672    1513.30    235.072    235.040 -9.990e-29
      7.328  45.145583    17.0530      7.342       7470 9.4559e-01    170.413    3.91359 1.0000e-12     0.0000     0.0002     0.9456     1.7082     0.0023     0.0004  1025.6621    25.6301      7.288    5.45618    17.0518    35.1669    1513.30    235.098    235.069 -9.990e-29
      7.283  45.145580    17.0529      7.300       7471 9.3127e-01    170.668    3.91944 1.0000e-12     0.0001     0.0002     0.9313     1.7081     0.0023     0.0003  1025.6620    25.6302      7.247    5.45619    17.0517    35.1670    1513.30    235.087    235.059 -9.990e-29
      7.251  45.145338    17.0522      7.216       7472 9.2002e-01    170.819    3.92290 1.0000e-12     0.0001     0.0002     0.9200     1.7076     0.0023     0.0003  1025.6622    25.6307      7.163    5.45625    17.0510    35.1675    1513.30    235.037    235.012 -9.990e-29
      7.234  45.145060    17.0520      7.258       7473 9.1533e-01    170.794    3.92234 1.0000e-12     0.0001     0.0003     0.9153     1.7065     0.0022     0.0003  1025.6623    25.6307      7.205    5.45627    17.0508    35.1674    1513.30    235.040    235.013 -9.990e-29
      7.226  45.144832    17.0518      7.279       7474 9.1599e-01    170.596    3.91779 1.0000e-12     0.0001     0.0003     0.9160     1.7048     0.0022     0.0003  1025.6625    25.6307      7.226    5.45629    17.0506    35.1674    1513.30    235.038    235.011 -9.990e-29
      7.221  45.144596    17.0515      7.258       7475 9.2168e-01    170.300    3.91098 1.0000e-12     0.0001     0.0002     0.9217     1.7030     0.0022     0.0002  1025.6625    25.6308      7.205    5.45632    17.0503    35.1674    1513.30    235.026    235.000 -9.990e-29
      7.220  45.144346    17.0511      7.258       7476 9.2983e-01    169.988    3.90384 1.0000e-12     0.0001     0.0002     0.9298     1.7015     0.0022     0.0002  1025.6627    25.6310      7.205    5.45636    17.0499    35.1675    1513.30    235.008    234.981 -9.990e-29
      7.220  45.144137    17.0510      7.279       7477 9.3610e-01    169.756    3.89851 1.0000e-12     0.0001     0.0001     0.9361     1.7007     0.0022     0.0002  1025.6627    25.6309      7.226    5.45638    17.0498    35.1674    1513.29    235.014    234.986 -9.990e-29
      7.221  45.143978    17.0511      7.279       7478 9.3753e-01    169.710    3.89744 1.0000e-12     0.0001     0.0001     0.9375     1.7007     0.0022     0.0003  1025.6625    25.6307      7.226    5.45637    17.0499    35.1672    1513.30    235.032    235.005 -9.990e-29
