inst/extdata/S285_ctd/S285-012-HC.cnv
* Sea-Bird SBE19plus Data File:
* FileName = C:\Data\CTD\Hex\S285-012-HC.hex
* Software Version 1.25
* Temperature SN =  7706
* Conductivity SN =  7706
* System UpLoad Time = Apr 07 2019 02:30:10
** StationS285-012-HC
** UTC (Time)09:47
** Latitude:43 11.0'S
** Longitude:176 21.1'W
** Bottom Depth [m]481
** Chief ScientistBen Harden
** General Locale
** Carousel - SN:7706
** Voltage Channels:	Instrument Name:	Instrument SN:
** Voltage 0	Free	x
** Voltage 1	Free	x
** Voltage 2		SCF3735
** Voltage 3		3329
** Voltage 4	Seapoint Chl-a	70623
** Voltage 5	Dissolved O2	X
** 
# nquan = 25                                
# nvalues = 8210                        
# units = specified
# name 0 = depSM: Depth [salt water, m]
# name 1 = c0mS/cm: Conductivity [mS/cm]
# name 2 = tv290C: Temperature [ITS-90, deg C]
# name 3 = prdM: Pressure, Strain Gauge [db]
# name 4 = scan: Scan Count
# name 5 = flSP: Fluorescence, Seapoint
# name 6 = sbeox0Mm/Kg: Oxygen, SBE 43 [umol/Kg]
# name 7 = sbeox0ML/L: Oxygen, SBE 43 [ml/l]
# name 8 = par: PAR/Irradiance, Biospherical/Licor
# name 9 = v0: Voltage 0
# name 10 = v1: Voltage 1
# name 11 = v2: Voltage 2
# name 12 = v3: Voltage 3
# name 13 = v4: Voltage 4
# name 14 = v5: Voltage 5
# name 15 = density00: Density [density, Kg/m^3]
# name 16 = sigma-é00: Density [sigma-theta, Kg/m^3]
# name 17 = depSM: Depth [salt water, m], lat = -36
# name 18 = oxsatML/L: Oxygen Saturation [ml/l]
# name 19 = potemp090C: Potential Temperature [ITS-90, deg C]
# name 20 = sal00: Salinity [PSU]
# name 21 = svCM: Sound Velocity [Chen-Millero, m/s]
# name 22 = sva: Specific Volume Anomaly [10^-8 * m^3/Kg]
# name 23 = tsa: Thermosteric Anomaly [10^-8 * m^3/Kg]
# name 24 = flag: flag
# span 0 =     -0.095,    385.872       
# span 1 =   0.009968,  45.169547       
# span 2 =     9.6108,    17.0678       
# span 3 =     -0.144,    389.244       
# span 4 =          1,       8210       
# span 5 = 4.6228e-02, 1.3136e+00       
# span 6 =    128.715,    276.513       
# span 7 =    2.95618,    6.34754       
# span 8 = 1.0000e-12, 1.5601e-01       
# span 9 =     0.0000,     0.0005       
# span 10 =     0.0000,     0.0005      
# span 11 =     0.0462,     1.3136      
# span 12 =     1.2941,     2.3289      
# span 13 =     0.0019,     1.0301      
# span 14 =     0.0001,     0.0006      
# span 15 =   999.1039,  1028.5262      
# span 16 =    -0.8957,    26.7756      
# span 17 =     -0.143,    386.036      
# span 18 =    5.45471,    7.05608      
# span 19 =     9.5665,    17.0654      
# span 20 =     0.0114,    35.1719      
# span 21 =    1465.75,    1513.87      
# span 22 =    134.647,   2823.452      
# span 23 =    126.960,   2823.655      
# span 24 = 0.0000e+00, 0.0000e+00      
# interval = seconds: 0.25                        
# start_time = Apr 06 2019 02:44:43
# bad_flag = -9.990e-29
*END*
[from data line 2261]
      5.731  45.140761    17.0525      5.680       2262 8.5474e-01    189.776    4.35824 1.0000e-12     0.0002     0.0002     0.8547     1.8336     0.0022     0.0004  1025.6525    25.6277      5.638    5.45634    17.0516    35.1638    1513.27    235.262    235.286 0.0000e+00
      5.851  45.140684    17.0522      5.763       2263 8.3941e-01    189.360    4.34869 1.0000e-12     0.0002     0.0002     0.8394     1.8305     0.0023     0.0004  1025.6531    25.6279      5.721    5.45636    17.0513    35.1640    1513.27    235.246    235.267 0.0000e+00
      5.998  45.140559    17.0515      5.951       2264 8.2415e-01    188.361    4.32576 1.0000e-12     0.0002     0.0002     0.8242     1.8252     0.0023     0.0004  1025.6544    25.6284      5.907    5.45642    17.0505    35.1644    1513.27    235.205    235.220 0.0000e+00
      6.170  45.140531    17.0509      6.138       2265 8.0671e-01    186.851    4.29108 1.0000e-12     0.0001     0.0002     0.8067     1.8185     0.0023     0.0003  1025.6557    25.6289      6.093    5.45647    17.0499    35.1648    1513.27    235.166    235.175 0.0000e+00
      6.361  45.140779    17.0508      6.347       2266 7.9473e-01    184.967    4.24781 1.0000e-12     0.0001     0.0002     0.7947     1.8110     0.0023     0.0003  1025.6568    25.6291      6.301    5.45648    17.0498    35.1651    1513.28    235.154    235.157 0.0000e+00
      6.567  45.141454    17.0512      6.576       2267 7.9444e-01    182.931    4.20106 1.0000e-12     0.0001     0.0002     0.7944     1.8033     0.0022     0.0003  1025.6579    25.6291      6.528    5.45643    17.0501    35.1652    1513.28    235.160    235.155 0.0000e+00
      6.783  45.142591    17.0516      6.806       2268 8.0482e-01    181.038    4.15759 1.0000e-12     0.0002     0.0002     0.8048     1.7961     0.0022     0.0003  1025.6592    25.6295      6.756    5.45637    17.0505    35.1658    1513.29    235.135    235.123 0.0000e+00
      7.005  45.144250    17.0529      7.056       2269 8.2169e-01    179.537    4.12312 1.0000e-12     0.0002     0.0002     0.8217     1.7901     0.0022     0.0003  1025.6602    25.6293      7.004    5.45622    17.0517    35.1660    1513.30    235.157    235.137 0.0000e+00
      7.227  45.146507    17.0566      7.306       2270 8.3757e-01    178.561    4.10072 1.0000e-12     0.0002     0.0002     0.8375     1.7855     0.0021     0.0003  1025.6593    25.6274      7.252    5.45588    17.0554    35.1646    1513.31    235.348    235.320 0.0000e+00
      7.441  45.148979    17.0601      7.577       2271 8.4655e-01    178.064    4.08930 1.0000e-12     0.0002     0.0002     0.8465     1.7820     0.0021     0.0003  1025.6589    25.6258      7.521    5.45554    17.0589    35.1636    1513.32    235.510    235.473 0.0000e+00
      7.640  45.150992    17.0623      7.744       2272 8.5112e-01    177.810    4.08346 1.0000e-12     0.0002     0.0002     0.8511     1.7785     0.0021     0.0003  1025.6589    25.6251      7.687    5.45531    17.0610    35.1634    1513.33    235.582    235.540 0.0000e+00
      7.818  45.152296    17.0636      8.036       2273 8.5417e-01    177.569    4.07791 1.0000e-12     0.0002     0.0002     0.8541     1.7744     0.0021     0.0002  1025.6598    25.6247      7.977    5.45518    17.0623    35.1633    1513.34    235.629    235.578 0.0000e+00
      7.966  45.152990    17.0645      8.161       2274 8.5643e-01    177.260    4.07081 1.0000e-12     0.0002     0.0002     0.8564     1.7699     0.0021     0.0002  1025.6600    25.6244      8.101    5.45509    17.0632    35.1630    1513.34    235.670    235.615 0.0000e+00
      8.077  45.153139    17.0643      8.286       2275 8.6226e-01    176.841    4.06120 1.0000e-12     0.0002     0.0002     0.8623     1.7652     0.0021     0.0002  1025.6608    25.6246      8.225    5.45510    17.0629    35.1633    1513.35    235.651    235.591 0.0000e+00
      8.153  45.152862    17.0642      8.349       2276 8.7283e-01    176.278    4.04827 1.0000e-12     0.0002     0.0002     0.8728     1.7604     0.0021     0.0003  1025.6610    25.6245      8.288    5.45512    17.0628    35.1631    1513.35    235.664    235.602 0.0000e+00
      8.193  45.152289    17.0640      8.411       2277 8.8226e-01    175.622    4.03319 1.0000e-12     0.0002     0.0002     0.8823     1.7558     0.0021     0.0003  1025.6610    25.6243      8.349    5.45515    17.0626    35.1628    1513.35    235.686    235.623 0.0000e+00
      8.196  45.151389    17.0629      8.390       2278 8.8607e-01    174.990    4.01867 1.0000e-12     0.0001     0.0002     0.8861     1.7517     0.0021     0.0003  1025.6613    25.6247      8.329    5.45526    17.0615    35.1629    1513.34    235.647    235.585 -9.990e-29
      8.166  45.150147    17.0611      8.349       2279 8.8435e-01    174.461    4.00652 1.0000e-12     0.0001     0.0002     0.8844     1.7482     0.0022     0.0003  1025.6620    25.6255      8.288    5.45544    17.0597    35.1634    1513.34    235.568    235.507 -9.990e-29
      8.108  45.148746    17.0592      8.244       2280 8.8247e-01    174.059    3.99729 1.0000e-12     0.0001     0.0003     0.8825     1.7451     0.0022     0.0003  1025.6623    25.6263      8.184    5.45562    17.0578    35.1639    1513.33    235.487    235.429 -9.990e-29
      8.033  45.147458    17.0576      8.077       2281 8.8728e-01    173.808    3.99153 1.0000e-12     0.0001     0.0003     0.8873     1.7425     0.0022     0.0003  1025.6622    25.6270      8.018    5.45578    17.0563    35.1643    1513.32    235.421    235.368 -9.990e-29
      7.959  45.146442    17.0565      7.973       2282 8.9787e-01    173.698    3.98902 1.0000e-12     0.0001     0.0003     0.8979     1.7403     0.0022     0.0003  1025.6621    25.6273      7.915    5.45589    17.0552    35.1644    1513.32    235.384    235.335 -9.990e-29
      7.896  45.145727    17.0555      7.869       2283 9.1100e-01    173.672    3.98842 1.0000e-12     0.0001     0.0002     0.9110     1.7383     0.0022     0.0003  1025.6621    25.6278      7.811    5.45599    17.0542    35.1647    1513.32    235.337    235.291 -9.990e-29
      7.855  45.145364    17.0547      7.765       2284 9.2578e-01    173.648    3.98788 1.0000e-12     0.0001     0.0002     0.9258     1.7364     0.0022     0.0003  1025.6622    25.6283      7.708    5.45606    17.0534    35.1651    1513.31    235.285    235.242 -9.990e-29
      7.851  45.145458    17.0542      7.702       2285 9.2557e-01    173.591    3.98657 1.0000e-12     0.0001     0.0002     0.9255     1.7345     0.0023     0.0003  1025.6624    25.6288      7.646    5.45610    17.0529    35.1656    1513.31    235.232    235.191 -9.990e-29
      7.895  45.146114    17.0547      7.744       2286 8.9460e-01    173.563    3.98592 1.0000e-12     0.0001     0.0002     0.8946     1.7330     0.0023     0.0003  1025.6626    25.6288      7.687    5.45604    17.0534    35.1658    1513.31    235.235    235.193 -9.990e-29
      7.986  45.147342    17.0567      7.890       2287 8.4735e-01    173.578    3.98628 1.0000e-12     0.0001     0.0002     0.8473     1.7319     0.0023     0.0003  1025.6622    25.6277      7.832    5.45585    17.0554    35.1650    1513.32    235.339    235.292 -9.990e-29
      8.118  45.148913    17.0590      8.057       2288 8.0520e-01    173.496    3.98440 1.0000e-12     0.0001     0.0003     0.8052     1.7305     0.0023     0.0003  1025.6618    25.6267      7.998    5.45563    17.0577    35.1643    1513.33    235.448    235.396 -9.990e-29
      8.281  45.150431    17.0608      8.224       2289 7.8109e-01    173.206    3.97774 1.0000e-12     0.0001     0.0003     0.7811     1.7281     0.0022     0.0003  1025.6619    25.6260      8.164    5.45545    17.0594    35.1640    1513.34    235.517    235.460 -9.990e-29
      8.470  45.151644    17.0617      8.475       2290 7.7663e-01    172.714    3.96643 1.0000e-12     0.0001     0.0004     0.7766     1.7249     0.0022     0.0003  1025.6629    25.6259      8.413    5.45535    17.0603    35.1642    1513.34    235.532    235.467 0.0000e+00
      8.674  45.152611    17.0623      8.725       2291 7.8170e-01    172.068    3.95159 1.0000e-12     0.0001     0.0004     0.7817     1.7213     0.0022     0.0003  1025.6641    25.6260      8.661    5.45528    17.0609    35.1644    1513.35    235.538    235.465 0.0000e+00
      8.879  45.153507    17.0634      9.017       2292 7.8668e-01    171.355    3.93520 1.0000e-12     0.0001     0.0004     0.7867     1.7175     0.0022     0.0003  1025.6649    25.6255      8.951    5.45517    17.0619    35.1641    1513.36    235.593    235.511 0.0000e+00
      9.069  45.154386    17.0640      9.247       2293 7.9146e-01    170.604    3.91795 1.0000e-12     0.0001     0.0003     0.7915     1.7138     0.0022     0.0003  1025.6658    25.6255      9.179    5.45510    17.0625    35.1643    1513.36    235.603    235.513 0.0000e+00
      9.234  45.155171    17.0652      9.414       2294 8.0476e-01    169.762    3.89861 1.0000e-12     0.0001     0.0003     0.8048     1.7097     0.0023     0.0003  1025.6660    25.6249      9.345    5.45499    17.0636    35.1638    1513.37    235.667    235.572 0.0000e+00
      9.371  45.155743    17.0661      9.560       2295 8.2648e-01    168.846    3.87757 1.0000e-12     0.0001     0.0002     0.8265     1.7052     0.0023     0.0003  1025.6661    25.6244      9.490    5.45491    17.0645    35.1635    1513.37    235.717    235.617 0.0000e+00
      9.479  45.155991    17.0664      9.664       2296 8.4760e-01    167.984    3.85779 1.0000e-12     0.0001     0.0002     0.8476     1.7007     0.0024     0.0003  1025.6665    25.6243      9.593    5.45488    17.0648    35.1634    1513.38    235.733    235.630 0.0000e+00
      9.557  45.155901    17.0660      9.768       2297 8.6387e-01    167.299    3.84204 1.0000e-12     0.0001     0.0001     0.8639     1.6968     0.0024     0.0003  1025.6672    25.6245      9.696    5.45491    17.0644    35.1636    1513.38    235.711    235.604 0.0000e+00
      9.603  45.155588    17.0653      9.789       2298 8.7433e-01    166.845    3.83163 1.0000e-12     0.0001     0.0001     0.8743     1.6938     0.0024     0.0003  1025.6677    25.6250      9.717    5.45498    17.0637    35.1640    1513.38    235.672    235.564 0.0000e+00
      9.622  45.155234    17.0648      9.747       2299 8.7953e-01    166.613    3.82629 1.0000e-12     0.0001     0.0001     0.8795     1.6917     0.0024     0.0003  1025.6677    25.6252      9.676    5.45502    17.0632    35.1641    1513.37    235.648    235.543 -9.990e-29
      9.626  45.154954    17.0644      9.726       2300 8.8108e-01    166.536    3.82453 1.0000e-12     0.0000     0.0001     0.8811     1.6901     0.0023     0.0003  1025.6678    25.6254      9.655    5.45506    17.0628    35.1642    1513.37    235.630    235.525 -9.990e-29
      9.622  45.154776    17.0641      9.705       2301 8.7953e-01    166.554    3.82495 1.0000e-12     0.0000     0.0001     0.8795     1.6886     0.0023     0.0003  1025.6679    25.6255      9.634    5.45509    17.0625    35.1643    1513.37    235.614    235.510 -9.990e-29
      9.620  45.154734    17.0639      9.601       2302 8.7625e-01    166.597    3.82592 1.0000e-12     0.0000     0.0001     0.8763     1.6869     0.0022     0.0003  1025.6676    25.6257      9.531    5.45511    17.0623    35.1645    1513.37    235.594    235.492 -9.990e-29
      9.635  45.154858    17.0641      9.601       2303 8.6754e-01    166.567    3.82525 1.0000e-12     0.0000     0.0001     0.8676     1.6849     0.0022     0.0002  1025.6675    25.6256      9.531    5.45509    17.0625    35.1645    1513.37    235.603    235.502 -9.990e-29
      9.677  45.155157    17.0645      9.622       2304 8.4953e-01    166.367    3.82065 1.0000e-12     0.0000     0.0001     0.8496     1.6824     0.0022     0.0002  1025.6675    25.6254      9.551    5.45505    17.0629    35.1644    1513.37    235.620    235.518 -9.990e-29
      9.749  45.155586    17.0649      9.684       2305 8.2724e-01    165.924    3.81049 1.0000e-12     0.0000     0.0002     0.8273     1.6790     0.0022     0.0002  1025.6676    25.6253      9.613    5.45501    17.0633    35.1644    1513.37    235.631    235.527 -9.990e-29
      9.854  45.156032    17.0654      9.788       2306 8.0152e-01    165.247    3.79492 1.0000e-12     0.0001     0.0002     0.8015     1.6751     0.0022     0.0003  1025.6679    25.6252      9.716    5.45496    17.0638    35.1643    1513.38    235.652    235.545 -9.990e-29
      9.994  45.156454    17.0657      9.934       2307 7.7306e-01    164.413    3.77576 1.0000e-12     0.0001     0.0003     0.7731     1.6707     0.0022     0.0003  1025.6685    25.6251      9.861    5.45492    17.0641    35.1643    1513.38    235.660    235.548 0.0000e+00
     10.167  45.156881    17.0661     10.122       2308 7.5086e-01    163.521    3.75528 1.0000e-12     0.0001     0.0003     0.7509     1.6664     0.0021     0.0003  1025.6692    25.6250     10.048    5.45488    17.0644    35.1643    1513.38    235.678    235.561 0.0000e+00
     10.368  45.157306    17.0665     10.351       2309 7.3923e-01    162.637    3.73499 1.0000e-12     0.0001     0.0003     0.7392     1.6621     0.0021     0.0004  1025.6701    25.6249     10.275    5.45484    17.0648    35.1642    1513.39    235.700    235.575 0.0000e+00
     10.593  45.157680    17.0669     10.601       2310 7.3490e-01    161.810    3.71599 1.0000e-12     0.0001     0.0002     0.7349     1.6579     0.0021     0.0004  1025.6710    25.6247     10.523    5.45480    17.0652    35.1641    1513.39    235.725    235.593 0.0000e+00
     10.834  45.157979    17.0670     10.893       2311 7.3486e-01    161.115    3.70004 1.0000e-12     0.0001     0.0002     0.7349     1.6541     0.0021     0.0004  1025.6723    25.6247     10.813    5.45479    17.0652    35.1641    1513.40    235.733    235.590 0.0000e+00
     11.081  45.158198    17.0672     11.184       2312 7.3903e-01    160.631    3.68891 1.0000e-12     0.0002     0.0002     0.7390     1.6510     0.0021     0.0003  1025.6734    25.6246     11.102    5.45477    17.0654    35.1640    1513.40    235.753    235.602 0.0000e+00
     11.321  45.158326    17.0669     11.497       2313 7.4766e-01    160.377    3.68308 1.0000e-12     0.0002     0.0002     0.7477     1.6487     0.0021     0.0003  1025.6751    25.6249     11.413    5.45480    17.0650    35.1643    1513.41    235.738    235.577 0.0000e+00
     11.543  45.158398    17.0670     11.706       2314 7.5922e-01    160.285    3.68098 1.0000e-12     0.0001     0.0001     0.7592     1.6467     0.0022     0.0002  1025.6759    25.6248     11.620    5.45479    17.0651    35.1642    1513.41    235.755    235.587 0.0000e+00
     11.745  45.158455    17.0668     11.914       2315 7.7375e-01    160.220    3.67947 1.0000e-12     0.0001     0.0001     0.7738     1.6447     0.0022     0.0002  1025.6770    25.6250     11.827    5.45481    17.0648    35.1643    1513.42    235.746    235.572 0.0000e+00
     11.924  45.158511    17.0668     12.144       2316 7.9465e-01    160.053    3.67565 1.0000e-12     0.0001     0.0001     0.7947     1.6421     0.0022     0.0002  1025.6780    25.6249     12.055    5.45481    17.0648    35.1643    1513.42    235.757    235.575 0.0000e+00
     12.075  45.158583    17.0669     12.269       2317 8.1881e-01    159.724    3.66809 1.0000e-12     0.0001     0.0001     0.8188     1.6388     0.0022     0.0002  1025.6784    25.6249     12.179    5.45480    17.0649    35.1642    1513.42    235.768    235.582 0.0000e+00
     12.195  45.158648    17.0669     12.435       2318 8.3873e-01    159.206    3.65620 1.0000e-12     0.0001     0.0001     0.8387     1.6350     0.0022     0.0002  1025.6792    25.6249     12.344    5.45480    17.0648    35.1642    1513.42    235.774    235.583 0.0000e+00
