inst/extdata/S285_ctd/S285-012-HC.cnv
* Sea-Bird SBE19plus Data File:
* FileName = C:\Data\CTD\Hex\S285-012-HC.hex
* Software Version 1.25
* Temperature SN =  7706
* Conductivity SN =  7706
* System UpLoad Time = Apr 07 2019 02:30:10
** StationS285-012-HC
** UTC (Time)09:47
** Latitude:43 11.0'S
** Longitude:176 21.1'W
** Bottom Depth [m]481
** Chief ScientistBen Harden
** General Locale
** Carousel - SN:7706
** Voltage Channels:	Instrument Name:	Instrument SN:
** Voltage 0	Free	x
** Voltage 1	Free	x
** Voltage 2		SCF3735
** Voltage 3		3329
** Voltage 4	Seapoint Chl-a	70623
** Voltage 5	Dissolved O2	X
** 
# nquan = 25                                
# nvalues = 8210                        
# units = specified
# name 0 = depSM: Depth [salt water, m]
# name 1 = c0mS/cm: Conductivity [mS/cm]
# name 2 = tv290C: Temperature [ITS-90, deg C]
# name 3 = prdM: Pressure, Strain Gauge [db]
# name 4 = scan: Scan Count
# name 5 = flSP: Fluorescence, Seapoint
# name 6 = sbeox0Mm/Kg: Oxygen, SBE 43 [umol/Kg]
# name 7 = sbeox0ML/L: Oxygen, SBE 43 [ml/l]
# name 8 = par: PAR/Irradiance, Biospherical/Licor
# name 9 = v0: Voltage 0
# name 10 = v1: Voltage 1
# name 11 = v2: Voltage 2
# name 12 = v3: Voltage 3
# name 13 = v4: Voltage 4
# name 14 = v5: Voltage 5
# name 15 = density00: Density [density, Kg/m^3]
# name 16 = sigma-é00: Density [sigma-theta, Kg/m^3]
# name 17 = depSM: Depth [salt water, m], lat = -36
# name 18 = oxsatML/L: Oxygen Saturation [ml/l]
# name 19 = potemp090C: Potential Temperature [ITS-90, deg C]
# name 20 = sal00: Salinity [PSU]
# name 21 = svCM: Sound Velocity [Chen-Millero, m/s]
# name 22 = sva: Specific Volume Anomaly [10^-8 * m^3/Kg]
# name 23 = tsa: Thermosteric Anomaly [10^-8 * m^3/Kg]
# name 24 = flag: flag
# span 0 =     -0.095,    385.872       
# span 1 =   0.009968,  45.169547       
# span 2 =     9.6108,    17.0678       
# span 3 =     -0.144,    389.244       
# span 4 =          1,       8210       
# span 5 = 4.6228e-02, 1.3136e+00       
# span 6 =    128.715,    276.513       
# span 7 =    2.95618,    6.34754       
# span 8 = 1.0000e-12, 1.5601e-01       
# span 9 =     0.0000,     0.0005       
# span 10 =     0.0000,     0.0005      
# span 11 =     0.0462,     1.3136      
# span 12 =     1.2941,     2.3289      
# span 13 =     0.0019,     1.0301      
# span 14 =     0.0001,     0.0006      
# span 15 =   999.1039,  1028.5262      
# span 16 =    -0.8957,    26.7756      
# span 17 =     -0.143,    386.036      
# span 18 =    5.45471,    7.05608      
# span 19 =     9.5665,    17.0654      
# span 20 =     0.0114,    35.1719      
# span 21 =    1465.75,    1513.87      
# span 22 =    134.647,   2823.452      
# span 23 =    126.960,   2823.655      
# span 24 = 0.0000e+00, 0.0000e+00      
# interval = seconds: 0.25                        
# start_time = Apr 06 2019 02:44:43
# bad_flag = -9.990e-29
*END*
[from data line 5798]
    235.053  39.256376    11.2559    236.897       5799 5.0004e-02    136.366    3.13475 1.0000e-12     0.0002     0.0003     0.0500     1.3272     0.0022     0.0003  1027.6885    26.6300    235.031    6.15327    11.2262    34.8661    1498.01    145.918    140.593 0.0000e+00
    234.944  39.257265    11.2569    236.771       5800 4.9920e-02    136.361    3.13463 1.0000e-12     0.0002     0.0003     0.0499     1.3272     0.0022     0.0003  1027.6877    26.6298    234.906    6.15314    11.2273    34.8661    1498.01    145.933    140.611 0.0000e+00
    234.846  39.258331    11.2585    236.625       5801 4.9831e-02    136.359    3.13459 1.0000e-12     0.0002     0.0003     0.0498     1.3272     0.0022     0.0003  1027.6865    26.6292    234.762    6.15295    11.2289    34.8657    1498.02    145.987    140.668 0.0000e+00
    234.769  39.259464    11.2596    236.500       5802 4.9756e-02    136.357    3.13454 1.0000e-12     0.0002     0.0002     0.0497     1.3272     0.0022     0.0003  1027.6858    26.6291    234.638    6.15280    11.2300    34.8658    1498.02    145.993    140.676 0.0000e+00
    234.720  39.260446    11.2607    236.479       5803 4.9709e-02    136.360    3.13461 1.0000e-12     0.0001     0.0002     0.0497     1.3273     0.0022     0.0003  1027.6855    26.6289    234.617    6.15265    11.2311    34.8658    1498.02    146.017    140.700 0.0000e+00
    234.701  39.261194    11.2615    236.437       5804 4.9637e-02    136.366    3.13474 1.0000e-12     0.0001     0.0002     0.0496     1.3273     0.0022     0.0003  1027.6851    26.6287    234.575    6.15255    11.2319    34.8658    1498.02    146.030    140.713 0.0000e+00
    234.708  39.261758    11.2619    236.500       5805 4.9552e-02    136.369    3.13481 1.0000e-12     0.0001     0.0001     0.0496     1.3273     0.0022     0.0003  1027.6855    26.6288    234.638    6.15249    11.2323    34.8659    1498.03    146.027    140.709 -9.990e-29
    234.733  39.262182    11.2624    236.583       5806 4.9427e-02    136.379    3.13503 1.0000e-12     0.0001     0.0001     0.0494     1.3273     0.0022     0.0003  1027.6857    26.6286    234.720    6.15242    11.2328    34.8658    1498.03    146.044    140.724 -9.990e-29
    234.761  39.262456    11.2626    236.667       5807 4.9176e-02    136.395    3.13541 1.0000e-12     0.0002     0.0002     0.0492     1.3274     0.0022     0.0004  1027.6860    26.6286    234.803    6.15240    11.2330    34.8659    1498.03    146.046    140.724 -9.990e-29
    234.778  39.262559    11.2624    236.751       5808 4.8961e-02    136.411    3.13576 1.0000e-12     0.0002     0.0002     0.0490     1.3274     0.0022     0.0004  1027.6867    26.6288    234.886    6.15241    11.2328    34.8661    1498.03    146.026    140.702 -9.990e-29
    234.771  39.262586    11.2622    236.772       5809 4.8874e-02    136.428    3.13617 1.0000e-12     0.0002     0.0002     0.0489     1.3275     0.0022     0.0004  1027.6870    26.6290    234.907    6.15243    11.2326    34.8663    1498.03    146.008    140.684 -9.990e-29
    234.728  39.262690    11.2625    236.772       5810 4.8778e-02    136.440    3.13645 1.0000e-12     0.0002     0.0002     0.0488     1.3276     0.0023     0.0005  1027.6868    26.6288    234.907    6.15240    11.2329    34.8662    1498.03    146.027    140.702 -9.990e-29
    234.645  39.262881    11.2628    236.667       5811 4.8719e-02    136.428    3.13617 1.0000e-12     0.0002     0.0002     0.0487     1.3275     0.0023     0.0004  1027.6862    26.6288    234.803    6.15236    11.2332    34.8661    1498.03    146.033    140.711 -9.990e-29
    234.522  39.263064    11.2630    236.521       5812 4.8733e-02    136.394    3.13537 1.0000e-12     0.0002     0.0002     0.0487     1.3274     0.0023     0.0004  1027.6855    26.6288    234.658    6.15233    11.2334    34.8662    1498.03    146.029    140.710 -9.990e-29
    234.364  39.263218    11.2628    236.354       5813 4.8864e-02    136.351    3.13439 1.0000e-12     0.0002     0.0001     0.0489     1.3273     0.0023     0.0003  1027.6852    26.6291    234.493    6.15234    11.2332    34.8666    1498.03    145.991    140.676 0.0000e+00
    234.179  39.263438    11.2630    236.082       5814 4.9207e-02    136.312    3.13350 1.0000e-12     0.0002     0.0001     0.0492     1.3273     0.0023     0.0003  1027.6840    26.6292    234.223    6.15231    11.2334    34.8667    1498.02    145.977    140.668 0.0000e+00
    233.980  39.263838    11.2634    235.853       5815 4.9636e-02    136.290    3.13299 1.0000e-12     0.0003     0.0001     0.0496     1.3273     0.0023     0.0002  1027.6830    26.6292    233.996    6.15225    11.2339    34.8668    1498.02    145.970    140.667 0.0000e+00
    233.775  39.264437    11.2640    235.644       5816 5.0021e-02    136.285    3.13287 1.0000e-12     0.0003     0.0001     0.0500     1.3273     0.0023     0.0002  1027.6821    26.6292    233.789    6.15217    11.2345    34.8670    1498.02    145.967    140.668 0.0000e+00
    233.571  39.265198    11.2650    235.351       5817 5.0424e-02    136.276    3.13268 1.0000e-12     0.0003     0.0001     0.0504     1.3273     0.0023     0.0002  1027.6805    26.6289    233.498    6.15204    11.2355    34.8669    1498.02    145.983    140.690 0.0000e+00
    233.382  39.266107    11.2660    235.142       5818 5.0744e-02    136.260    3.13231 1.0000e-12     0.0003     0.0002     0.0508     1.3272     0.0023     0.0002  1027.6794    26.6288    233.291    6.15191    11.2366    34.8670    1498.02    145.992    140.704 0.0000e+00
    233.213  39.267134    11.2672    234.996       5819 5.0791e-02    136.255    3.13220 1.0000e-12     0.0002     0.0002     0.0508     1.3272     0.0023     0.0003  1027.6785    26.6285    233.146    6.15175    11.2378    34.8669    1498.02    146.014    140.729 0.0000e+00
    233.064  39.268191    11.2680    234.829       5820 5.0705e-02    136.268    3.13248 1.0000e-12     0.0002     0.0002     0.0507     1.3272     0.0023     0.0003  1027.6779    26.6287    232.981    6.15163    11.2386    34.8673    1498.02    145.998    140.716 0.0000e+00
    232.930  39.269233    11.2689    234.767       5821 5.0612e-02    136.285    3.13288 1.0000e-12     0.0002     0.0002     0.0506     1.3272     0.0023     0.0004  1027.6776    26.6287    232.919    6.15150    11.2395    34.8675    1498.02    145.997    140.716 0.0000e+00
    232.801  39.270320    11.2699    234.662       5822 5.0510e-02    136.296    3.13313 1.0000e-12     0.0002     0.0002     0.0505     1.3273     0.0022     0.0003  1027.6771    26.6286    232.815    6.15136    11.2405    34.8677    1498.02    145.999    140.720 0.0000e+00
    232.665  39.271507    11.2715    234.599       5823 5.0430e-02    136.299    3.13320 1.0000e-12     0.0002     0.0002     0.0504     1.3273     0.0022     0.0003  1027.6763    26.6281    232.753    6.15116    11.2421    34.8674    1498.03    146.049    140.771 0.0000e+00
    232.513  39.272770    11.2729    234.432       5824 5.0278e-02    136.309    3.13343 1.0000e-12     0.0002     0.0001     0.0502     1.3274     0.0022     0.0003  1027.6752    26.6278    232.587    6.15098    11.2435    34.8674    1498.03    146.069    140.795 0.0000e+00
    232.340  39.273999    11.2740    234.286       5825 5.0034e-02    136.341    3.13416 1.0000e-12     0.0002     0.0001     0.0500     1.3275     0.0022     0.0002  1027.6746    26.6278    232.442    6.15082    11.2446    34.8676    1498.03    146.068    140.796 0.0000e+00
    232.140  39.275126    11.2751    234.119       5826 4.9796e-02    136.381    3.13508 1.0000e-12     0.0002     0.0001     0.0498     1.3276     0.0022     0.0002  1027.6737    26.6277    232.277    6.15067    11.2458    34.8677    1498.03    146.072    140.804 0.0000e+00
    231.913  39.276235    11.2764    233.827       5827 4.9638e-02    136.406    3.13566 1.0000e-12     0.0002     0.0001     0.0496     1.3277     0.0022     0.0002  1027.6722    26.6275    231.987    6.15050    11.2471    34.8677    1498.03    146.089    140.827 0.0000e+00
    231.663  39.277365    11.2776    233.576       5828 4.9563e-02    136.420    3.13598 1.0000e-12     0.0002     0.0001     0.0496     1.3278     0.0022     0.0002  1027.6709    26.6273    231.738    6.15034    11.2483    34.8678    1498.03    146.097    140.841 0.0000e+00
    231.397  39.278451    11.2786    233.263       5829 4.9567e-02    136.436    3.13635 1.0000e-12     0.0002     0.0001     0.0496     1.3279     0.0023     0.0002  1027.6695    26.6273    231.428    6.15020    11.2494    34.8681    1498.03    146.088    140.838 0.0000e+00
    231.123  39.279477    11.2795    232.949       5830 4.9554e-02    136.438    3.13639 1.0000e-12     0.0002     0.0001     0.0496     1.3279     0.0023     0.0002  1027.6682    26.6274    231.117    6.15006    11.2503    34.8684    1498.03    146.074    140.832 0.0000e+00
    230.851  39.280522    11.2805    232.636       5831 4.9455e-02    136.415    3.13585 1.0000e-12     0.0002     0.0002     0.0495     1.3279     0.0023     0.0002  1027.6668    26.6274    230.806    6.14992    11.2513    34.8686    1498.03    146.068    140.832 0.0000e+00
    230.590  39.281719    11.2812    232.344       5832 4.9472e-02    136.371    3.13485 1.0000e-12     0.0002     0.0002     0.0495     1.3278     0.0023     0.0002  1027.6658    26.6278    230.517    6.14981    11.2521    34.8693    1498.03    146.026    140.796 0.0000e+00
    230.347  39.283208    11.2823    232.072       5833 4.9701e-02    136.313    3.13354 1.0000e-12     0.0002     0.0001     0.0497     1.3277     0.0022     0.0003  1027.6648    26.6280    230.247    6.14964    11.2532    34.8699    1498.03    145.998    140.774 0.0000e+00
    230.128  39.285097    11.2841    231.842       5834 5.0035e-02    136.262    3.13235 1.0000e-12     0.0002     0.0001     0.0500     1.3277     0.0022     0.0003  1027.6637    26.6279    230.019    6.14939    11.2550    34.8701    1498.03    146.005    140.785 0.0000e+00
    229.936  39.287418    11.2863    231.634       5835 5.0361e-02    136.233    3.13169 1.0000e-12     0.0002     0.0001     0.0503     1.3277     0.0022     0.0003  1027.6626    26.6277    229.813    6.14909    11.2573    34.8704    1498.04    146.016    140.801 0.0000e+00
    229.774  39.290137    11.2896    231.487       5836 5.0592e-02    136.224    3.13147 1.0000e-12     0.0002     0.0002     0.0506     1.3277     0.0022     0.0003  1027.6610    26.6268    229.667    6.14867    11.2606    34.8701    1498.04    146.098    140.885 0.0000e+00
    229.637  39.293054    11.2934    231.383       5837 5.0626e-02    136.209    3.13113 1.0000e-12     0.0002     0.0002     0.0506     1.3277     0.0022     0.0003  1027.6593    26.6256    229.564    6.14819    11.2644    34.8694    1498.05    146.211    140.999 0.0000e+00
    229.521  39.295756    11.2959    231.258       5838 5.0428e-02    136.183    3.13055 1.0000e-12     0.0002     0.0002     0.0504     1.3276     0.0022     0.0003  1027.6586    26.6254    229.440    6.14785    11.2669    34.8698    1498.06    146.226    141.016 0.0000e+00
    229.422  39.298026    11.2979    231.195       5839 5.0036e-02    136.161    3.13003 1.0000e-12     0.0002     0.0002     0.0500     1.3275     0.0022     0.0003  1027.6582    26.6254    229.377    6.14757    11.2689    34.8702    1498.07    146.231    141.022 0.0000e+00
    229.336  39.300033    11.2999    231.132       5840 4.9615e-02    136.148    3.12972 1.0000e-12     0.0001     0.0002     0.0496     1.3275     0.0021     0.0003  1027.6577    26.6251    229.315    6.14730    11.2709    34.8703    1498.07    146.256    141.048 0.0000e+00
    229.257  39.301951    11.3022    231.049       5841 4.9516e-02    136.151    3.12979 1.0000e-12     0.0001     0.0002     0.0495     1.3275     0.0021     0.0003  1027.6567    26.6245    229.233    6.14700    11.2732    34.8701    1498.08    146.313    141.105 0.0000e+00
    229.180  39.303695    11.3042    231.028       5842 4.9767e-02    136.171    3.13024 1.0000e-12     0.0001     0.0002     0.0498     1.3276     0.0021     0.0004  1027.6561    26.6240    229.212    6.14674    11.2752    34.8699    1498.09    146.359    141.151 0.0000e+00
    229.097  39.305062    11.3055    230.965       5843 5.0065e-02    136.193    3.13074 1.0000e-12     0.0001     0.0002     0.0501     1.3277     0.0022     0.0004  1027.6557    26.6239    229.149    6.14657    11.2765    34.8701    1498.09    146.369    141.163 0.0000e+00
    229.004  39.306003    11.3062    230.840       5844 5.0306e-02    136.212    3.13118 1.0000e-12     0.0001     0.0001     0.0503     1.3278     0.0021     0.0004  1027.6553    26.6240    229.025    6.14646    11.2772    34.8704    1498.09    146.355    141.151 0.0000e+00
    228.902  39.306623    11.3066    230.777       5845 5.0498e-02    136.232    3.13164 1.0000e-12     0.0001     0.0001     0.0505     1.3279     0.0021     0.0004  1027.6551    26.6241    228.963    6.14640    11.2776    34.8707    1498.09    146.341    141.138 0.0000e+00
    228.787  39.307029    11.3069    230.652       5846 5.0520e-02    136.255    3.13216 1.0000e-12     0.0001     0.0001     0.0505     1.3279     0.0022     0.0004  1027.6546    26.6242    228.839    6.14635    11.2779    34.8708    1498.09    146.331    141.131 0.0000e+00
    228.660  39.307308    11.3072    230.506       5847 5.0347e-02    136.278    3.13270 1.0000e-12     0.0001     0.0002     0.0504     1.3280     0.0022     0.0004  1027.6540    26.6242    228.694    6.14631    11.2783    34.8709    1498.09    146.329    141.132 0.0000e+00
    228.524  39.307517    11.3073    230.360       5848 5.0182e-02    136.294    3.13306 1.0000e-12     0.0001     0.0002     0.0502     1.3280     0.0023     0.0003  1027.6534    26.6243    228.549    6.14629    11.2784    34.8711    1498.09    146.314    141.121 0.0000e+00
    228.382  39.307677    11.3074    230.192       5849 5.0154e-02    136.300    3.13319 1.0000e-12     0.0000     0.0003     0.0502     1.3281     0.0023     0.0003  1027.6528    26.6244    228.383    6.14627    11.2785    34.8712    1498.09    146.302    141.112 0.0000e+00
    228.240  39.307816    11.3076    230.026       5850 5.0276e-02    136.297    3.13314 1.0000e-12     0.0000     0.0003     0.0503     1.3281     0.0022     0.0004  1027.6520    26.6244    228.218    6.14625    11.2787    34.8712    1498.08    146.300    141.114 0.0000e+00
    228.103  39.307969    11.3078    229.879       5851 5.0540e-02    136.283    3.13282 1.0000e-12     0.0000     0.0002     0.0506     1.3281     0.0022     0.0004  1027.6513    26.6244    228.072    6.14622    11.2789    34.8713    1498.08    146.298    141.115 0.0000e+00
    227.973  39.308162    11.3081    229.754       5852 5.0808e-02    136.268    3.13246 1.0000e-12     0.0000     0.0002     0.0508     1.3281     0.0022     0.0003  1027.6507    26.6243    227.948    6.14618    11.2793    34.8712    1498.08    146.303    141.123 0.0000e+00
    227.851  39.308372    11.3081    229.587       5853 5.0901e-02    136.258    3.13224 1.0000e-12     0.0000     0.0002     0.0509     1.3281     0.0022     0.0003  1027.6501    26.6245    227.783    6.14617    11.2793    34.8715    1498.08    146.278    141.103 0.0000e+00
    227.746  39.308584    11.3084    229.462       5854 5.0728e-02    136.255    3.13217 1.0000e-12     0.0001     0.0002     0.0507     1.3282     0.0023     0.0004  1027.6495    26.6244    227.659    6.14613    11.2796    34.8715    1498.08    146.282    141.109 0.0000e+00
    227.660  39.308837    11.3087    229.378       5855 5.0457e-02    136.259    3.13225 1.0000e-12     0.0001     0.0002     0.0505     1.3282     0.0023     0.0004  1027.6491    26.6244    227.576    6.14609    11.2799    34.8715    1498.08    146.285    141.114 0.0000e+00
