inst/extdata/S285_ctd/S285-012-HC.ros
* Sea-Bird SBE19plus Data File:
* FileName = C:\Data\CTD\Hex\S285-012-HC.hex
* Software Version 1.25
* Temperature SN =  7706
* Conductivity SN =  7706
* System UpLoad Time = Apr 07 2019 02:30:10
** StationS285-012-HC
** UTC (Time)09:47
** Latitude:43 11.0'S
** Longitude:176 21.1'W
** Bottom Depth [m]481
** Chief ScientistBen Harden
** General Locale
** Carousel - SN:7706
** Voltage Channels:	Instrument Name:	Instrument SN:
** Voltage 0	Free	x
** Voltage 1	Free	x
** Voltage 2		SCF3735
** Voltage 3		3329
** Voltage 4	Seapoint Chl-a	70623
** Voltage 5	Dissolved O2	X
** 
# nquan = 17
# nvalues = 108                     
# units = specified
# name 0 = depSM: Depth [salt water, m]
# name 1 = c0mS/cm: Conductivity [mS/cm]
# name 2 = tv290C: Temperature [ITS-90, deg C]
# name 3 = prdM: Pressure, Strain Gauge [db]
# name 4 = scan: Scan Count
# name 5 = flSP: Fluorescence, Seapoint
# name 6 = sbeox0Mm/Kg: Oxygen, SBE 43 [umol/Kg]
# name 7 = sbeox0ML/L: Oxygen, SBE 43 [ml/l]
# name 8 = par: PAR/Irradiance, Biospherical/Licor
# name 9 = v0: Voltage 0
# name 10 = v1: Voltage 1
# name 11 = v2: Voltage 2
# name 12 = v3: Voltage 3
# name 13 = v4: Voltage 4
# name 14 = v5: Voltage 5
# name 15 = nbf: number of bottles fired
# name 16 = flag:  0.000e+00
# interval = seconds: 0.25                        
# start_time = Apr 06 2019 02:44:43
*END*
[from data line 86]
     10.063  45.154556    17.0596     10.137       7372 8.4642e-01    147.865    3.39577 1.0000e-12     0.0001     0.0003     0.8464     1.5299     0.0024     0.0007         10  0.000e+00
     10.083  45.154285    17.0600     10.158       7373 8.1933e-01    149.025    3.42240 1.0000e-12     0.0000     0.0002     0.8193     1.5360     0.0021     0.0005         10  0.000e+00
     10.125  45.153338    17.0600     10.199       7374 8.5458e-01    150.005    3.44491 1.0000e-12     0.0003     0.0005     0.8546     1.5409     0.0024     0.0003         10  0.000e+00
     10.207  45.154286    17.0598     10.283       7375 9.1409e-01    150.560    3.45764 1.0000e-12     0.0004     0.0000     0.9141     1.5438     0.0022     0.0007         10  0.000e+00
      2.619  45.144373    17.0546      2.639       7931 9.5819e-01    201.915    4.63704 1.0000e-12     0.0002     0.0000     0.9582     1.9059     0.0022     0.0005         11  0.000e+00
      2.433  45.144372    17.0546      2.451       7932 9.5697e-01    203.055    4.66320 1.0000e-12     0.0002     0.0000     0.9570     1.9107     0.0021     0.0004         11  0.000e+00
      2.391  45.144710    17.0546      2.409       7933 8.8533e-01    204.849    4.70442 1.0000e-12     0.0002     0.0003     0.8853     1.9178     0.0024     0.0001         11  0.000e+00
      2.391  45.144981    17.0547      2.409       7934 9.0661e-01    207.975    4.77621 1.0000e-12     0.0002     0.0002     0.9066     1.9308     0.0019     0.0002         11  0.000e+00
      2.412  45.144710    17.0551      2.430       7935 8.3742e-01    209.912    4.82069 1.0000e-12     0.0000     0.0005     0.8374     1.9382     0.0023     0.0005         11  0.000e+00
      2.516  45.144981    17.0553      2.534       7936 8.3803e-01    211.460    4.85623 1.0000e-12     0.0002     0.0002     0.8380     1.9477     0.0027     0.0002         11  0.000e+00
      2.619  45.144982    17.0554      2.638       7937 8.9769e-01    210.048    4.82381 1.0000e-12     0.0005     0.0002     0.8977     1.9437     0.0023     0.0002         11  0.000e+00
      2.784  45.144983    17.0552      2.805       7938 8.9052e-01    209.302    4.80667 1.0000e-12     0.0003     0.0002     0.8905     1.9433     0.0253     0.0004         11  0.000e+00
      2.908  45.144983    17.0550      2.930       7939 9.2103e-01    208.962    4.79888 1.0000e-12     0.0000     0.0002     0.9210     1.9448     0.0836     0.0003         11  0.000e+00
      2.742  45.143764    17.0545      2.763       7947 1.0016e+00    210.784    4.84071 1.0000e-12     0.0000     0.0003     1.0016     1.9699     0.1917     0.0000         12  0.000e+00
      2.535  45.143493    17.0543      2.554       7948 9.1020e-01    211.809    4.86425 1.0000e-12     0.0004     0.0005     0.9102     1.9725     0.0901     0.0002         12  0.000e+00
      2.328  45.142883    17.0538      2.346       7949 9.3790e-01    209.978    4.82220 1.0000e-12     0.0001     0.0000     0.9379     1.9606     0.0947     0.0000         12  0.000e+00
      2.163  45.142882    17.0534      2.179       7950 9.5521e-01    211.947    4.86741 1.0000e-12     0.0002     0.0000     0.9552     1.9717     0.1348     0.0002         12  0.000e+00
      2.059  45.142205    17.0534      2.075       7951 9.9123e-01    211.219    4.85070 1.0000e-12     0.0000     0.0004     0.9912     1.9699     0.1176     0.0001         12  0.000e+00
      1.915  45.141934    17.0530      1.929       7952 9.4339e-01    210.236    4.82813 1.0000e-12     0.0000     0.0004     0.9434     1.9660     0.2755     0.0003         12  0.000e+00
      1.935  45.142205    17.0529      1.949       7953 8.9418e-01    207.838    4.77305 1.0000e-12     0.0000     0.0003     0.8942     1.9565     0.4240     0.0004         12  0.000e+00
      1.935  45.141934    17.0526      1.949       7954 9.1615e-01    209.663    4.81497 1.0000e-12     0.0004     0.0005     0.9162     1.9717     0.3005     0.0001         12  0.000e+00
      1.894  45.141934    17.0525      1.908       7955 9.6681e-01    210.337    4.83046 1.0000e-12     0.0000     0.0002     0.9668     1.9768     0.3153     0.0002         12  0.000e+00
