inst/extdata/S285_ctd/S285-007-HC.cnv
* Sea-Bird SBE19plus Data File:
* FileName = C:\Data\CTD\Hex\S285-007-HC.hex
* Software Version 1.25
* Temperature SN =  7706
* Conductivity SN =  7706
* System UpLoad Time = Apr 04 2019 13:27:13
** StationS285-007-HC
** UTC (Time)04/04/19  10:35
** Latitude:43 55.1 S
** Longitude:179 13.2 E
** Bottom Depth [m]540
** Chief ScientistBen Harden 
** General Locale-
** Carousel - SN:7706
** Voltage Channels:	Instrument Name:	Instrument SN:
** Voltage 0	Free	x
** Voltage 1	Free	x
** Voltage 2	Seapoint Chl-a	SCF3735
** Voltage 3	Dissolved O2	3329
** Voltage 4	Par	70623
** Voltage 5	Free	X
** 
# nquan = 25                                
# nvalues = 9161                        
# units = specified
# name 0 = depSM: Depth [salt water, m]
# name 1 = c0mS/cm: Conductivity [mS/cm]
# name 2 = tv290C: Temperature [ITS-90, deg C]
# name 3 = prdM: Pressure, Strain Gauge [db]
# name 4 = scan: Scan Count
# name 5 = flSP: Fluorescence, Seapoint
# name 6 = sbeox0Mm/Kg: Oxygen, SBE 43 [umol/Kg]
# name 7 = sbeox0ML/L: Oxygen, SBE 43 [ml/l]
# name 8 = par: PAR/Irradiance, Biospherical/Licor
# name 9 = v0: Voltage 0
# name 10 = v1: Voltage 1
# name 11 = v2: Voltage 2
# name 12 = v3: Voltage 3
# name 13 = v4: Voltage 4
# name 14 = v5: Voltage 5
# name 15 = density00: Density [density, Kg/m^3]
# name 16 = sigma-é00: Density [sigma-theta, Kg/m^3]
# name 17 = depSM: Depth [salt water, m], lat = -36
# name 18 = oxsatML/L: Oxygen Saturation [ml/l]
# name 19 = potemp090C: Potential Temperature [ITS-90, deg C]
# name 20 = sal00: Salinity [PSU]
# name 21 = svCM: Sound Velocity [Chen-Millero, m/s]
# name 22 = sva: Specific Volume Anomaly [10^-8 * m^3/Kg]
# name 23 = tsa: Thermosteric Anomaly [10^-8 * m^3/Kg]
# name 24 = flag: flag
# span 0 =     -0.037,    490.640       
# span 1 =   0.011888,  42.593788       
# span 2 =     7.5247,    15.2469       
# span 3 =     -0.072,    495.004       
# span 4 =          1,       9161       
# span 5 = 1.2236e-02, 2.7550e+00       
# span 6 =    145.241,    362.840       
# span 7 =    3.33341,    8.33183       
# span 8 = 1.0000e-12, 1.0048e+03       
# span 9 =     0.0000,     0.0005       
# span 10 =     0.0000,     0.0005      
# span 11 =     0.0122,     2.7550      
# span 12 =     1.3798,     2.6234      
# span 13 =     0.0020,     4.0468      
# span 14 =     0.0000,     0.0007      
# span 15 =   999.3213,  1029.1361      
# span 16 =    -0.6785,    26.8882      
# span 17 =     -0.071,    490.800      
# span 18 =    5.67766,    7.28883      
# span 19 =     7.4760,    15.2457      
# span 20 =     0.0119,    34.7039      
# span 21 =    1460.47,    1507.32      
# span 22 =    123.722,   2801.692      
# span 23 =    116.245,   2801.896      
# span 24 = 0.0000e+00, 0.0000e+00      
# interval = seconds: 0.25                        
# start_time = Apr 03 2019 14:33:02
# bad_flag = -9.990e-29
*END*
[from data line 7363]
     50.653  39.089842    11.5848     51.089       7364 6.1510e-01    153.800    3.53427 5.9812e+00     0.0004     0.0003     0.6151     1.4543     1.8821     0.0003  1026.4890    26.2605     50.709    6.12509    11.5784    34.4748    1495.61    176.255    175.259 0.0000e+00
     50.428  39.098830    11.5959     50.860       7365 6.1933e-01    153.773    3.53367 6.0839e+00     0.0004     0.0003     0.6193     1.4544     1.8885     0.0003  1026.4848    26.2574     50.482    6.12369    11.5895    34.4734    1495.65    176.550    175.558 0.0000e+00
     50.191  39.106503    11.6064     50.589       7366 6.2102e-01    153.744    3.53298 6.1921e+00     0.0003     0.0002     0.6210     1.4546     1.8952     0.0003  1026.4800    26.2538     50.213    6.12240    11.6000    34.4713    1495.68    176.885    175.900 0.0000e+00
     49.948  39.112550    11.6137     50.318       7367 6.2135e-01    153.728    3.53261 6.3040e+00     0.0003     0.0002     0.6214     1.4547     1.9019     0.0003  1026.4769    26.2518     49.944    6.12147    11.6074    34.4706    1495.70    177.063    176.083 0.0000e+00
     49.708  39.116774    11.6193     50.005       7368 6.2223e-01    153.731    3.53266 6.4163e+00     0.0003     0.0002     0.6222     1.4550     1.9087     0.0003  1026.4737    26.2501     49.634    6.12077    11.6130    34.4696    1495.71    177.223    176.250 0.0000e+00
     49.485  39.119438    11.6228     49.754       7369 6.1986e-01    153.751    3.53311 6.5246e+00     0.0003     0.0001     0.6199     1.4552     1.9151     0.0003  1026.4715    26.2490     49.385    6.12034    11.6165    34.4691    1495.72    177.318    176.351 0.0000e+00
     49.285  39.120835    11.6254     49.546       7370 6.1179e-01    153.789    3.53397 6.6250e+00     0.0003     0.0001     0.6118     1.4554     1.9210     0.0003  1026.4693    26.2478     49.178    6.12003    11.6191    34.4682    1495.72    177.430    176.468 0.0000e+00
     49.112  39.121232    11.6267     49.379       7371 6.0376e-01    153.844    3.53521 6.7139e+00     0.0003     0.0001     0.6037     1.4557     1.9261     0.0003  1026.4678    26.2469     49.012    6.11989    11.6205    34.4674    1495.72    177.504    176.546 0.0000e+00
     48.965  39.120880    11.6280     49.212       7372 5.9758e-01    153.911    3.53676 6.7890e+00     0.0003     0.0001     0.5976     1.4561     1.9304     0.0004  1026.4656    26.2455     48.847    6.11978    11.6218    34.4659    1495.72    177.633    176.678 0.0000e+00
     48.847  39.119719    11.6280     49.087       7373 5.9301e-01    153.991    3.53858 6.8485e+00     0.0003     0.0001     0.5930     1.4564     1.9338     0.0004  1026.4642    26.2447     48.723    6.11982    11.6218    34.4648    1495.72    177.710    176.758 0.0000e+00
     48.758  39.117389    11.6261     49.024       7374 5.9344e-01    154.082    3.54066 6.8929e+00     0.0002     0.0001     0.5934     1.4568     1.9363     0.0004  1026.4639    26.2447     48.660    6.12009    11.6199    34.4644    1495.71    177.711    176.761 0.0000e+00
     48.692  39.114010    11.6228     49.003       7375 5.9725e-01    154.174    3.54277 6.9261e+00     0.0002     0.0001     0.5972     1.4572     1.9382     0.0004  1026.4642    26.2451     48.639    6.12053    11.6166    34.4641    1495.70    177.670    176.721 0.0000e+00
     48.637  39.110402    11.6183     49.024       7376 6.0170e-01    154.256    3.54463 6.9533e+00     0.0003     0.0001     0.6017     1.4575     1.9397     0.0004  1026.4657    26.2464     48.660    6.12109    11.6121    34.4647    1495.68    177.544    176.594 -9.990e-29
     48.581  39.107291    11.6154     48.983       7377 6.0778e-01    154.311    3.54591 6.9790e+00     0.0003     0.0001     0.6078     1.4578     1.9411     0.0004  1026.4658    26.2467     48.619    6.12148    11.6092    34.4644    1495.67    177.516    176.568 0.0000e+00
     48.513  39.104717    11.6145     48.962       7378 6.1529e-01    154.334    3.54644 7.0078e+00     0.0002     0.0001     0.6153     1.4580     1.9427     0.0004  1026.4645    26.2455     48.598    6.12167    11.6083    34.4627    1495.67    177.624    176.677 0.0000e+00
     48.429  39.102443    11.6136     48.857       7379 6.2479e-01    154.346    3.54672 7.0436e+00     0.0002     0.0001     0.6248     1.4581     1.9446     0.0004  1026.4632    26.2447     48.494    6.12184    11.6074    34.4614    1495.66    177.705    176.761 0.0000e+00
     48.325  39.100598    11.6128     48.774       7380 6.3303e-01    154.367    3.54718 7.0880e+00     0.0002     0.0001     0.6330     1.4584     1.9470     0.0004  1026.4621    26.2440     48.412    6.12198    11.6066    34.4603    1495.66    177.765    176.823 0.0000e+00
     48.201  39.099431    11.6119     48.628       7381 6.3678e-01    154.392    3.54776 7.1405e+00     0.0002     0.0001     0.6368     1.4587     1.9499     0.0004  1026.4615    26.2440     48.267    6.12211    11.6058    34.4601    1495.65    177.764    176.825 0.0000e+00
     48.061  39.099116    11.6129     48.482       7382 6.3955e-01    154.420    3.54841 7.2010e+00     0.0002     0.0001     0.6395     1.4589     1.9531     0.0003  1026.4597    26.2429     48.122    6.12202    11.6068    34.4589    1495.65    177.865    176.930 0.0000e+00
     47.905  39.099760    11.6169     48.315       7383 6.4361e-01    154.456    3.54925 7.2703e+00     0.0002     0.0002     0.6436     1.4592     1.9568     0.0003  1026.4559    26.2398     47.956    6.12162    11.6108    34.4559    1495.66    178.155    177.223 0.0000e+00
     47.738  39.101028    11.6206     48.106       7384 6.4957e-01    154.498    3.55021 7.3468e+00     0.0003     0.0002     0.6496     1.4595     1.9608     0.0003  1026.4526    26.2374     47.749    6.12121    11.6145    34.4538    1495.66    178.371    177.444 0.0000e+00
     47.566  39.102416    11.6248     47.940       7385 6.5861e-01    154.532    3.55099 7.4272e+00     0.0003     0.0002     0.6586     1.4597     1.9650     0.0003  1026.4491    26.2347     47.584    6.12076    11.6187    34.4513    1495.67    178.624    177.700 0.0000e+00
     47.391  39.103705    11.6296     47.752       7386 6.7156e-01    154.555    3.55150 7.5100e+00     0.0004     0.0002     0.6715     1.4599     1.9693     0.0003  1026.4450    26.2314     47.398    6.12025    11.6236    34.4482    1495.68    178.934    178.015 0.0000e+00
     47.212  39.104681    11.6338     47.585       7387 6.8679e-01    154.573    3.55191 7.5939e+00     0.0005     0.0002     0.6868     1.4601     1.9736     0.0004  1026.4412    26.2284     47.232    6.11981    11.6278    34.4453    1495.69    179.217    178.302 0.0000e+00
     47.031  39.105104    11.6369     47.376       7388 6.9978e-01    154.591    3.55232 7.6782e+00     0.0005     0.0002     0.6998     1.4604     1.9779     0.0004  1026.4378    26.2260     47.024    6.11950    11.6309    34.4430    1495.70    179.443    178.532 0.0000e+00
     46.849  39.104868    11.6389     47.210       7389 7.0708e-01    154.605    3.55263 7.7652e+00     0.0004     0.0003     0.7071     1.4606     1.9823     0.0005  1026.4352    26.2240     46.860    6.11931    11.6329    34.4409    1495.70    179.623    178.716 0.0000e+00
     46.664  39.103963    11.6400     47.043       7390 7.0734e-01    154.616    3.55288 7.8559e+00     0.0004     0.0003     0.7073     1.4608     1.9868     0.0005  1026.4328    26.2224     46.694    6.11924    11.6341    34.4391    1495.70    179.774    178.872 0.0000e+00
     46.475  39.102437    11.6398     46.813       7391 7.0308e-01    154.640    3.55343 7.9490e+00     0.0003     0.0003     0.7031     1.4610     1.9914     0.0005  1026.4308    26.2215     46.466    6.11931    11.6339    34.4379    1495.69    179.855    178.958 0.0000e+00
     46.287  39.100444    11.6388     46.605       7392 6.9944e-01    154.687    3.55448 8.0446e+00     0.0003     0.0002     0.6994     1.4613     1.9960     0.0005  1026.4294    26.2209     46.259    6.11948    11.6329    34.4370    1495.68    179.901    179.009 0.0000e+00
     46.103  39.098299    11.6376     46.438       7393 6.9698e-01    154.745    3.55580 8.1423e+00     0.0002     0.0002     0.6970     1.4616     2.0007     0.0005  1026.4281    26.2204     46.093    6.11967    11.6317    34.4360    1495.67    179.944    179.056 0.0000e+00
     45.924  39.096363    11.6367     46.250       7394 6.9367e-01    154.790    3.55684 8.2395e+00     0.0002     0.0003     0.6937     1.4618     2.0054     0.0005  1026.4267    26.2198     45.907    6.11983    11.6309    34.4351    1495.67    179.996    179.112 0.0000e+00
     45.748  39.094832    11.6363     46.083       7395 6.9269e-01    154.811    3.55731 8.3346e+00     0.0002     0.0003     0.6927     1.4620     2.0099     0.0005  1026.4252    26.2191     45.741    6.11992    11.6305    34.4340    1495.66    180.063    179.183 0.0000e+00
     45.578  39.093696    11.6357     45.854       7396 7.0109e-01    154.814    3.55738 8.4260e+00     0.0002     0.0003     0.7011     1.4620     2.0142     0.0004  1026.4239    26.2188     45.514    6.12002    11.6299    34.4335    1495.65    180.081    179.207 0.0000e+00
     45.417  39.092941    11.6357     45.749       7397 7.2107e-01    154.811    3.55731 8.5134e+00     0.0002     0.0003     0.7211     1.4621     2.0182     0.0004  1026.4229    26.2183     45.410    6.12004    11.6299    34.4328    1495.65    180.130    179.258 0.0000e+00
     45.261  39.092633    11.6363     45.603       7398 7.3545e-01    154.812    3.55734 8.5997e+00     0.0002     0.0003     0.7355     1.4622     2.0222     0.0004  1026.4215    26.2175     45.265    6.11999    11.6305    34.4320    1495.65    180.196    179.327 0.0000e+00
     45.105  39.092761    11.6376     45.437       7399 7.2757e-01    154.822    3.55755 8.6878e+00     0.0002     0.0003     0.7276     1.4624     2.0262     0.0004  1026.4197    26.2165     45.100    6.11986    11.6319    34.4310    1495.65    180.289    179.425 0.0000e+00
     44.946  39.093187    11.6389     45.332       7400 7.1121e-01    154.842    3.55803 8.7798e+00     0.0002     0.0003     0.7112     1.4627     2.0303     0.0004  1026.4184    26.2157     44.996    6.11972    11.6332    34.4303    1495.65    180.365    179.503 0.0000e+00
     44.778  39.093756    11.6393     45.165       7401 6.9834e-01    154.877    3.55884 8.8770e+00     0.0002     0.0003     0.6983     1.4629     2.0346     0.0004  1026.4178    26.2158     44.830    6.11966    11.6336    34.4305    1495.65    180.349    179.491 0.0000e+00
     44.599  39.094526    11.6395     44.957       7402 6.8632e-01    154.915    3.55971 8.9801e+00     0.0002     0.0003     0.6863     1.4631     2.0392     0.0004  1026.4174    26.2163     44.624    6.11961    11.6338    34.4312    1495.65    180.299    179.445 0.0000e+00
     44.411  39.095758    11.6406     44.790       7403 6.7382e-01    154.953    3.56059 9.0930e+00     0.0002     0.0003     0.6738     1.4633     2.0441     0.0004  1026.4166    26.2163     44.458    6.11945    11.6349    34.4315    1495.65    180.295    179.446 0.0000e+00
     44.216  39.097657    11.6418     44.540       7404 6.6313e-01    155.010    3.56189 9.2172e+00     0.0002     0.0003     0.6631     1.4636     2.0494     0.0005  1026.4159    26.2167     44.210    6.11926    11.6362    34.4323    1495.65    180.247    179.403 0.0000e+00
     44.022  39.100421    11.6445     44.310       7405 6.6007e-01    155.079    3.56347 9.3502e+00     0.0001     0.0003     0.6601     1.4640     2.0551     0.0005  1026.4146    26.2165     43.982    6.11890    11.6389    34.4326    1495.66    180.267    179.429 0.0000e+00
     43.836  39.104313    11.6478     44.122       7406 6.6242e-01    155.156    3.56524 9.4876e+00     0.0001     0.0003     0.6624     1.4644     2.0609     0.0004  1026.4138    26.2165     43.795    6.11844    11.6422    34.4335    1495.67    180.260    179.425 0.0000e+00
     43.660  39.109620    11.6525     43.935       7407 6.6479e-01    155.254    3.56750 9.6224e+00     0.0001     0.0003     0.6648     1.4649     2.0665     0.0004  1026.4128    26.2163     43.609    6.11779    11.6469    34.4344    1495.68    180.270    179.440 0.0000e+00
     43.500  39.116754    11.6586     43.726       7408 6.6702e-01    155.364    3.57003 9.7464e+00     0.0001     0.0002     0.6670     1.4655     2.0716     0.0003  1026.4118    26.2163     43.402    6.11693    11.6531    34.4358    1495.70    180.269    179.443 0.0000e+00
     43.362  39.126285    11.6685     43.580       7409 6.6969e-01    155.464    3.57234 9.8532e+00     0.0001     0.0002     0.6697     1.4660     2.0760     0.0003  1026.4095    26.2146     43.257    6.11563    11.6630    34.4361    1495.73    180.425    179.602 0.0000e+00
     43.249  39.138433    11.6719     43.476       7410 6.7283e-01    155.557    3.57449 9.9401e+00     0.0001     0.0002     0.6728     1.4665     2.0795     0.0003  1026.4152    26.2208     43.154    6.11485    11.6664    34.4449    1495.75    179.833    179.011 0.0000e+00
     43.160  39.154728    11.6957     43.392       7411 6.7057e-01    155.645    3.57652 1.0007e+01     0.0001     0.0003     0.6706     1.4671     2.0822     0.0003  1026.4057    26.2117     43.070    6.11198    11.6902    34.4388    1495.83    180.703    179.883 0.0000e+00
     43.092  39.175683    11.7178     43.351       7412 6.5877e-01    155.708    3.57799 1.0058e+01     0.0001     0.0003     0.6588     1.4676     2.0843     0.0003  1026.4014    26.2076     43.030    6.10909    11.7123    34.4389    1495.90    181.093    180.272 0.0000e+00
     43.037  39.198689    11.7287     43.351       7413 6.4894e-01    155.745    3.57884 1.0098e+01     0.0001     0.0003     0.6489     1.4682     2.0859     0.0003  1026.4090    26.2152     43.030    6.10720    11.7232    34.4513    1495.95    180.370    179.548 -9.990e-29
     42.987  39.225175    11.7632     43.330       7414 6.4936e-01    155.755    3.57907 1.0134e+01     0.0001     0.0002     0.6494     1.4687     2.0873     0.0003  1026.3977    26.2040     43.009    6.10294    11.7577    34.4452    1496.07    181.433    180.609 0.0000e+00
     42.932  39.257515    11.8180     43.288       7415 6.5632e-01    155.726    3.57843 1.0174e+01     0.0002     0.0002     0.6563     1.4691     2.0889     0.0003  1026.3723    26.1788     42.967    6.09655    11.8125    34.4261    1496.23    183.826    183.000 0.0000e+00
     42.864  39.289666    11.8555     43.288       7416 6.6647e-01    155.665    3.57702 1.0226e+01     0.0002     0.0002     0.6665     1.4695     2.0909     0.0003  1026.3626    26.1692     42.967    6.09181    11.8500    34.4228    1496.36    184.742    183.914 -9.990e-29
     42.775  39.314908    11.8837     43.205       7417 6.7703e-01    155.588    3.57522 1.0294e+01     0.0002     0.0003     0.6770     1.4698     2.0935     0.0003  1026.3558    26.1628     42.885    6.08821    11.8782    34.4214    1496.45    185.351    184.523 0.0000e+00
     42.660  39.334184    11.9028     43.079       7418 6.8776e-01    155.510    3.57338 1.0380e+01     0.0002     0.0003     0.6878     1.4702     2.0968     0.0003  1026.3526    26.1601     42.760    6.08569    11.8973    34.4226    1496.51    185.603    184.777 0.0000e+00
     42.519  39.350387    11.9147     42.933       7419 6.9677e-01    155.446    3.57186 1.0486e+01     0.0002     0.0003     0.6968     1.4705     2.1008     0.0003  1026.3534    26.1617     42.615    6.08396    11.9092    34.4275    1496.56    185.455    184.632 0.0000e+00
     42.356  39.365632    11.9283     42.746       7420 7.0150e-01    155.406    3.57092 1.0606e+01     0.0001     0.0003     0.7015     1.4709     2.1053     0.0004  1026.3519    26.1609     42.429    6.08212    11.9228    34.4299    1496.60    185.521    184.701 0.0000e+00
