inst/extdata/S285_ctd/S285-014-HC.cnv
* Sea-Bird SBE19plus Data File:
* FileName = C:\Data\CTD\Hex\S285-014-HC.hex
* Software Version 1.25
* Temperature SN =  7706
* Conductivity SN =  7706
* System UpLoad Time = Apr 07 2019 23:13:49
** StationS285-014-HC
** UTC (Time)09:15
** Latitude:39 44.8'S 
** Longitude:176 24.7'W
** Bottom Depth [m]3938
** Chief ScientistBen Harden 
** General Locale
# nquan = 25                                
# nvalues = 8013                        
# units = specified
# name 0 = depSM: Depth [salt water, m]
# name 1 = c0mS/cm: Conductivity [mS/cm]
# name 2 = tv290C: Temperature [ITS-90, deg C]
# name 3 = prdM: Pressure, Strain Gauge [db]
# name 4 = scan: Scan Count
# name 5 = flSP: Fluorescence, Seapoint
# name 6 = sbeox0Mm/Kg: Oxygen, SBE 43 [umol/Kg]
# name 7 = sbeox0ML/L: Oxygen, SBE 43 [ml/l]
# name 8 = par: PAR/Irradiance, Biospherical/Licor
# name 9 = v0: Voltage 0
# name 10 = v1: Voltage 1
# name 11 = v2: Voltage 2
# name 12 = v3: Voltage 3
# name 13 = v4: Voltage 4
# name 14 = v5: Voltage 5
# name 15 = density00: Density [density, Kg/m^3]
# name 16 = sigma-é00: Density [sigma-theta, Kg/m^3]
# name 17 = depSM: Depth [salt water, m], lat = -36
# name 18 = oxsatML/L: Oxygen Saturation [ml/l]
# name 19 = potemp090C: Potential Temperature [ITS-90, deg C]
# name 20 = sal00: Salinity [PSU]
# name 21 = svCM: Sound Velocity [Chen-Millero, m/s]
# name 22 = sva: Specific Volume Anomaly [10^-8 * m^3/Kg]
# name 23 = tsa: Thermosteric Anomaly [10^-8 * m^3/Kg]
# name 24 = flag: flag
# span 0 =     -0.211,    291.105       
# span 1 =   0.002898,  47.007278       
# span 2 =    11.2020,    18.8049       
# span 3 =     -0.244,    293.566       
# span 4 =          1,       8013       
# span 5 = 4.9686e-02, 1.9739e+00       
# span 6 =    119.707,    271.342       
# span 7 =    2.74823,    6.22426       
# span 8 = 1.0000e-12, 5.0774e-01       
# span 9 =     0.0000,     0.0004       
# span 10 =     0.0000,     0.0005      
# span 11 =     0.0497,     1.9739      
# span 12 =     1.2819,     2.2948      
# span 13 =     0.0019,     1.1811      
# span 14 =     0.0000,     0.0005      
# span 15 =   998.8673,  1027.9625      
# span 16 =    -1.1317,    26.6527      
# span 17 =     -0.242,    291.214      
# span 18 =    5.27401,    6.83639      
# span 19 =    11.1662,    18.8024      
# span 20 =     0.0089,    35.3630      
# span 21 =    1470.82,    1519.04      
# span 22 =    145.189,   2847.098      
# span 23 =    138.565,   2847.299      
# span 24 = 0.0000e+00, 0.0000e+00      
# interval = seconds: 0.25                        
# start_time = Apr 08 2019 02:10:11
# bad_flag = -9.990e-29
*END*
[from data line 6435]
     39.770  46.960368    18.7430     40.096       6436 1.6698e-01    125.099    2.87196 1.0000e-12     0.0002     0.0002     0.1670     1.4149     0.0023     0.0002  1025.4533    25.2794     39.799    5.27996    18.7359    35.2499    1518.89    269.705    268.558 0.0000e+00
     39.655  46.960294    18.7426     39.971       6437 1.6453e-01    125.102    2.87202 1.0000e-12     0.0002     0.0002     0.1645     1.4149     0.0023     0.0002  1025.4531    25.2798     39.675    5.27999    18.7356    35.2503    1518.88    269.667    268.524 0.0000e+00
     39.535  46.960240    18.7424     39.846       6438 1.6272e-01    125.100    2.87198 1.0000e-12     0.0001     0.0002     0.1627     1.4149     0.0022     0.0003  1025.4527    25.2799     39.551    5.28001    18.7354    35.2504    1518.88    269.646    268.507 0.0000e+00
     39.411  46.960314    18.7424     39.721       6439 1.6235e-01    125.092    2.87179 1.0000e-12     0.0001     0.0002     0.1624     1.4149     0.0022     0.0003  1025.4523    25.2800     39.427    5.28000    18.7354    35.2505    1518.88    269.634    268.499 0.0000e+00
     39.284  46.960596    18.7430     39.575       6440 1.6260e-01    125.087    2.87168 1.0000e-12     0.0001     0.0002     0.1626     1.4149     0.0023     0.0002  1025.4513    25.2797     39.282    5.27995    18.7360    35.2503    1518.88    269.659    268.530 0.0000e+00
     39.156  46.961037    18.7436     39.450       6441 1.6288e-01    125.091    2.87178 1.0000e-12     0.0001     0.0002     0.1629     1.4150     0.0023     0.0002  1025.4505    25.2795     39.158    5.27989    18.7366    35.2502    1518.88    269.676    268.551 0.0000e+00
     39.026  46.961509    18.7443     39.345       6442 1.6309e-01    125.101    2.87200 1.0000e-12     0.0002     0.0002     0.1631     1.4150     0.0022     0.0003  1025.4498    25.2792     39.054    5.27983    18.7374    35.2501    1518.88    269.701    268.580 0.0000e+00
     38.892  46.961912    18.7449     39.199       6443 1.6390e-01    125.112    2.87226 1.0000e-12     0.0002     0.0002     0.1639     1.4151     0.0022     0.0003  1025.4489    25.2789     38.909    5.27977    18.7380    35.2499    1518.88    269.720    268.603 0.0000e+00
     38.753  46.962170    18.7449     39.053       6444 1.6682e-01    125.125    2.87256 1.0000e-12     0.0002     0.0002     0.1668     1.4152     0.0022     0.0003  1025.4485    25.2791     38.764    5.27977    18.7380    35.2502    1518.87    269.695    268.583 0.0000e+00
     38.611  46.962329    18.7450     38.907       6445 1.7086e-01    125.137    2.87284 1.0000e-12     0.0002     0.0002     0.1708     1.4152     0.0022     0.0003  1025.4479    25.2792     38.619    5.27975    18.7381    35.2503    1518.87    269.685    268.578 0.0000e+00
     38.469  46.962509    18.7452     38.741       6446 1.7329e-01    125.143    2.87298 1.0000e-12     0.0002     0.0002     0.1733     1.4153     0.0022     0.0003  1025.4471    25.2791     38.454    5.27973    18.7384    35.2504    1518.87    269.681    268.580 0.0000e+00
     38.328  46.962737    18.7457     38.615       6447 1.7453e-01    125.133    2.87275 1.0000e-12     0.0002     0.0002     0.1745     1.4152     0.0023     0.0003  1025.4463    25.2789     38.329    5.27969    18.7389    35.2502    1518.87    269.703    268.605 0.0000e+00
     38.189  46.962949    18.7457     38.449       6448 1.7565e-01    125.112    2.87226 1.0000e-12     0.0002     0.0002     0.1756     1.4152     0.0023     0.0003  1025.4458    25.2790     38.165    5.27968    18.7389    35.2504    1518.87    269.680    268.588 0.0000e+00
     38.055  46.963138    18.7459     38.302       6449 1.7570e-01    125.094    2.87184 1.0000e-12     0.0002     0.0001     0.1757     1.4151     0.0023     0.0003  1025.4451    25.2790     38.019    5.27966    18.7391    35.2505    1518.87    269.676    268.590 0.0000e+00
     37.930  46.963415    18.7462     38.156       6450 1.7436e-01    125.084    2.87160 1.0000e-12     0.0002     0.0001     0.1744     1.4152     0.0023     0.0003  1025.4444    25.2789     37.874    5.27963    18.7395    35.2505    1518.86    269.676    268.595 0.0000e+00
     37.820  46.963793    18.7470     38.031       6451 1.7169e-01    125.080    2.87152 1.0000e-12     0.0002     0.0001     0.1717     1.4152     0.0022     0.0003  1025.4434    25.2785     37.750    5.27956    18.7403    35.2502    1518.86    269.715    268.637 0.0000e+00
     37.726  46.964148    18.7476     37.927       6452 1.6800e-01    125.080    2.87151 1.0000e-12     0.0002     0.0002     0.1680     1.4152     0.0022     0.0003  1025.4427    25.2782     37.646    5.27950    18.7409    35.2500    1518.86    269.738    268.664 0.0000e+00
     37.653  46.964434    18.7480     37.843       6453 1.6488e-01    125.082    2.87155 1.0000e-12     0.0002     0.0002     0.1649     1.4152     0.0021     0.0002  1025.4421    25.2780     37.563    5.27947    18.7413    35.2499    1518.86    269.750    268.679 0.0000e+00
     37.599  46.964689    18.7484     37.823       6454 1.6408e-01    125.088    2.87171 1.0000e-12     0.0002     0.0003     0.1641     1.4152     0.0021     0.0002  1025.4419    25.2779     37.543    5.27943    18.7417    35.2498    1518.86    269.768    268.697 0.0000e+00
     37.559  46.964859    18.7483     37.823       6455 1.6550e-01    125.103    2.87204 1.0000e-12     0.0002     0.0003     0.1655     1.4153     0.0022     0.0002  1025.4421    25.2781     37.543    5.27943    18.7416    35.2500    1518.86    269.749    268.678 -9.990e-29
     37.526  46.964933    18.7485     37.781       6456 1.6745e-01    125.121    2.87245 1.0000e-12     0.0003     0.0003     0.1674     1.4154     0.0022     0.0002  1025.4418    25.2779     37.502    5.27942    18.7418    35.2499    1518.86    269.759    268.690 0.0000e+00
     37.495  46.965045    18.7487     37.802       6457 1.6894e-01    125.131    2.87270 1.0000e-12     0.0003     0.0003     0.1689     1.4154     0.0022     0.0002  1025.4417    25.2778     37.522    5.27940    18.7420    35.2499    1518.86    269.771    268.701 -9.990e-29
     37.462  46.965199    18.7488     37.760       6458 1.7007e-01    125.138    2.87285 1.0000e-12     0.0002     0.0002     0.1701     1.4154     0.0022     0.0002  1025.4416    25.2778     37.481    5.27939    18.7421    35.2499    1518.86    269.767    268.699 0.0000e+00
     37.419  46.965321    18.7490     37.802       6459 1.7138e-01    125.144    2.87300 1.0000e-12     0.0002     0.0002     0.1714     1.4155     0.0023     0.0002  1025.4416    25.2777     37.522    5.27937    18.7423    35.2498    1518.87    269.780    268.710 -9.990e-29
     37.359  46.965480    18.7492     37.676       6460 1.7110e-01    125.145    2.87300 1.0000e-12     0.0002     0.0002     0.1711     1.4155     0.0023     0.0002  1025.4410    25.2777     37.397    5.27935    18.7426    35.2498    1518.86    269.780    268.714 0.0000e+00
     37.284  46.965737    18.7499     37.614       6461 1.6772e-01    125.139    2.87288 1.0000e-12     0.0002     0.0002     0.1677     1.4155     0.0023     0.0002  1025.4403    25.2772     37.336    5.27929    18.7433    35.2495    1518.86    269.821    268.757 0.0000e+00
     37.198  46.965995    18.7502     37.530       6462 1.6465e-01    125.136    2.87279 1.0000e-12     0.0001     0.0002     0.1646     1.4155     0.0022     0.0002  1025.4399    25.2771     37.252    5.27926    18.7436    35.2495    1518.86    269.826    268.765 0.0000e+00
     37.100  46.966140    18.7507     37.405       6463 1.6442e-01    125.133    2.87272 1.0000e-12     0.0001     0.0002     0.1644     1.4155     0.0022     0.0002  1025.4390    25.2768     37.128    5.27922    18.7441    35.2492    1518.86    269.852    268.795 0.0000e+00
     36.993  46.966174    18.7508     37.301       6464 1.6605e-01    125.128    2.87262 1.0000e-12     0.0001     0.0002     0.1661     1.4155     0.0021     0.0001  1025.4385    25.2768     37.025    5.27921    18.7442    35.2492    1518.86    269.852    268.799 0.0000e+00
     36.881  46.966116    18.7509     37.155       6465 1.6827e-01    125.125    2.87255 1.0000e-12     0.0001     0.0002     0.1683     1.4155     0.0021     0.0001  1025.4378    25.2767     36.880    5.27920    18.7443    35.2491    1518.86    269.856    268.807 0.0000e+00
     36.765  46.965935    18.7507     37.071       6466 1.6938e-01    125.124    2.87251 1.0000e-12     0.0001     0.0002     0.1694     1.4155     0.0022     0.0001  1025.4375    25.2767     36.797    5.27922    18.7442    35.2492    1518.86    269.844    268.799 0.0000e+00
     36.641  46.965640    18.7500     36.967       6467 1.6912e-01    125.117    2.87236 1.0000e-12     0.0001     0.0002     0.1691     1.4155     0.0022     0.0001  1025.4375    25.2772     36.694    5.27928    18.7435    35.2496    1518.85    269.796    268.754 0.0000e+00
     36.505  46.965330    18.7499     36.842       6468 1.6842e-01    125.110    2.87219 1.0000e-12     0.0001     0.0002     0.1684     1.4155     0.0022     0.0001  1025.4369    25.2771     36.570    5.27929    18.7434    35.2494    1518.85    269.799    268.761 0.0000e+00
     36.353  46.965107    18.7499     36.696       6469 1.6770e-01    125.110    2.87220 1.0000e-12     0.0001     0.0002     0.1677     1.4156     0.0022     0.0002  1025.4362    25.2770     36.425    5.27930    18.7434    35.2493    1518.85    269.803    268.771 0.0000e+00
     36.184  46.964948    18.7498     36.508       6470 1.6730e-01    125.118    2.87238 1.0000e-12     0.0001     0.0003     0.1673     1.4156     0.0022     0.0002  1025.4354    25.2771     36.238    5.27931    18.7434    35.2493    1518.85    269.793    268.767 0.0000e+00
     36.002  46.964820    18.7498     36.299       6471 1.6640e-01    125.126    2.87256 1.0000e-12     0.0001     0.0003     0.1664     1.4157     0.0022     0.0003  1025.4344    25.2770     36.031    5.27931    18.7434    35.2493    1518.84    269.788    268.769 0.0000e+00
     35.812  46.964762    18.7499     36.111       6472 1.6527e-01    125.128    2.87261 1.0000e-12     0.0001     0.0003     0.1653     1.4157     0.0022     0.0003  1025.4335    25.2769     35.844    5.27930    18.7435    35.2492    1518.84    269.789    268.776 0.0000e+00
     35.616  46.964809    18.7500     35.882       6473 1.6582e-01    125.125    2.87255 1.0000e-12     0.0001     0.0002     0.1658     1.4157     0.0022     0.0003  1025.4325    25.2769     35.617    5.27929    18.7437    35.2493    1518.84    269.781    268.775 0.0000e+00
     35.419  46.964966    18.7504     35.674       6474 1.6791e-01    125.117    2.87235 1.0000e-12     0.0001     0.0002     0.1679     1.4156     0.0022     0.0003  1025.4314    25.2767     35.410    5.27925    18.7441    35.2491    1518.83    269.793    268.795 0.0000e+00
     35.223  46.965214    18.7508     35.465       6475 1.6894e-01    125.099    2.87195 1.0000e-12     0.0001     0.0002     0.1690     1.4156     0.0022     0.0003  1025.4304    25.2766     35.203    5.27921    18.7445    35.2491    1518.83    269.800    268.808 0.0000e+00
     35.035  46.965537    18.7512     35.236       6476 1.6697e-01    125.079    2.87148 1.0000e-12     0.0001     0.0002     0.1670     1.4155     0.0022     0.0003  1025.4293    25.2765     34.976    5.27917    18.7450    35.2491    1518.83    269.801    268.817 0.0000e+00
     34.858  46.965899    18.7520     35.069       6477 1.6377e-01    125.068    2.87124 1.0000e-12     0.0001     0.0003     0.1638     1.4155     0.0022     0.0004  1025.4281    25.2760     34.810    5.27910    18.7458    35.2488    1518.83    269.837    268.859 0.0000e+00
     34.695  46.966230    18.7525     34.902       6478 1.6206e-01    125.072    2.87133 1.0000e-12     0.0001     0.0003     0.1621     1.4156     0.0022     0.0004  1025.4272    25.2758     34.644    5.27906    18.7463    35.2487    1518.83    269.850    268.878 0.0000e+00
     34.543  46.966477    18.7530     34.756       6479 1.6195e-01    125.083    2.87159 1.0000e-12     0.0001     0.0003     0.1620     1.4157     0.0022     0.0004  1025.4263    25.2756     34.499    5.27901    18.7469    35.2485    1518.82    269.869    268.902 0.0000e+00
     34.401  46.966609    18.7533     34.652       6480 1.6344e-01    125.098    2.87192 1.0000e-12     0.0001     0.0003     0.1634     1.4157     0.0021     0.0004  1025.4257    25.2754     34.396    5.27899    18.7472    35.2484    1518.82    269.881    268.917 0.0000e+00
     34.264  46.966644    18.7532     34.485       6481 1.6763e-01    125.114    2.87230 1.0000e-12     0.0001     0.0003     0.1676     1.4158     0.0021     0.0004  1025.4251    25.2756     34.230    5.27899    18.7471    35.2486    1518.82    269.860    268.901 0.0000e+00
     34.132  46.966646    18.7534     34.381       6482 1.7255e-01    125.132    2.87270 1.0000e-12     0.0001     0.0003     0.1725     1.4158     0.0021     0.0004  1025.4245    25.2754     34.127    5.27897    18.7473    35.2485    1518.82    269.871    268.916 0.0000e+00
     34.003  46.966653    18.7535     34.256       6483 1.7496e-01    125.149    2.87308 1.0000e-12     0.0001     0.0003     0.1749     1.4159     0.0021     0.0005  1025.4239    25.2753     34.003    5.27897    18.7475    35.2484    1518.82    269.871    268.920 0.0000e+00
     33.875  46.966667    18.7534     34.110       6484 1.7485e-01    125.162    2.87339 1.0000e-12     0.0001     0.0003     0.1748     1.4160     0.0021     0.0005  1025.4234    25.2755     33.858    5.27897    18.7474    35.2486    1518.81    269.853    268.907 0.0000e+00
     33.750  46.966714    18.7533     33.984       6485 1.7281e-01    125.177    2.87374 1.0000e-12     0.0001     0.0002     0.1728     1.4161     0.0021     0.0005  1025.4230    25.2756     33.733    5.27898    18.7473    35.2488    1518.81    269.834    268.892 0.0000e+00
     33.632  46.966881    18.7532     33.838       6486 1.6947e-01    125.194    2.87412 1.0000e-12     0.0002     0.0002     0.1694     1.4162     0.0022     0.0005  1025.4226    25.2759     33.588    5.27898    18.7472    35.2490    1518.81    269.806    268.869 0.0000e+00
     33.521  46.967303    18.7535     33.755       6487 1.6638e-01    125.196    2.87417 1.0000e-12     0.0002     0.0002     0.1664     1.4163     0.0022     0.0004  1025.4223    25.2759     33.506    5.27894    18.7475    35.2492    1518.81    269.801    268.867 0.0000e+00
     33.413  46.968021    18.7544     33.692       6488 1.6456e-01    125.179    2.87378 1.0000e-12     0.0003     0.0002     0.1645     1.4162     0.0022     0.0003  1025.4217    25.2755     33.443    5.27886    18.7485    35.2490    1518.81    269.831    268.899 0.0000e+00
     33.303  46.968964    18.7558     33.526       6489 1.6393e-01    125.156    2.87326 1.0000e-12     0.0003     0.0002     0.1639     1.4161     0.0022     0.0003  1025.4203    25.2749     33.278    5.27873    18.7499    35.2487    1518.81    269.884    268.957 0.0000e+00
     33.197  46.970055    18.7573     33.421       6490 1.6435e-01    125.145    2.87300 1.0000e-12     0.0003     0.0002     0.1643     1.4161     0.0022     0.0003  1025.4192    25.2743     33.174    5.27859    18.7514    35.2484    1518.81    269.940    269.017 0.0000e+00
     33.093  46.971174    18.7585     33.359       6491 1.6548e-01    125.147    2.87304 1.0000e-12     0.0003     0.0002     0.1655     1.4162     0.0022     0.0003  1025.4186    25.2739     33.113    5.27847    18.7526    35.2483    1518.82    269.971    269.051 0.0000e+00
     32.990  46.972273    18.7598     33.213       6492 1.6564e-01    125.158    2.87330 1.0000e-12     0.0003     0.0002     0.1656     1.4163     0.0022     0.0003  1025.4175    25.2735     32.968    5.27835    18.7539    35.2482    1518.82    270.007    269.091 0.0000e+00
