inst/extdata/S285_ctd/S285-015-HC.ros
* Sea-Bird SBE19plus Data File:
* FileName = C:\Data\CTD\Hex\S285-015-HC.hex
* Software Version 1.25
* Temperature SN =  7706
* Conductivity SN =  7706
* System UpLoad Time = Apr 08 2019 12:11:18
** StationS285-015-HC
** UTC (Time)23:08
** Latitude:39 13.4'S
** Longitude:175 56.4'W
** Bottom Depth [m]4536
** Chief ScientistBen Harden
** General Locale
** Voltage Channels:	Instrument Name:	Instrument SN:
** Voltage 0	Free	x
** Voltage 1	Free	x
** Voltage 2	Seapoint Chl-a	SCF3735
** Voltage 3	Dissolved O2	3329
** Voltage 4	Par	70623
** Voltage 5	Free	X
** 
# nquan = 17
# nvalues = 108                     
# units = specified
# name 0 = depSM: Depth [salt water, m]
# name 1 = c0mS/cm: Conductivity [mS/cm]
# name 2 = tv290C: Temperature [ITS-90, deg C]
# name 3 = prdM: Pressure, Strain Gauge [db]
# name 4 = scan: Scan Count
# name 5 = flSP: Fluorescence, Seapoint
# name 6 = sbeox0Mm/Kg: Oxygen, SBE 43 [umol/Kg]
# name 7 = sbeox0ML/L: Oxygen, SBE 43 [ml/l]
# name 8 = par: PAR/Irradiance, Biospherical/Licor
# name 9 = v0: Voltage 0
# name 10 = v1: Voltage 1
# name 11 = v2: Voltage 2
# name 12 = v3: Voltage 3
# name 13 = v4: Voltage 4
# name 14 = v5: Voltage 5
# name 15 = nbf: number of bottles fired
# name 16 = flag:  0.000e+00
# interval = seconds: 0.25                        
# start_time = Apr 08 2019 14:03:42
*END*
[from data line 86]
     23.807  47.770750    19.4764     23.984      14625 1.1582e-01    126.543    2.90470 1.3892e+02     0.0002     0.0000     0.1158     1.4391     3.1899     0.0005         10  0.000e+00
     23.435  47.770125    19.4765     23.609      14626 1.2016e-01    126.563    2.90515 1.4157e+02     0.0001     0.0000     0.1202     1.4392     3.1981     0.0003         10  0.000e+00
     23.000  47.769776    19.4762     23.171      14627 1.2696e-01    126.821    2.91108 1.4420e+02     0.0000     0.0002     0.1270     1.4405     3.2060     0.0003         10  0.000e+00
     22.669  47.770121    19.4760     22.837      14628 1.2749e-01    126.723    2.90883 1.4617e+02     0.0004     0.0000     0.1275     1.4399     3.2119     0.0003         10  0.000e+00
      2.800  47.767465    19.4831      2.820      15629 1.0346e-01    126.281    2.89868 2.0795e+02     0.0006     0.0003     0.1035     1.4024     3.3642     0.0004         11  0.000e+00
      2.779  47.766841    19.4830      2.799      15630 1.0010e-01    125.212    2.87414 2.1492e+02     0.0000     0.0003     0.1001     1.3992     3.3784     0.0003         11  0.000e+00
      2.820  47.766841    19.4828      2.841      15631 1.0109e-01    122.478    2.81137 2.1894e+02     0.0004     0.0000     0.1011     1.3906     3.3864     0.0006         11  0.000e+00
      2.841  47.766841    19.4826      2.862      15632 1.0132e-01    123.079    2.82517 2.1394e+02     0.0000     0.0000     0.1013     1.3996     3.3764     0.0007         11  0.000e+00
      2.861  47.767188    19.4824      2.883      15633 1.0346e-01    123.521    2.83533 2.1046e+02     0.0000     0.0002     0.1035     1.4046     3.3693     0.0000         11  0.000e+00
      2.903  47.767188    19.4825      2.924      15634 1.0048e-01    129.554    2.97380 2.1637e+02     0.0002     0.0002     0.1005     1.4389     3.3813     0.0002         11  0.000e+00
      2.861  47.767188    19.4825      2.882      15635 9.6513e-02    121.085    2.77941 2.1983e+02     0.0000     0.0003     0.0965     1.3888     3.3882     0.0004         11  0.000e+00
      2.799  47.766841    19.4823      2.819      15636 1.1276e-01    128.819    2.95694 2.1671e+02     0.0000     0.0003     0.1128     1.4444     3.3820     0.0000         11  0.000e+00
      2.695  47.766564    19.4826      2.715      15637 1.0010e-01    133.031    3.05361 2.1023e+02     0.0002     0.0002     0.1001     1.4627     3.3689     0.0000         11  0.000e+00
      2.364  47.764622    19.4821      2.381      15639 1.0201e-01    132.366    3.03834 2.2978e+02     0.0008     0.0002     0.1020     1.4572     3.4073     0.0004         12  0.000e+00
      2.157  47.765591    19.4820      2.173      15640 9.6590e-02    128.853    2.95772 2.4767e+02     0.0003     0.0004     0.0966     1.4378     3.4398     0.0000         12  0.000e+00
      1.950  47.764966    19.4818      1.964      15641 9.8878e-02    125.760    2.88672 2.4018e+02     0.0005     0.0001     0.0989     1.4248     3.4265     0.0004         12  0.000e+00
      1.784  47.764619    19.4815      1.797      15642 9.4224e-02    123.960    2.84540 2.4558e+02     0.0004     0.0002     0.0942     1.4220     3.4361     0.0004         12  0.000e+00
      1.680  47.764965    19.4810      1.693      15643 9.7200e-02    123.502    2.83490 2.7058e+02     0.0004     0.0002     0.0972     1.4196     3.4781     0.0002         12  0.000e+00
      1.659  47.763995    19.4809      1.672      15644 9.5674e-02    125.311    2.87642 2.6892e+02     0.0002     0.0005     0.0957     1.4427     3.4754     0.0001         12  0.000e+00
      1.639  47.764965    19.4806      1.651      15645 1.0399e-01    119.733    2.74838 2.8377e+02     0.0004     0.0000     0.1040     1.4068     3.4987     0.0000         12  0.000e+00
      1.680  47.764619    19.4807      1.692      15646 9.9947e-02    130.012    2.98431 2.7116e+02     0.0000     0.0005     0.0999     1.4634     3.4790     0.0006         12  0.000e+00
      1.721  47.764619    19.4806      1.734      15647 1.0025e-01    140.093    3.21571 2.5220e+02     0.0001     0.0002     0.1003     1.5205     3.4476     0.0005         12  0.000e+00
