inst/extdata/S285_ctd/S285-009-HC.ros
* Sea-Bird SBE19plus Data File:
* FileName = C:\Data\CTD\Hex\S285-009-HC.hex
* Software Version 1.25
* Temperature SN =  7706
* Conductivity SN =  7706
* System UpLoad Time = Apr 05 2019 16:24:13
** StationS285-009-HC
** UTC (Time)10:11
** Latitude:44 06.7'S
** Longitude:177 33.4'W
** Bottom Depth [m]463
** Chief ScientistBen Harden
** General Locale
** Carousel - SN:7706
** Voltage Channels:	Instrument Name:	Instrument SN:
** Voltage 0	Free	x
** Voltage 1	Free	x
** Voltage 2	Seapoint Chl-a	SCF3735
** Voltage 3	Dissolved O2	3329
** Voltage 4	Par	70623
** Voltage 5	Free	X
** 
# nquan = 17
# nvalues = 108                     
# units = specified
# name 0 = depSM: Depth [salt water, m]
# name 1 = c0mS/cm: Conductivity [mS/cm]
# name 2 = tv290C: Temperature [ITS-90, deg C]
# name 3 = prdM: Pressure, Strain Gauge [db]
# name 4 = scan: Scan Count
# name 5 = flSP: Fluorescence, Seapoint
# name 6 = sbeox0Mm/Kg: Oxygen, SBE 43 [umol/Kg]
# name 7 = sbeox0ML/L: Oxygen, SBE 43 [ml/l]
# name 8 = par: PAR/Irradiance, Biospherical/Licor
# name 9 = v0: Voltage 0
# name 10 = v1: Voltage 1
# name 11 = v2: Voltage 2
# name 12 = v3: Voltage 3
# name 13 = v4: Voltage 4
# name 14 = v5: Voltage 5
# name 15 = nbf: number of bottles fired
# name 16 = flag:  0.000e+00
# interval = seconds: 0.25                        
# start_time = Apr 04 2019 14:09:49
*END*
[from data line 86]
     10.259  45.222011    17.3650     10.334       6296 5.1469e-01    151.741    3.48398 1.0220e+02     0.0004     0.0000     0.5147     1.5634     3.0576     0.0005         10  0.000e+00
     10.197  45.222010    17.3653     10.272       6297 4.8867e-01    151.939    3.48853 1.0386e+02     0.0005     0.0005     0.4887     1.5651     3.0645     0.0002         10  0.000e+00
     10.155  45.222958    17.3654     10.230       6298 5.0217e-01    153.534    3.52516 1.0706e+02     0.0002     0.0002     0.5022     1.5750     3.0776     0.0003         10  0.000e+00
     10.134  45.223906    17.3658     10.209       6299 5.1659e-01    154.925    3.55710 1.0628e+02     0.0003     0.0002     0.5166     1.5823     3.0745     0.0004         10  0.000e+00
      2.977  45.222926    17.3718      2.999       6908 3.1533e-01    203.685    4.67660 2.1687e+02     0.0004     0.0000     0.3153     1.9416     3.3823     0.0003         11  0.000e+00
      2.997  45.223265    17.3717      3.019       6909 3.0861e-01    203.641    4.67560 2.0052e+02     0.0003     0.0000     0.3086     1.9418     3.3484     0.0002         11  0.000e+00
      2.997  45.223874    17.3715      3.019       6910 3.0518e-01    205.091    4.70889 1.9736e+02     0.0001     0.0003     0.3052     1.9479     3.3416     0.0004         11  0.000e+00
      3.018  45.223536    17.3719      3.040       6911 3.0739e-01    206.876    4.74986 2.0740e+02     0.0000     0.0001     0.3074     1.9529     3.3630     0.0000         11  0.000e+00
      3.039  45.223536    17.3719      3.061       6912 3.2097e-01    205.710    4.72309 2.2190e+02     0.0001     0.0005     0.3210     1.9424     3.3922     0.0002         11  0.000e+00
      3.018  45.223536    17.3720      3.040       6913 3.1724e-01    205.247    4.71247 2.2382e+02     0.0002     0.0001     0.3172     1.9392     3.3960     0.0003         11  0.000e+00
      3.018  45.224145    17.3721      3.040       6914 3.3196e-01    207.804    4.77117 2.1492e+02     0.0003     0.0000     0.3320     1.9546     3.3784     0.0002         11  0.000e+00
      2.997  45.223874    17.3724      3.019       6915 3.2113e-01    208.506    4.78731 2.1057e+02     0.0000     0.0000     0.3211     1.9606     3.3696     0.0002         11  0.000e+00
      2.914  45.223535    17.3723      2.936       6916 3.1624e-01    208.532    4.78790 2.2084e+02     0.0001     0.0000     0.3162     1.9625     3.3902     0.0005         11  0.000e+00
      2.749  45.222586    17.3720      2.769       6918 3.3509e-01    206.346    4.73771 2.5243e+02     0.0002     0.0000     0.3351     1.9521     3.4480     0.0000         12  0.000e+00
      2.645  45.222315    17.3718      2.665       6919 3.3967e-01    206.905    4.75054 2.5705e+02     0.0000     0.0003     0.3397     1.9560     3.4559     0.0003         12  0.000e+00
      2.542  45.222315    17.3714      2.560       6920 3.3005e-01    209.262    4.80466 2.6604e+02     0.0003     0.0003     0.3301     1.9678     3.4707     0.0004         12  0.000e+00
      2.417  45.221976    17.3711      2.435       6921 3.2067e-01    211.159    4.84820 2.8578e+02     0.0000     0.0005     0.3207     1.9783     3.5017     0.0006         12  0.000e+00
      2.396  45.221840    17.3712      2.414       6922 3.1922e-01    211.714    4.86096 2.9271e+02     0.0004     0.0006     0.3192     1.9820     3.5121     0.0004         12  0.000e+00
      2.293  45.221704    17.3709      2.310       6923 3.1792e-01    212.165    4.87131 2.9634e+02     0.0002     0.0000     0.3179     1.9825     3.5174     0.0005         12  0.000e+00
      2.231  45.221704    17.3708      2.247       6924 3.2242e-01    211.485    4.85569 2.9081e+02     0.0002     0.0001     0.3224     1.9766     3.5093     0.0002         12  0.000e+00
      2.231  45.221704    17.3708      2.247       6925 3.1739e-01    233.254    5.35551 2.7676e+02     0.0001     0.0002     0.3174     2.0939     3.4878     0.0005         12  0.000e+00
      2.169  45.221704    17.3706      2.185       6926 3.2723e-01    245.923    5.64640 2.8805e+02     0.0001     0.0000     0.3272     2.1465     3.5051     0.0005         12  0.000e+00
