inst/extdata/S285_ctd/S285-014-HC.cnv
* Sea-Bird SBE19plus Data File:
* FileName = C:\Data\CTD\Hex\S285-014-HC.hex
* Software Version 1.25
* Temperature SN =  7706
* Conductivity SN =  7706
* System UpLoad Time = Apr 07 2019 23:13:49
** StationS285-014-HC
** UTC (Time)09:15
** Latitude:39 44.8'S 
** Longitude:176 24.7'W
** Bottom Depth [m]3938
** Chief ScientistBen Harden 
** General Locale
# nquan = 25                                
# nvalues = 8013                        
# units = specified
# name 0 = depSM: Depth [salt water, m]
# name 1 = c0mS/cm: Conductivity [mS/cm]
# name 2 = tv290C: Temperature [ITS-90, deg C]
# name 3 = prdM: Pressure, Strain Gauge [db]
# name 4 = scan: Scan Count
# name 5 = flSP: Fluorescence, Seapoint
# name 6 = sbeox0Mm/Kg: Oxygen, SBE 43 [umol/Kg]
# name 7 = sbeox0ML/L: Oxygen, SBE 43 [ml/l]
# name 8 = par: PAR/Irradiance, Biospherical/Licor
# name 9 = v0: Voltage 0
# name 10 = v1: Voltage 1
# name 11 = v2: Voltage 2
# name 12 = v3: Voltage 3
# name 13 = v4: Voltage 4
# name 14 = v5: Voltage 5
# name 15 = density00: Density [density, Kg/m^3]
# name 16 = sigma-é00: Density [sigma-theta, Kg/m^3]
# name 17 = depSM: Depth [salt water, m], lat = -36
# name 18 = oxsatML/L: Oxygen Saturation [ml/l]
# name 19 = potemp090C: Potential Temperature [ITS-90, deg C]
# name 20 = sal00: Salinity [PSU]
# name 21 = svCM: Sound Velocity [Chen-Millero, m/s]
# name 22 = sva: Specific Volume Anomaly [10^-8 * m^3/Kg]
# name 23 = tsa: Thermosteric Anomaly [10^-8 * m^3/Kg]
# name 24 = flag: flag
# span 0 =     -0.211,    291.105       
# span 1 =   0.002898,  47.007278       
# span 2 =    11.2020,    18.8049       
# span 3 =     -0.244,    293.566       
# span 4 =          1,       8013       
# span 5 = 4.9686e-02, 1.9739e+00       
# span 6 =    119.707,    271.342       
# span 7 =    2.74823,    6.22426       
# span 8 = 1.0000e-12, 5.0774e-01       
# span 9 =     0.0000,     0.0004       
# span 10 =     0.0000,     0.0005      
# span 11 =     0.0497,     1.9739      
# span 12 =     1.2819,     2.2948      
# span 13 =     0.0019,     1.1811      
# span 14 =     0.0000,     0.0005      
# span 15 =   998.8673,  1027.9625      
# span 16 =    -1.1317,    26.6527      
# span 17 =     -0.242,    291.214      
# span 18 =    5.27401,    6.83639      
# span 19 =    11.1662,    18.8024      
# span 20 =     0.0089,    35.3630      
# span 21 =    1470.82,    1519.04      
# span 22 =    145.189,   2847.098      
# span 23 =    138.565,   2847.299      
# span 24 = 0.0000e+00, 0.0000e+00      
# interval = seconds: 0.25                        
# start_time = Apr 08 2019 02:10:11
# bad_flag = -9.990e-29
*END*
[from data line 3711]
    241.667  40.019425    11.9450    243.466       3712 5.1192e-02    131.507    3.02290 1.0000e-12     0.0001     0.0002     0.0512     1.3125     0.0021     0.0002  1027.6629    26.5787    241.545    6.05961    11.9133    34.9653    1500.62    151.282    145.515 -9.990e-29
    241.785  40.017587    11.9441    243.612       3713 5.1212e-02    131.513    3.02304 1.0000e-12     0.0001     0.0002     0.0512     1.3124     0.0021     0.0002  1027.6629    26.5781    241.689    6.05976    11.9124    34.9643    1500.61    151.344    145.574 -9.990e-29
    241.928  40.014728    11.9421    243.779       3714 5.1140e-02    131.530    3.02342 1.0000e-12     0.0001     0.0002     0.0511     1.3124     0.0021     0.0002  1027.6633    26.5777    241.855    6.06006    11.9103    34.9633    1500.61    151.383    145.610 0.0000e+00
    242.089  40.010527    11.9376    243.967       3715 5.1150e-02    131.563    3.02416 1.0000e-12     0.0002     0.0002     0.0511     1.3124     0.0021     0.0003  1027.6650    26.5786    242.041    6.06063    11.9058    34.9633    1500.60    151.302    145.526 0.0000e+00
    242.263  40.005144    11.9318    244.156       3716 5.1322e-02    131.594    3.02487 1.0000e-12     0.0002     0.0002     0.0513     1.3123     0.0021     0.0003  1027.6671    26.5798    242.229    6.06138    11.9000    34.9634    1500.58    151.192    145.414 0.0000e+00
    242.447  39.999125    11.9254    244.343       3717 5.1467e-02    131.611    3.02526 1.0000e-12     0.0002     0.0002     0.0514     1.3122     0.0021     0.0003  1027.6692    26.5811    242.414    6.06220    11.8936    34.9635    1500.56    151.075    145.295 0.0000e+00
    242.636  39.992974    11.9206    244.573       3718 5.1440e-02    131.620    3.02546 1.0000e-12     0.0002     0.0002     0.0514     1.3121     0.0021     0.0003  1027.6699    26.5807    242.642    6.06288    11.8888    34.9619    1500.55    151.110    145.327 0.0000e+00
    242.825  39.986838    11.9168    244.761       3719 5.1286e-02    131.620    3.02546 1.0000e-12     0.0002     0.0002     0.0512     1.3120     0.0022     0.0003  1027.6696    26.5795    242.829    6.06346    11.8850    34.9594    1500.53    151.229    145.443 0.0000e+00
    243.013  39.980078    11.9107    244.970       3720 5.1054e-02    131.608    3.02518 1.0000e-12     0.0003     0.0001     0.0510     1.3118     0.0022     0.0003  1027.6709    26.5799    243.036    6.06428    11.8788    34.9584    1500.52    151.193    145.405 0.0000e+00
    243.197  39.972071    11.9030    245.138       3721 5.0882e-02    131.596    3.02492 1.0000e-12     0.0003     0.0001     0.0508     1.3117     0.0023     0.0004  1027.6726    26.5808    243.202    6.06530    11.8711    34.9577    1500.49    151.105    145.315 0.0000e+00
    243.379  39.962972    11.8933    245.326       3722 5.0866e-02    131.592    3.02482 1.0000e-12     0.0003     0.0001     0.0508     1.3116     0.0023     0.0004  1027.6755    26.5828    243.389    6.06655    11.8614    34.9578    1500.46    150.921    145.131 0.0000e+00
    243.560  39.953350    11.8828    245.493       3723 5.0905e-02    131.587    3.02469 1.0000e-12     0.0002     0.0001     0.0509     1.3115     0.0023     0.0004  1027.6785    26.5851    243.554    6.06789    11.8509    34.9582    1500.43    150.705    144.914 0.0000e+00
    243.739  39.943963    11.8727    245.702       3724 5.0927e-02    131.577    3.02448 1.0000e-12     0.0002     0.0001     0.0509     1.3113     0.0023     0.0004  1027.6816    26.5872    243.762    6.06918    11.8408    34.9584    1500.40    150.508    144.716 0.0000e+00
    243.914  39.935467    11.8643    245.869       3725 5.0949e-02    131.570    3.02431 1.0000e-12     0.0001     0.0001     0.0510     1.3111     0.0023     0.0004  1027.6836    26.5884    243.927    6.07028    11.8324    34.9579    1500.37    150.394    144.601 0.0000e+00
    244.085  39.928137    11.8579    246.037       3726 5.0993e-02    131.570    3.02431 1.0000e-12     0.0001     0.0001     0.0510     1.3110     0.0023     0.0005  1027.6846    26.5886    244.094    6.07116    11.8260    34.9567    1500.35    150.371    144.577 0.0000e+00
    244.254  39.921804    11.8518    246.225       3727 5.1145e-02    131.581    3.02457 1.0000e-12     0.0001     0.0001     0.0512     1.3109     0.0023     0.0005  1027.6862    26.5893    244.280    6.07196    11.8199    34.9561    1500.33    150.304    144.508 0.0000e+00
    244.414  39.916287    11.8461    246.434       3728 5.1402e-02    131.596    3.02493 1.0000e-12     0.0001     0.0002     0.0514     1.3108     0.0022     0.0005  1027.6882    26.5903    244.487    6.07271    11.8142    34.9560    1500.32    150.215    144.415 0.0000e+00
    244.562  39.911792    11.8422    246.539       3729 5.1577e-02    131.605    3.02513 1.0000e-12     0.0001     0.0003     0.0516     1.3107     0.0022     0.0005  1027.6888    26.5905    244.592    6.07324    11.8103    34.9552    1500.30    150.203    144.403 0.0000e+00
    244.699  39.908433    11.8392    246.685       3730 5.1743e-02    131.609    3.02525 1.0000e-12     0.0001     0.0003     0.0517     1.3106     0.0022     0.0004  1027.6896    26.5906    244.736    6.07365    11.8072    34.9547    1500.29    150.191    144.388 0.0000e+00
    244.825  39.905959    11.8373    246.852       3731 5.1958e-02    131.616    3.02541 1.0000e-12     0.0001     0.0003     0.0520     1.3105     0.0022     0.0004  1027.6902    26.5904    244.902    6.07392    11.8053    34.9540    1500.29    150.212    144.406 0.0000e+00
    244.937  39.904133    11.8359    246.915       3732 5.1858e-02    131.621    3.02552 1.0000e-12     0.0001     0.0003     0.0519     1.3104     0.0022     0.0004  1027.6903    26.5903    244.964    6.07412    11.8039    34.9535    1500.29    150.224    144.418 0.0000e+00
    245.038  39.902758    11.8351    247.019       3733 5.1477e-02    131.611    3.02530 1.0000e-12     0.0001     0.0003     0.0515     1.3103     0.0022     0.0004  1027.6905    26.5900    245.068    6.07425    11.8031    34.9528    1500.28    150.259    144.451 0.0000e+00
    245.132  39.901690    11.8342    247.124       3734 5.1167e-02    131.587    3.02474 1.0000e-12     0.0001     0.0003     0.0512     1.3101     0.0022     0.0003  1027.6909    26.5899    245.172    6.07437    11.8022    34.9526    1500.28    150.263    144.453 0.0000e+00
    245.216  39.900923    11.8335    247.229       3735 5.0951e-02    131.563    3.02419 1.0000e-12     0.0001     0.0002     0.0510     1.3100     0.0022     0.0003  1027.6914    26.5900    245.276    6.07447    11.8015    34.9525    1500.28    150.263    144.450 0.0000e+00
    245.286  39.900433    11.8331    247.292       3736 5.0849e-02    131.543    3.02374 1.0000e-12     0.0002     0.0002     0.0509     1.3099     0.0022     0.0003  1027.6917    26.5899    245.338    6.07452    11.8011    34.9523    1500.28    150.267    144.453 0.0000e+00
    245.342  39.900162    11.8331    247.375       3737 5.0929e-02    131.524    3.02331 1.0000e-12     0.0002     0.0002     0.0509     1.3098     0.0023     0.0003  1027.6918    26.5897    245.420    6.07454    11.8011    34.9520    1500.28    150.291    144.475 0.0000e+00
    245.382  39.900059    11.8332    247.375       3738 5.1172e-02    131.510    3.02299 1.0000e-12     0.0002     0.0002     0.0512     1.3097     0.0023     0.0003  1027.6916    26.5895    245.420    6.07453    11.8012    34.9518    1500.28    150.307    144.491 -9.990e-29
    245.409  39.900057    11.8333    247.418       3739 5.1684e-02    131.500    3.02275 1.0000e-12     0.0002     0.0002     0.0517     1.3096     0.0022     0.0003  1027.6917    26.5894    245.463    6.07452    11.8013    34.9517    1500.28    150.318    144.501 0.0000e+00
    245.424  39.900084    11.8336    247.417       3740 5.2484e-02    131.487    3.02247 1.0000e-12     0.0001     0.0002     0.0525     1.3095     0.0022     0.0003  1027.6915    26.5892    245.462    6.07449    11.8016    34.9515    1500.28    150.343    144.526 -9.990e-29
    245.430  39.900094    11.8337    247.396       3741 5.3115e-02    131.472    3.02212 1.0000e-12     0.0001     0.0002     0.0531     1.3094     0.0022     0.0003  1027.6913    26.5891    245.441    6.07448    11.8017    34.9514    1500.28    150.349    144.533 -9.990e-29
    245.432  39.900074    11.8337    247.375       3742 5.3221e-02    131.455    3.02172 1.0000e-12     0.0001     0.0002     0.0532     1.3093     0.0022     0.0004  1027.6912    26.5891    245.420    6.07448    11.8017    34.9514    1500.28    150.350    144.534 -9.990e-29
    245.440  39.900018    11.8337    247.334       3743 5.2946e-02    131.438    3.02133 1.0000e-12     0.0001     0.0002     0.0529     1.3092     0.0022     0.0004  1027.6910    26.5891    245.380    6.07448    11.8017    34.9513    1500.28    150.351    144.536 -9.990e-29
    245.460  39.899929    11.8336    247.334       3744 5.2600e-02    131.420    3.02094 1.0000e-12     0.0001     0.0002     0.0526     1.3091     0.0022     0.0003  1027.6910    26.5891    245.380    6.07450    11.8016    34.9513    1500.28    150.349    144.534 -9.990e-29
    245.503  39.899783    11.8338    247.313       3745 5.2319e-02    131.405    3.02058 1.0000e-12     0.0001     0.0002     0.0523     1.3090     0.0021     0.0003  1027.6906    26.5888    245.359    6.07448    11.8018    34.9510    1500.28    150.376    144.561 -9.990e-29
    245.577  39.899489    11.8334    247.417       3746 5.2088e-02    131.399    3.02045 1.0000e-12     0.0001     0.0002     0.0521     1.3089     0.0021     0.0003  1027.6912    26.5889    245.462    6.07453    11.8014    34.9511    1500.28    150.368    144.551 -9.990e-29
    245.682  39.898986    11.8329    247.501       3747 5.1891e-02    131.403    3.02053 1.0000e-12     0.0001     0.0003     0.0519     1.3089     0.0021     0.0003  1027.6916    26.5890    245.545    6.07460    11.8009    34.9510    1500.28    150.365    144.547 0.0000e+00
    245.818  39.898282    11.8324    247.668       3748 5.1596e-02    131.412    3.02074 1.0000e-12     0.0001     0.0003     0.0516     1.3088     0.0020     0.0002  1027.6922    26.5888    245.711    6.07468    11.8003    34.9507    1500.28    150.381    144.559 0.0000e+00
    245.979  39.897371    11.8320    247.877       3749 5.1322e-02    131.429    3.02112 1.0000e-12     0.0001     0.0003     0.0513     1.3088     0.0020     0.0002  1027.6928    26.5884    245.918    6.07475    11.7999    34.9501    1500.28    150.424    144.597 0.0000e+00
    246.155  39.896146    11.8313    248.128       3750 5.1362e-02    131.449    3.02159 1.0000e-12     0.0001     0.0003     0.0514     1.3088     0.0021     0.0002  1027.6935    26.5881    246.167    6.07487    11.7992    34.9495    1500.28    150.465    144.632 0.0000e+00
    246.332  39.894389    11.8305    248.295       3751 5.1645e-02    131.462    3.02189 1.0000e-12     0.0001     0.0003     0.0516     1.3088     0.0021     0.0002  1027.6936    26.5874    246.333    6.07501    11.7984    34.9484    1500.28    150.530    144.694 0.0000e+00
    246.505  39.891851    11.8274    248.524       3752 5.1865e-02    131.461    3.02186 1.0000e-12     0.0001     0.0002     0.0519     1.3087     0.0022     0.0003  1027.6955    26.5883    246.560    6.07540    11.7952    34.9487    1500.28    150.455    144.615 0.0000e+00
    246.666  39.888611    11.8231    248.713       3753 5.1766e-02    131.447    3.02155 1.0000e-12     0.0001     0.0002     0.0518     1.3085     0.0022     0.0003  1027.6978    26.5897    246.747    6.07592    11.7909    34.9495    1500.27    150.323    144.479 0.0000e+00
    246.808  39.885316    11.8198    248.859       3754 5.1433e-02    131.422    3.02095 1.0000e-12     0.0001     0.0002     0.0514     1.3084     0.0022     0.0004  1027.6989    26.5902    246.892    6.07636    11.7876    34.9493    1500.26    150.280    144.434 0.0000e+00
    246.932  39.882473    11.8174    248.942       3755 5.1179e-02    131.390    3.02023 1.0000e-12     0.0001     0.0002     0.0512     1.3083     0.0022     0.0004  1027.6993    26.5902    246.974    6.07669    11.7852    34.9488    1500.25    150.279    144.433 0.0000e+00
    247.042  39.879984    11.8156    249.068       3756 5.1134e-02    131.362    3.01957 1.0000e-12     0.0001     0.0003     0.0511     1.3082     0.0023     0.0004  1027.6996    26.5899    247.099    6.07695    11.7834    34.9480    1500.24    150.308    144.459 0.0000e+00
    247.144  39.877472    11.8140    249.068       3757 5.1181e-02    131.325    3.01873 1.0000e-12     0.0002     0.0003     0.0512     1.3080     0.0023     0.0004  1027.6992    26.5895    247.099    6.07719    11.7818    34.9470    1500.24    150.349    144.501 -9.990e-29
    247.249  39.874596    11.8118    249.214       3758 5.1330e-02    131.275    3.01759 1.0000e-12     0.0002     0.0003     0.0513     1.3078     0.0022     0.0004  1027.6996    26.5892    247.244    6.07751    11.7796    34.9462    1500.23    150.372    144.522 0.0000e+00
    247.360  39.871204    11.8089    249.298       3759 5.1612e-02    131.231    3.01657 1.0000e-12     0.0002     0.0003     0.0516     1.3076     0.0022     0.0004  1027.7001    26.5893    247.327    6.07791    11.7767    34.9456    1500.22    150.367    144.516 0.0000e+00
    247.478  39.867261    11.8050    249.403       3760 5.1731e-02    131.205    3.01597 1.0000e-12     0.0002     0.0002     0.0517     1.3074     0.0022     0.0004  1027.7011    26.5899    247.431    6.07842    11.7728    34.9453    1500.21    150.316    144.464 0.0000e+00
    247.606  39.862839    11.8007    249.549       3761 5.1668e-02    131.206    3.01597 1.0000e-12     0.0001     0.0002     0.0517     1.3074     0.0021     0.0004  1027.7023    26.5904    247.576    6.07899    11.7684    34.9450    1500.20    150.267    144.413 0.0000e+00
    247.743  39.858154    11.7959    249.674       3762 5.1696e-02    131.233    3.01661 1.0000e-12     0.0001     0.0001     0.0517     1.3074     0.0021     0.0004  1027.7037    26.5912    247.700    6.07962    11.7636    34.9448    1500.18    150.192    144.337 0.0000e+00
    247.888  39.853427    11.7920    249.842       3763 5.1863e-02    131.277    3.01761 1.0000e-12     0.0001     0.0001     0.0519     1.3074     0.0021     0.0003  1027.7044    26.5911    247.867    6.08016    11.7597    34.9438    1500.17    150.201    144.344 0.0000e+00
    248.040  39.848684    11.7880    249.988       3764 5.2014e-02    131.325    3.01872 1.0000e-12     0.0001     0.0001     0.0520     1.3074     0.0021     0.0003  1027.7051    26.5911    248.011    6.08072    11.7557    34.9428    1500.16    150.201    144.342 0.0000e+00
    248.199  39.843782    11.7830    250.155       3765 5.1987e-02    131.371    3.01977 1.0000e-12     0.0001     0.0002     0.0520     1.3074     0.0022     0.0003  1027.7067    26.5919    248.177    6.08137    11.7507    34.9427    1500.14    150.127    144.266 0.0000e+00
    248.363  39.838700    11.7774    250.343       3766 5.1694e-02    131.407    3.02061 1.0000e-12     0.0001     0.0002     0.0517     1.3073     0.0022     0.0004  1027.7088    26.5932    248.363    6.08209    11.7451    34.9429    1500.13    150.014    144.151 0.0000e+00
    248.527  39.833681    11.7730    250.531       3767 5.1203e-02    131.431    3.02117 1.0000e-12     0.0001     0.0002     0.0512     1.3073     0.0022     0.0004  1027.7098    26.5933    248.550    6.08269    11.7407    34.9420    1500.12    150.001    144.136 0.0000e+00
    248.687  39.828842    11.7681    250.678       3768 5.0781e-02    131.447    3.02154 1.0000e-12     0.0001     0.0002     0.0508     1.3072     0.0022     0.0004  1027.7112    26.5941    248.695    6.08333    11.7358    34.9418    1500.10    149.930    144.063 0.0000e+00
