inst/extdata/S285_ctd/S285-014-HC.cnv
* Sea-Bird SBE19plus Data File:
* FileName = C:\Data\CTD\Hex\S285-014-HC.hex
* Software Version 1.25
* Temperature SN =  7706
* Conductivity SN =  7706
* System UpLoad Time = Apr 07 2019 23:13:49
** StationS285-014-HC
** UTC (Time)09:15
** Latitude:39 44.8'S 
** Longitude:176 24.7'W
** Bottom Depth [m]3938
** Chief ScientistBen Harden 
** General Locale
# nquan = 25                                
# nvalues = 8013                        
# units = specified
# name 0 = depSM: Depth [salt water, m]
# name 1 = c0mS/cm: Conductivity [mS/cm]
# name 2 = tv290C: Temperature [ITS-90, deg C]
# name 3 = prdM: Pressure, Strain Gauge [db]
# name 4 = scan: Scan Count
# name 5 = flSP: Fluorescence, Seapoint
# name 6 = sbeox0Mm/Kg: Oxygen, SBE 43 [umol/Kg]
# name 7 = sbeox0ML/L: Oxygen, SBE 43 [ml/l]
# name 8 = par: PAR/Irradiance, Biospherical/Licor
# name 9 = v0: Voltage 0
# name 10 = v1: Voltage 1
# name 11 = v2: Voltage 2
# name 12 = v3: Voltage 3
# name 13 = v4: Voltage 4
# name 14 = v5: Voltage 5
# name 15 = density00: Density [density, Kg/m^3]
# name 16 = sigma-é00: Density [sigma-theta, Kg/m^3]
# name 17 = depSM: Depth [salt water, m], lat = -36
# name 18 = oxsatML/L: Oxygen Saturation [ml/l]
# name 19 = potemp090C: Potential Temperature [ITS-90, deg C]
# name 20 = sal00: Salinity [PSU]
# name 21 = svCM: Sound Velocity [Chen-Millero, m/s]
# name 22 = sva: Specific Volume Anomaly [10^-8 * m^3/Kg]
# name 23 = tsa: Thermosteric Anomaly [10^-8 * m^3/Kg]
# name 24 = flag: flag
# span 0 =     -0.211,    291.105       
# span 1 =   0.002898,  47.007278       
# span 2 =    11.2020,    18.8049       
# span 3 =     -0.244,    293.566       
# span 4 =          1,       8013       
# span 5 = 4.9686e-02, 1.9739e+00       
# span 6 =    119.707,    271.342       
# span 7 =    2.74823,    6.22426       
# span 8 = 1.0000e-12, 5.0774e-01       
# span 9 =     0.0000,     0.0004       
# span 10 =     0.0000,     0.0005      
# span 11 =     0.0497,     1.9739      
# span 12 =     1.2819,     2.2948      
# span 13 =     0.0019,     1.1811      
# span 14 =     0.0000,     0.0005      
# span 15 =   998.8673,  1027.9625      
# span 16 =    -1.1317,    26.6527      
# span 17 =     -0.242,    291.214      
# span 18 =    5.27401,    6.83639      
# span 19 =    11.1662,    18.8024      
# span 20 =     0.0089,    35.3630      
# span 21 =    1470.82,    1519.04      
# span 22 =    145.189,   2847.098      
# span 23 =    138.565,   2847.299      
# span 24 = 0.0000e+00, 0.0000e+00      
# interval = seconds: 0.25                        
# start_time = Apr 08 2019 02:10:11
# bad_flag = -9.990e-29
*END*
[from data line 4290]
    288.222  39.300910    11.2567    290.581       4291 5.1097e-02    129.789    2.98360 1.0000e-12     0.0001     0.0003     0.0511     1.2838     0.0023     0.0003  1027.9441    26.6465    288.255    6.15240    11.2202    34.8859    1498.92    145.721    139.146 -9.990e-29
    288.182  39.300305    11.2565    290.539       4292 5.1100e-02    129.782    2.98343 1.0000e-12     0.0001     0.0003     0.0511     1.2837     0.0023     0.0003  1027.9436    26.6462    288.213    6.15244    11.2200    34.8855    1498.92    145.745    139.172 0.0000e+00
    288.133  39.299525    11.2563    290.497       4293 5.1108e-02    129.759    2.98291 1.0000e-12     0.0001     0.0003     0.0511     1.2836     0.0022     0.0003  1027.9430    26.6458    288.172    6.15249    11.2198    34.8849    1498.92    145.782    139.210 0.0000e+00
    288.077  39.298433    11.2556    290.414       4294 5.0945e-02    129.733    2.98230 1.0000e-12     0.0001     0.0003     0.0510     1.2835     0.0022     0.0003  1027.9425    26.6456    288.089    6.15260    11.2192    34.8845    1498.92    145.796    139.226 0.0000e+00
    288.017  39.296924    11.2540    290.330       4295 5.0696e-02    129.706    2.98168 1.0000e-12     0.0001     0.0003     0.0507     1.2834     0.0022     0.0003  1027.9425    26.6460    288.006    6.15281    11.2176    34.8846    1498.91    145.762    139.194 0.0000e+00
    287.959  39.295066    11.2521    290.267       4296 5.0669e-02    129.681    2.98111 1.0000e-12     0.0001     0.0003     0.0507     1.2834     0.0022     0.0003  1027.9425    26.6463    287.944    6.15306    11.2157    34.8845    1498.90    145.728    139.163 0.0000e+00
    287.906  39.293145    11.2508    290.184       4297 5.0884e-02    129.665    2.98073 1.0000e-12     0.0002     0.0003     0.0509     1.2833     0.0022     0.0004  1027.9419    26.6461    287.861    6.15326    11.2144    34.8839    1498.89    145.749    139.187 0.0000e+00
    287.862  39.291266    11.2487    290.142       4298 5.1042e-02    129.660    2.98061 1.0000e-12     0.0002     0.0003     0.0511     1.2833     0.0023     0.0004  1027.9422    26.6465    287.820    6.15353    11.2123    34.8840    1498.89    145.701    139.140 0.0000e+00
    287.831  39.289508    11.2463    290.080       4299 5.1053e-02    129.675    2.98096 1.0000e-12     0.0002     0.0002     0.0511     1.2834     0.0022     0.0004  1027.9428    26.6474    287.758    6.15383    11.2099    34.8846    1498.88    145.616    139.058 0.0000e+00
    287.819  39.288232    11.2450    290.038       4300 5.1128e-02    129.711    2.98180 1.0000e-12     0.0002     0.0002     0.0512     1.2834     0.0022     0.0004  1027.9429    26.6476    287.717    6.15400    11.2086    34.8846    1498.87    145.593    139.036 0.0000e+00
    287.826  39.287730    11.2441    290.101       4301 5.1410e-02    129.746    2.98260 1.0000e-12     0.0002     0.0002     0.0515     1.2835     0.0022     0.0004  1027.9436    26.6481    287.779    6.15411    11.2077    34.8849    1498.87    145.554    138.997 -9.990e-29
    287.849  39.288119    11.2443    290.122       4302 5.1692e-02    129.774    2.98324 1.0000e-12     0.0001     0.0002     0.0517     1.2835     0.0022     0.0004  1027.9438    26.6482    287.800    6.15407    11.2079    34.8851    1498.87    145.545    138.986 -9.990e-29
    287.881  39.289412    11.2459    290.205       4303 5.1666e-02    129.813    2.98414 1.0000e-12     0.0001     0.0002     0.0517     1.2836     0.0022     0.0004  1027.9436    26.6477    287.882    6.15387    11.2095    34.8848    1498.88    145.595    139.034 -9.990e-29
    287.916  39.291251    11.2480    290.226       4304 5.1383e-02    129.862    2.98529 1.0000e-12     0.0001     0.0001     0.0514     1.2837     0.0022     0.0004  1027.9432    26.6471    287.903    6.15360    11.2116    34.8847    1498.89    145.645    139.083 -9.990e-29
    287.951  39.293095    11.2500    290.310       4305 5.1090e-02    129.905    2.98628 1.0000e-12     0.0001     0.0001     0.0511     1.2839     0.0021     0.0003  1027.9431    26.6467    287.986    6.15334    11.2136    34.8846    1498.89    145.690    139.125 -9.990e-29
    287.982  39.294619    11.2515    290.310       4306 5.0937e-02    129.933    2.98691 1.0000e-12     0.0001     0.0001     0.0509     1.2840     0.0021     0.0003  1027.9429    26.6465    287.986    6.15314    11.2151    34.8846    1498.90    145.710    139.145 -9.990e-29
    288.008  39.295738    11.2524    290.373       4307 5.0879e-02    129.939    2.98704 1.0000e-12     0.0002     0.0002     0.0509     1.2840     0.0021     0.0003  1027.9432    26.6465    288.049    6.15301    11.2160    34.8849    1498.90    145.711    139.143 -9.990e-29
    288.023  39.296516    11.2530    290.435       4308 5.0793e-02    129.913    2.98644 1.0000e-12     0.0002     0.0002     0.0508     1.2839     0.0021     0.0003  1027.9435    26.6466    288.110    6.15292    11.2166    34.8851    1498.91    145.710    139.141 -9.990e-29
    288.020  39.297017    11.2535    290.415       4309 5.0752e-02    129.854    2.98509 1.0000e-12     0.0002     0.0002     0.0507     1.2837     0.0021     0.0003  1027.9433    26.6465    288.090    6.15286    11.2171    34.8851    1498.91    145.716    139.147 -9.990e-29
    287.997  39.297283    11.2537    290.415       4310 5.0751e-02    129.774    2.98325 1.0000e-12     0.0002     0.0002     0.0507     1.2835     0.0020     0.0002  1027.9434    26.6465    288.090    6.15283    11.2173    34.8852    1498.91    145.714    139.145 -9.990e-29
    287.951  39.297336    11.2540    290.394       4311 5.0754e-02    129.690    2.98132 1.0000e-12     0.0003     0.0002     0.0507     1.2833     0.0020     0.0002  1027.9430    26.6463    288.070    6.15280    11.2176    34.8849    1498.91    145.735    139.166 -9.990e-29
    287.877  39.297120    11.2542    290.310       4312 5.0691e-02    129.623    2.97979 1.0000e-12     0.0003     0.0002     0.0507     1.2832     0.0020     0.0002  1027.9423    26.6460    287.986    6.15278    11.2178    34.8846    1498.91    145.764    139.197 -9.990e-29
    287.774  39.296524    11.2542    290.227       4313 5.0462e-02    129.584    2.97889 1.0000e-12     0.0003     0.0002     0.0505     1.2832     0.0020     0.0003  1027.9415    26.6455    287.904    6.15280    11.2178    34.8840    1498.91    145.803    139.238 -9.990e-29
    287.641  39.295383    11.2540    290.060       4314 5.0212e-02    129.570    2.97855 1.0000e-12     0.0003     0.0002     0.0502     1.2832     0.0021     0.0003  1027.9402    26.6449    287.739    6.15286    11.2176    34.8832    1498.90    145.859    139.299 -9.990e-29
    287.482  39.293467    11.2532    289.913       4315 5.0121e-02    129.572    2.97859 1.0000e-12     0.0003     0.0001     0.0501     1.2832     0.0021     0.0003  1027.9388    26.6442    287.593    6.15301    11.2168    34.8821    1498.90    145.921    139.364 0.0000e+00
    287.300  39.290593    11.2510    289.663       4316 5.0278e-02    129.579    2.97877 1.0000e-12     0.0003     0.0001     0.0503     1.2831     0.0022     0.0003  1027.9376    26.6441    287.345    6.15333    11.2147    34.8814    1498.88    145.924    139.375 0.0000e+00
    287.102  39.286790    11.2482    289.454       4317 5.0548e-02    129.586    2.97892 1.0000e-12     0.0002     0.0001     0.0506     1.2830     0.0022     0.0003  1027.9364    26.6438    287.138    6.15374    11.2119    34.8804    1498.87    145.945    139.402 0.0000e+00
    286.896  39.282146    11.2449    289.245       4318 5.0670e-02    129.587    2.97894 1.0000e-12     0.0002     0.0001     0.0507     1.2829     0.0022     0.0003  1027.9350    26.6433    286.931    6.15423    11.2086    34.8790    1498.85    145.984    139.448 0.0000e+00
    286.682  39.276649    11.2402    288.994       4319 5.0562e-02    129.580    2.97878 1.0000e-12     0.0002     0.0001     0.0506     1.2828     0.0022     0.0003  1027.9341    26.6434    286.682    6.15489    11.2040    34.8781    1498.83    145.960    139.432 0.0000e+00
    286.466  39.270393    11.2345    288.786       4320 5.0447e-02    129.575    2.97864 1.0000e-12     0.0002     0.0001     0.0505     1.2827     0.0022     0.0003  1027.9336    26.6439    286.476    6.15567    11.1983    34.8774    1498.81    145.906    139.386 0.0000e+00
    286.251  39.263754    11.2286    288.535       4321 5.0545e-02    129.580    2.97876 1.0000e-12     0.0001     0.0001     0.0506     1.2827     0.0022     0.0003  1027.9329    26.6443    286.227    6.15648    11.1925    34.8765    1498.78    145.861    139.350 0.0000e+00
    286.036  39.257219    11.2227    288.368       4322 5.0750e-02    129.598    2.97917 1.0000e-12     0.0001     0.0001     0.0508     1.2827     0.0022     0.0004  1027.9327    26.6447    286.061    6.15730    11.1866    34.8756    1498.76    145.813    139.309 0.0000e+00
    285.818  39.251165    11.2167    288.159       4323 5.0851e-02    129.622    2.97972 1.0000e-12     0.0001     0.0001     0.0509     1.2827     0.0022     0.0004  1027.9327    26.6456    285.854    6.15810    11.1806    34.8754    1498.73    145.719    139.222 0.0000e+00
    285.593  39.245910    11.2120    287.908       4324 5.0872e-02    129.637    2.98006 1.0000e-12     0.0002     0.0002     0.0509     1.2827     0.0021     0.0003  1027.9319    26.6459    285.605    6.15875    11.1760    34.8747    1498.71    145.678    139.189 0.0000e+00
    285.365  39.241730    11.2090    287.657       4325 5.0959e-02    129.637    2.98007 1.0000e-12     0.0002     0.0002     0.0510     1.2826     0.0021     0.0003  1027.9304    26.6456    285.356    6.15919    11.1730    34.8735    1498.69    145.707    139.226 0.0000e+00
    285.138  39.238560    11.2065    287.427       4326 5.1069e-02    129.626    2.97982 1.0000e-12     0.0003     0.0002     0.0511     1.2825     0.0021     0.0003  1027.9293    26.6455    285.128    6.15955    11.1705    34.8729    1498.68    145.707    139.232 0.0000e+00
    284.913  39.236073    11.2044    287.197       4327 5.1222e-02    129.608    2.97941 1.0000e-12     0.0003     0.0002     0.0512     1.2824     0.0022     0.0003  1027.9284    26.6456    284.900    6.15984    11.1685    34.8725    1498.67    145.692    139.224 0.0000e+00
    284.691  39.234165    11.2029    286.968       4328 5.1460e-02    129.593    2.97907 1.0000e-12     0.0003     0.0002     0.0514     1.2823     0.0022     0.0003  1027.9274    26.6455    284.673    6.16006    11.1670    34.8721    1498.66    145.688    139.226 0.0000e+00
    284.475  39.232944    11.2021    286.717       4329 5.1610e-02    129.580    2.97878 1.0000e-12     0.0003     0.0002     0.0516     1.2823     0.0021     0.0003  1027.9261    26.6454    284.425    6.16018    11.1662    34.8717    1498.65    145.693    139.237 0.0000e+00
    284.273  39.232430    11.2020    286.466       4330 5.1658e-02    129.572    2.97858 1.0000e-12     0.0003     0.0003     0.0516     1.2822     0.0021     0.0003  1027.9248    26.6452    284.176    6.16020    11.1662    34.8714    1498.65    145.708    139.258 0.0000e+00
    284.093  39.232524    11.2029    286.278       4331 5.1641e-02    129.574    2.97864 1.0000e-12     0.0002     0.0003     0.0516     1.2822     0.0022     0.0003  1027.9233    26.6445    283.989    6.16011    11.1671    34.8708    1498.65    145.769    139.324 0.0000e+00
    283.941  39.233034    11.2040    286.090       4332 5.1560e-02    129.590    2.97902 1.0000e-12     0.0002     0.0003     0.0515     1.2823     0.0022     0.0004  1027.9219    26.6439    283.803    6.15998    11.1682    34.8703    1498.65    145.818    139.376 0.0000e+00
    283.822  39.233696    11.2052    285.964       4333 5.1608e-02    129.617    2.97964 1.0000e-12     0.0002     0.0003     0.0516     1.2823     0.0022     0.0004  1027.9207    26.6434    283.678    6.15984    11.1694    34.8699    1498.65    145.867    139.428 0.0000e+00
    283.739  39.234346    11.2060    285.860       4334 5.1730e-02    129.651    2.98042 1.0000e-12     0.0002     0.0003     0.0517     1.2824     0.0022     0.0004  1027.9201    26.6432    283.575    6.15973    11.1702    34.8698    1498.65    145.884    139.447 0.0000e+00
    283.692  39.234941    11.2068    285.860       4335 5.1675e-02    129.687    2.98126 1.0000e-12     0.0001     0.0002     0.0516     1.2825     0.0023     0.0003  1027.9198    26.6429    283.575    6.15963    11.1710    34.8697    1498.65    145.910    139.473 -9.990e-29
    283.678  39.235489    11.2077    285.839       4336 5.1499e-02    129.712    2.98182 1.0000e-12     0.0001     0.0002     0.0515     1.2825     0.0023     0.0003  1027.9193    26.6425    283.554    6.15953    11.1719    34.8694    1498.65    145.948    139.511 0.0000e+00
    283.695  39.235975    11.2085    285.860       4337 5.1364e-02    129.719    2.98199 1.0000e-12     0.0001     0.0002     0.0513     1.2825     0.0023     0.0003  1027.9190    26.6421    283.575    6.15943    11.1727    34.8691    1498.66    145.983    139.545 -9.990e-29
    283.738  39.236316    11.2087    285.965       4338 5.1341e-02    129.721    2.98202 1.0000e-12     0.0000     0.0002     0.0513     1.2825     0.0022     0.0004  1027.9195    26.6422    283.679    6.15940    11.1729    34.8692    1498.66    145.982    139.541 -9.990e-29
    283.796  39.236497    11.2089    286.069       4339 5.1484e-02    129.720    2.98200 1.0000e-12     0.0000     0.0001     0.0515     1.2825     0.0022     0.0005  1027.9199    26.6421    283.782    6.15938    11.1731    34.8691    1498.66    145.992    139.549 -9.990e-29
    283.860  39.236599    11.2089    286.153       4340 5.1800e-02    129.707    2.98169 1.0000e-12     0.0001     0.0001     0.0518     1.2825     0.0022     0.0005  1027.9203    26.6422    283.866    6.15937    11.1731    34.8692    1498.66    145.989    139.544 -9.990e-29
    283.920  39.236684    11.2089    286.258       4341 5.2137e-02    129.683    2.98114 1.0000e-12     0.0001     0.0001     0.0522     1.2825     0.0022     0.0005  1027.9208    26.6422    283.970    6.15937    11.1731    34.8692    1498.67    145.989    139.541 -9.990e-29
    283.971  39.236774    11.2089    286.320       4342 5.2078e-02    129.657    2.98056 1.0000e-12     0.0001     0.0002     0.0521     1.2824     0.0021     0.0005  1027.9212    26.6422    284.031    6.15937    11.1731    34.8693    1498.67    145.985    139.537 -9.990e-29
    284.008  39.236876    11.2091    286.341       4343 5.1655e-02    129.634    2.98003 1.0000e-12     0.0001     0.0002     0.0517     1.2824     0.0021     0.0005  1027.9212    26.6421    284.052    6.15935    11.1733    34.8692    1498.67    145.997    139.547 -9.990e-29
    284.030  39.236967    11.2094    286.404       4344 5.1437e-02    129.617    2.97964 1.0000e-12     0.0001     0.0002     0.0514     1.2823     0.0021     0.0004  1027.9212    26.6419    284.114    6.15932    11.1736    34.8690    1498.67    146.020    139.569 -9.990e-29
    284.035  39.237019    11.2093    286.404       4345 5.1625e-02    129.594    2.97912 1.0000e-12     0.0001     0.0001     0.0516     1.2823     0.0021     0.0004  1027.9213    26.6420    284.114    6.15932    11.1735    34.8691    1498.67    146.007    139.556 -9.990e-29
    284.019  39.237030    11.2094    286.383       4346 5.2171e-02    129.562    2.97838 1.0000e-12     0.0001     0.0001     0.0522     1.2822     0.0021     0.0004  1027.9212    26.6420    284.094    6.15931    11.1736    34.8690    1498.67    146.014    139.564 -9.990e-29
    283.984  39.237019    11.2095    286.342       4347 5.2759e-02    129.533    2.97769 1.0000e-12     0.0001     0.0001     0.0528     1.2821     0.0022     0.0003  1027.9209    26.6419    284.053    6.15930    11.1737    34.8690    1498.67    146.021    139.572 -9.990e-29
