inst/extdata/S285_ctd/S285-009-HC.cnv
* Sea-Bird SBE19plus Data File:
* FileName = C:\Data\CTD\Hex\S285-009-HC.hex
* Software Version 1.25
* Temperature SN =  7706
* Conductivity SN =  7706
* System UpLoad Time = Apr 05 2019 16:24:13
** StationS285-009-HC
** UTC (Time)10:11
** Latitude:44 06.7'S
** Longitude:177 33.4'W
** Bottom Depth [m]463
** Chief ScientistBen Harden
** General Locale
** Carousel - SN:7706
** Voltage Channels:	Instrument Name:	Instrument SN:
** Voltage 0	Free	x
** Voltage 1	Free	x
** Voltage 2	Seapoint Chl-a	SCF3735
** Voltage 3	Dissolved O2	3329
** Voltage 4	Par	70623
** Voltage 5	Free	X
** 
# nquan = 25                                
# nvalues = 7067                        
# units = specified
# name 0 = depSM: Depth [salt water, m]
# name 1 = c0mS/cm: Conductivity [mS/cm]
# name 2 = tv290C: Temperature [ITS-90, deg C]
# name 3 = prdM: Pressure, Strain Gauge [db]
# name 4 = scan: Scan Count
# name 5 = flSP: Fluorescence, Seapoint
# name 6 = sbeox0Mm/Kg: Oxygen, SBE 43 [umol/Kg]
# name 7 = sbeox0ML/L: Oxygen, SBE 43 [ml/l]
# name 8 = par: PAR/Irradiance, Biospherical/Licor
# name 9 = v0: Voltage 0
# name 10 = v1: Voltage 1
# name 11 = v2: Voltage 2
# name 12 = v3: Voltage 3
# name 13 = v4: Voltage 4
# name 14 = v5: Voltage 5
# name 15 = density00: Density [density, Kg/m^3]
# name 16 = sigma-é00: Density [sigma-theta, Kg/m^3]
# name 17 = depSM: Depth [salt water, m], lat = -36
# name 18 = oxsatML/L: Oxygen Saturation [ml/l]
# name 19 = potemp090C: Potential Temperature [ITS-90, deg C]
# name 20 = sal00: Salinity [PSU]
# name 21 = svCM: Sound Velocity [Chen-Millero, m/s]
# name 22 = sva: Specific Volume Anomaly [10^-8 * m^3/Kg]
# name 23 = tsa: Thermosteric Anomaly [10^-8 * m^3/Kg]
# name 24 = flag: flag
# span 0 =     -0.056,    392.055       
# span 1 =   0.007554,  45.258047       
# span 2 =     7.9325,    17.3811       
# span 3 =     -0.100,    395.430       
# span 4 =          1,       7067       
# span 5 = 2.2465e-03, 6.7949e-01       
# span 6 =    130.212,    280.213       
# span 7 =    2.98999,    6.43222       
# span 8 = 1.0000e-12, 1.8477e+03       
# span 9 =     0.0000,     0.0004       
# span 10 =     0.0000,     0.0005      
# span 11 =     0.0022,     0.6795      
# span 12 =     1.3423,     2.3359      
# span 13 =     0.0020,     4.3111      
# span 14 =     0.0000,     0.0006      
# span 15 =   999.1894,  1028.6571      
# span 16 =    -0.8103,    26.8642      
# span 17 =     -0.099,    392.166      
# span 18 =    5.42833,    7.13325      
# span 19 =     7.8925,    17.3758      
# span 20 =     0.0101,    35.0533      
# span 21 =    1463.98,    1514.86      
# span 22 =    124.929,   2814.890      
# span 23 =    118.426,   2815.093      
# span 24 = 0.0000e+00, 0.0000e+00      
# interval = seconds: 0.25                        
# start_time = Apr 04 2019 14:09:49
# bad_flag = -9.990e-29
*END*
[from data line 2725]
    264.033  37.470985     9.5848    266.152       2726 4.7752e-02    149.357    3.43377 1.0000e-12     0.0002     0.0001     0.0478     1.3656     0.0023     0.0002  1027.9467    26.7479    264.037    6.39085     9.5548    34.6428    1492.28    134.558    129.362 0.0000e+00
    264.134  37.468988     9.5833    266.215       2727 4.7923e-02    149.345    3.43349 1.0000e-12     0.0001     0.0001     0.0479     1.3655     0.0023     0.0002  1027.9467    26.7477    264.100    6.39109     9.5532    34.6421    1492.27    134.582    129.386 0.0000e+00
    264.242  37.466248     9.5815    266.298       2728 4.8001e-02    149.348    3.43356 1.0000e-12     0.0001     0.0002     0.0480     1.3655     0.0023     0.0002  1027.9465    26.7471    264.182    6.39139     9.5514    34.6410    1492.27    134.638    129.441 0.0000e+00
    264.364  37.462629     9.5781    266.424       2729 4.8072e-02    149.361    3.43385 1.0000e-12     0.0001     0.0002     0.0481     1.3655     0.0022     0.0002  1027.9473    26.7473    264.307    6.39189     9.5480    34.6405    1492.26    134.623    129.426 0.0000e+00
    264.501  37.458060     9.5720    266.549       2730 4.8130e-02    149.376    3.43418 1.0000e-12     0.0001     0.0002     0.0481     1.3655     0.0022     0.0002  1027.9498    26.7491    264.431    6.39271     9.5419    34.6416    1492.24    134.444    129.247 0.0000e+00
    264.657  37.452832     9.5650    266.675       2731 4.8189e-02    149.399    3.43470 1.0000e-12     0.0001     0.0002     0.0482     1.3655     0.0022     0.0002  1027.9526    26.7513    264.556    6.39365     9.5349    34.6429    1492.22    134.238    129.040 0.0000e+00
    264.835  37.447740     9.5589    266.863       2732 4.8312e-02    149.445    3.43576 1.0000e-12     0.0001     0.0001     0.0483     1.3655     0.0022     0.0002  1027.9549    26.7528    264.742    6.39449     9.5288    34.6434    1492.20    134.102    128.904 0.0000e+00
    265.037  37.443478     9.5548    267.072       2733 4.8495e-02    149.517    3.43741 1.0000e-12     0.0001     0.0001     0.0485     1.3657     0.0022     0.0002  1027.9561    26.7530    264.949    6.39510     9.5247    34.6429    1492.19    134.080    128.879 0.0000e+00
    265.260  37.440046     9.5519    267.323       2734 4.8675e-02    149.620    3.43980 1.0000e-12     0.0001     0.0002     0.0487     1.3659     0.0022     0.0001  1027.9571    26.7528    265.198    6.39554     9.5218    34.6420    1492.18    134.101    128.898 0.0000e+00
    265.500  37.437002     9.5491    267.573       2735 4.8754e-02    149.745    3.44269 1.0000e-12     0.0001     0.0002     0.0487     1.3662     0.0021     0.0001  1027.9582    26.7529    265.446    6.39596     9.5190    34.6415    1492.17    134.102    128.895 0.0000e+00
    265.748  37.434025     9.5456    267.908       2736 4.8747e-02    149.865    3.44545 1.0000e-12     0.0002     0.0002     0.0487     1.3665     0.0021     0.0001  1027.9605    26.7536    265.778    6.39645     9.5154    34.6416    1492.16    134.041    128.828 0.0000e+00
    265.996  37.431211     9.5418    268.117       2737 4.8764e-02    149.973    3.44793 1.0000e-12     0.0002     0.0002     0.0488     1.3667     0.0021     0.0001  1027.9626    26.7547    265.985    6.39696     9.5116    34.6423    1492.16    133.935    128.719 0.0000e+00
    266.242  37.428938     9.5393    268.409       2738 4.8864e-02    150.074    3.45026 1.0000e-12     0.0002     0.0002     0.0489     1.3669     0.0021     0.0001  1027.9643    26.7551    266.275    6.39732     9.5091    34.6422    1492.15    133.905    128.685 0.0000e+00
    266.477  37.427374     9.5378    268.723       2739 4.8995e-02    150.156    3.45214 1.0000e-12     0.0002     0.0002     0.0490     1.3671     0.0021     0.0001  1027.9657    26.7551    266.586    6.39755     9.5076    34.6419    1492.15    133.910    128.685 0.0000e+00
    266.689  37.426346     9.5371    268.953       2740 4.9185e-02    150.203    3.45324 1.0000e-12     0.0002     0.0002     0.0492     1.3673     0.0022     0.0001  1027.9665    26.7548    266.814    6.39767     9.5068    34.6414    1492.15    133.939    128.710 0.0000e+00
    266.872  37.425631     9.5365    269.120       2741 4.9439e-02    150.219    3.45360 1.0000e-12     0.0002     0.0002     0.0494     1.3674     0.0023     0.0001  1027.9671    26.7547    266.980    6.39776     9.5062    34.6412    1492.15    133.951    128.718 0.0000e+00
    267.028  37.425105     9.5359    269.266       2742 4.9480e-02    150.200    3.45316 1.0000e-12     0.0002     0.0002     0.0495     1.3674     0.0024     0.0001  1027.9679    26.7548    267.124    6.39785     9.5056    34.6412    1492.15    133.946    128.711 0.0000e+00
    267.164  37.424731     9.5355    269.329       2743 4.9252e-02    150.153    3.45209 1.0000e-12     0.0002     0.0003     0.0492     1.3674     0.0024     0.0001  1027.9682    26.7549    267.187    6.39791     9.5052    34.6411    1492.15    133.943    128.707 0.0000e+00
    267.287  37.424481     9.5355    269.475       2744 4.9031e-02    150.090    3.45064 1.0000e-12     0.0002     0.0003     0.0490     1.3673     0.0024     0.0002  1027.9686    26.7546    267.332    6.39792     9.5052    34.6408    1492.15    133.970    128.731 0.0000e+00
    267.404  37.424305     9.5355    269.559       2745 4.8903e-02    150.004    3.44867 1.0000e-12     0.0002     0.0003     0.0489     1.3671     0.0024     0.0002  1027.9688    26.7544    267.415    6.39793     9.5052    34.6406    1492.15    133.988    128.747 0.0000e+00
    267.518  37.424122     9.5351    269.621       2746 4.8796e-02    149.903    3.44634 1.0000e-12     0.0002     0.0003     0.0488     1.3669     0.0024     0.0003  1027.9693    26.7546    267.476    6.39798     9.5048    34.6408    1492.15    133.970    128.728 0.0000e+00
    267.641  37.423883     9.5349    269.726       2747 4.8705e-02    149.810    3.44419 1.0000e-12     0.0002     0.0003     0.0487     1.3667     0.0024     0.0003  1027.9697    26.7546    267.580    6.39801     9.5045    34.6407    1492.15    133.977    128.733 0.0000e+00
    267.778  37.423630     9.5346    269.852       2748 4.8673e-02    149.740    3.44259 1.0000e-12     0.0001     0.0002     0.0487     1.3666     0.0024     0.0003  1027.9703    26.7546    267.705    6.39805     9.5042    34.6406    1492.16    133.976    128.730 0.0000e+00
    267.932  37.423402     9.5343    270.019       2749 4.8665e-02    149.703    3.44173 1.0000e-12     0.0001     0.0002     0.0487     1.3665     0.0024     0.0004  1027.9711    26.7547    267.871    6.39810     9.5039    34.6406    1492.16    133.977    128.727 0.0000e+00
    268.100  37.423211     9.5342    270.228       2750 4.8660e-02    149.698    3.44163 1.0000e-12     0.0001     0.0003     0.0487     1.3665     0.0024     0.0004  1027.9719    26.7545    268.078    6.39812     9.5038    34.6404    1492.16    133.994    128.740 0.0000e+00
    268.278  37.423039     9.5341    270.374       2751 4.8675e-02    149.718    3.44209 1.0000e-12     0.0001     0.0003     0.0487     1.3665     0.0024     0.0004  1027.9725    26.7544    268.223    6.39814     9.5037    34.6403    1492.16    134.006    128.750 0.0000e+00
    268.467  37.422805     9.5338    270.583       2752 4.8599e-02    149.758    3.44302 1.0000e-12     0.0001     0.0002     0.0486     1.3665     0.0023     0.0004  1027.9734    26.7544    268.430    6.39819     9.5033    34.6402    1492.16    134.009    128.748 0.0000e+00
    268.664  37.422452     9.5332    270.813       2753 4.8405e-02    149.817    3.44437 1.0000e-12     0.0002     0.0002     0.0484     1.3666     0.0023     0.0004  1027.9747    26.7546    268.658    6.39827     9.5027    34.6403    1492.17    133.996    128.731 0.0000e+00
    268.863  37.422040     9.5327    271.022       2754 4.8363e-02    149.885    3.44592 1.0000e-12     0.0002     0.0002     0.0484     1.3667     0.0022     0.0004  1027.9757    26.7547    268.865    6.39834     9.5022    34.6403    1492.17    133.994    128.726 0.0000e+00
    269.063  37.421629     9.5321    271.231       2755 4.8558e-02    149.951    3.44743 1.0000e-12     0.0001     0.0002     0.0486     1.3668     0.0022     0.0004  1027.9767    26.7548    269.072    6.39842     9.5016    34.6403    1492.17    133.985    128.712 0.0000e+00
    269.261  37.421232     9.5312    271.419       2756 4.8797e-02    150.016    3.44895 1.0000e-12     0.0001     0.0001     0.0488     1.3669     0.0022     0.0004  1027.9780    26.7553    269.259    6.39853     9.5007    34.6407    1492.17    133.946    128.670 0.0000e+00
    269.459  37.420913     9.5310    271.628       2757 4.8946e-02    150.085    3.45054 1.0000e-12     0.0001     0.0001     0.0490     1.3671     0.0022     0.0004  1027.9788    26.7551    269.466    6.39857     9.5004    34.6405    1492.17    133.964    128.684 0.0000e+00
    269.656  37.420709     9.5309    271.837       2758 4.8974e-02    150.149    3.45199 1.0000e-12     0.0001     0.0001     0.0490     1.3673     0.0022     0.0004  1027.9796    26.7550    269.673    6.39859     9.5003    34.6403    1492.17    133.983    128.698 0.0000e+00
    269.849  37.420528     9.5307    272.025       2759 4.8995e-02    150.200    3.45317 1.0000e-12     0.0000     0.0001     0.0490     1.3674     0.0022     0.0004  1027.9804    26.7550    269.860    6.39863     9.5001    34.6402    1492.18    133.989    128.701 0.0000e+00
    270.040  37.420303     9.5303    272.193       2760 4.9121e-02    150.234    3.45396 1.0000e-12     0.0000     0.0001     0.0492     1.3675     0.0022     0.0004  1027.9813    26.7551    270.026    6.39868     9.4997    34.6403    1492.18    133.980    128.689 0.0000e+00
    270.231  37.420089     9.5300    272.422       2761 4.9203e-02    150.247    3.45425 1.0000e-12     0.0000     0.0001     0.0492     1.3676     0.0021     0.0003  1027.9824    26.7551    270.253    6.39872     9.4993    34.6402    1492.18    133.983    128.687 0.0000e+00
    270.418  37.419914     9.5299    272.611       2762 4.9094e-02    150.239    3.45408 1.0000e-12     0.0001     0.0002     0.0491     1.3676     0.0021     0.0003  1027.9831    26.7550    270.441    6.39874     9.4992    34.6401    1492.18    133.997    128.698 0.0000e+00
    270.599  37.419749     9.5296    272.820       2763 4.8930e-02    150.213    3.45348 1.0000e-12     0.0001     0.0002     0.0490     1.3675     0.0022     0.0003  1027.9841    26.7551    270.648    6.39879     9.4989    34.6401    1492.19    133.995    128.692 0.0000e+00
    270.769  37.419588     9.5293    272.987       2764 4.8812e-02    150.172    3.45252 1.0000e-12     0.0001     0.0002     0.0489     1.3675     0.0022     0.0003  1027.9850    26.7552    270.813    6.39883     9.4986    34.6401    1492.19    133.990    128.684 0.0000e+00
    270.925  37.419454     9.5291    273.175       2765 4.8736e-02    150.135    3.45168 1.0000e-12     0.0001     0.0002     0.0488     1.3675     0.0022     0.0003  1027.9858    26.7552    271.000    6.39886     9.4984    34.6401    1492.19    133.993    128.683 0.0000e+00
    271.065  37.419345     9.5291    273.321       2766 4.8691e-02    150.119    3.45131 1.0000e-12     0.0002     0.0001     0.0487     1.3675     0.0022     0.0002  1027.9864    26.7550    271.144    6.39886     9.4983    34.6399    1492.19    134.009    128.696 0.0000e+00
    271.185  37.419214     9.5285    273.447       2767 4.8610e-02    150.114    3.45119 1.0000e-12     0.0002     0.0001     0.0486     1.3675     0.0022     0.0002  1027.9873    26.7554    271.269    6.39893     9.4977    34.6403    1492.19    133.973    128.658 0.0000e+00
    271.283  37.419082     9.5282    273.551       2768 4.8506e-02    150.114    3.45120 1.0000e-12     0.0002     0.0002     0.0485     1.3675     0.0022     0.0002  1027.9879    26.7556    271.373    6.39897     9.4974    34.6404    1492.19    133.963    128.646 0.0000e+00
    271.360  37.419083     9.5282    273.614       2769 4.8459e-02    150.113    3.45118 1.0000e-12     0.0002     0.0002     0.0484     1.3675     0.0022     0.0003  1027.9882    26.7556    271.435    6.39897     9.4974    34.6404    1492.19    133.966    128.648 0.0000e+00
    271.421  37.419285     9.5285    273.635       2770 4.8485e-02    150.101    3.45090 1.0000e-12     0.0002     0.0002     0.0485     1.3674     0.0022     0.0003  1027.9882    26.7554    271.456    6.39893     9.4977    34.6403    1492.20    133.978    128.659 0.0000e+00
    271.470  37.419604     9.5289    273.677       2771 4.8609e-02    150.085    3.45052 1.0000e-12     0.0002     0.0002     0.0486     1.3673     0.0022     0.0002  1027.9882    26.7553    271.497    6.39888     9.4981    34.6402    1492.20    133.991    128.671 0.0000e+00
    271.512  37.419953     9.5294    273.719       2772 4.8831e-02    150.075    3.45031 1.0000e-12     0.0002     0.0002     0.0488     1.3673     0.0022     0.0002  1027.9882    26.7551    271.539    6.39882     9.4986    34.6401    1492.20    134.010    128.689 0.0000e+00
    271.549  37.420289     9.5300    273.719       2773 4.9053e-02    150.060    3.44996 1.0000e-12     0.0002     0.0002     0.0491     1.3673     0.0022     0.0003  1027.9879    26.7548    271.539    6.39874     9.4992    34.6399    1492.20    134.037    128.716 -9.990e-29
    271.587  37.420559     9.5302    273.761       2774 4.9158e-02    150.028    3.44922 1.0000e-12     0.0001     0.0002     0.0492     1.3672     0.0023     0.0003  1027.9881    26.7549    271.581    6.39871     9.4994    34.6399    1492.20    134.036    128.714 0.0000e+00
    271.630  37.420709     9.5305    273.739       2775 4.9197e-02    149.988    3.44829 1.0000e-12     0.0001     0.0002     0.0492     1.3671     0.0023     0.0003  1027.9879    26.7547    271.559    6.39867     9.4997    34.6398    1492.20    134.050    128.728 -9.990e-29
    271.689  37.420707     9.5305    273.781       2776 4.9309e-02    149.946    3.44732 1.0000e-12     0.0001     0.0002     0.0493     1.3669     0.0023     0.0003  1027.9881    26.7547    271.601    6.39867     9.4997    34.6398    1492.20    134.052    128.730 0.0000e+00
    271.768  37.420571     9.5303    273.865       2777 4.9402e-02    149.911    3.44651 1.0000e-12     0.0001     0.0002     0.0494     1.3668     0.0023     0.0003  1027.9885    26.7547    271.684    6.39870     9.4995    34.6398    1492.20    134.050    128.726 0.0000e+00
    271.871  37.420342     9.5296    273.928       2778 4.9338e-02    149.883    3.44588 1.0000e-12     0.0001     0.0002     0.0494     1.3667     0.0023     0.0003  1027.9892    26.7552    271.746    6.39878     9.4988    34.6402    1492.20    134.009    128.684 0.0000e+00
    272.001  37.420103     9.5292    274.074       2779 4.9241e-02    149.861    3.44537 1.0000e-12     0.0002     0.0002     0.0493     1.3667     0.0023     0.0003  1027.9900    26.7553    271.891    6.39884     9.4984    34.6403    1492.20    134.001    128.673 0.0000e+00
    272.160  37.419940     9.5293    274.241       2780 4.9219e-02    149.859    3.44534 1.0000e-12     0.0002     0.0003     0.0492     1.3666     0.0023     0.0004  1027.9905    26.7550    272.057    6.39884     9.4984    34.6399    1492.21    134.031    128.699 0.0000e+00
    272.349  37.419792     9.5292    274.367       2781 4.9163e-02    149.896    3.44619 1.0000e-12     0.0002     0.0003     0.0492     1.3667     0.0022     0.0004  1027.9910    26.7550    272.181    6.39885     9.4983    34.6398    1492.21    134.040    128.706 0.0000e+00
    272.573  37.419512     9.5287    274.638       2782 4.9008e-02    149.970    3.44789 1.0000e-12     0.0002     0.0003     0.0490     1.3669     0.0022     0.0005  1027.9923    26.7551    272.450    6.39892     9.4978    34.6399    1492.21    134.032    128.693 0.0000e+00
