inst/extdata/S285_ctd/S285-002-HC.cnv
* Sea-Bird SBE19plus Data File:
* FileName = Y:\CTD\Hex\S285-002-HC.hex
* Software Version 1.25
* Temperature SN =  7706
* Conductivity SN =  7706
* System UpLoad Time = Apr 02 2019 12:33:21
** StationS285-002-HC
** UTC (Time)21:36
** Latitude:43 33.03'S
** Longitude:174 37.03'E
** Bottom Depth [m]483
** Chief ScientistBen Harden 
** General Locale
# nquan = 25                                
# nvalues = 9029                        
# units = specified
# name 0 = depSM: Depth [salt water, m]
# name 1 = c0mS/cm: Conductivity [mS/cm]
# name 2 = tv290C: Temperature [ITS-90, deg C]
# name 3 = prdM: Pressure, Strain Gauge [db]
# name 4 = scan: Scan Count
# name 5 = flSP: Fluorescence, Seapoint
# name 6 = sbeox0Mm/Kg: Oxygen, SBE 43 [umol/Kg]
# name 7 = sbeox0ML/L: Oxygen, SBE 43 [ml/l]
# name 8 = par: PAR/Irradiance, Biospherical/Licor
# name 9 = v0: Voltage 0
# name 10 = v1: Voltage 1
# name 11 = v2: Voltage 2
# name 12 = v3: Voltage 3
# name 13 = v4: Voltage 4
# name 14 = v5: Voltage 5
# name 15 = density00: Density [density, Kg/m^3]
# name 16 = sigma-é00: Density [sigma-theta, Kg/m^3]
# name 17 = depSM: Depth [salt water, m], lat = -36
# name 18 = oxsatML/L: Oxygen Saturation [ml/l]
# name 19 = potemp090C: Potential Temperature [ITS-90, deg C]
# name 20 = sal00: Salinity [PSU]
# name 21 = svCM: Sound Velocity [Chen-Millero, m/s]
# name 22 = sva: Specific Volume Anomaly [10^-8 * m^3/Kg]
# name 23 = tsa: Thermosteric Anomaly [10^-8 * m^3/Kg]
# name 24 = flag: flag
# span 0 =     -0.088,    390.113       
# span 1 =   0.000935,  42.415519       
# span 2 =     8.5536,    14.9442       
# span 3 =     -0.133,    393.570       
# span 4 =          1,       9029       
# span 5 = 4.2167e-02, 4.8069e+00       
# span 6 =     76.859,    330.829       
# span 7 =    1.76618,    7.48592       
# span 8 = 1.0000e-12, 3.6122e+03       
# span 9 =     0.0000,     0.0004       
# span 10 =     0.0000,     0.0005      
# span 11 =     0.0422,     4.8069      
# span 12 =     1.0771,     2.3115      
# span 13 =     0.0019,     4.6018      
# span 14 =     0.0001,     0.0007      
# span 15 =   999.3141,  1028.5970      
# span 16 =    -0.6855,    26.8175      
# span 17 =     -0.132,    390.323      
# span 18 =    5.70859,    7.30020      
# span 19 =     8.5119,    14.9427      
# span 20 =     0.0070,    34.7218      
# span 21 =    1460.21,    1506.46      
# span 22 =    129.869,   2802.391      
# span 23 =    122.901,   2802.594      
# span 24 = 0.0000e+00, 0.0000e+00      
# interval = seconds: 0.25                        
# start_time = Apr 01 2019 14:33:10
# bad_flag = -9.990e-29
*END*
[from data line 7885]
      9.665  42.408296    14.9368      9.573       7886 3.8040e+00    187.624    4.30901 2.3064e+01     0.0002     0.0001     3.8040     1.7510     2.4233     0.0003  1025.7106    25.6684      9.503    5.70941    14.9354    34.5880    1506.15    231.496    231.428 -9.990e-29
      9.729  42.408255    14.9366      9.656       7887 3.7401e+00    187.998    4.31759 2.2559e+01     0.0002     0.0001     3.7401     1.7529     2.4139     0.0003  1025.7111    25.6685      9.585    5.70943    14.9352    34.5881    1506.15    231.487    231.416 -9.990e-29
      9.825  42.408194    14.9366      9.823       7888 3.7453e+00    188.349    4.32565 2.1985e+01     0.0002     0.0001     3.7453     1.7547     2.4030     0.0003  1025.7117    25.6684      9.751    5.70944    14.9351    34.5880    1506.16    231.500    231.425 -9.990e-29
      9.946  42.408119    14.9365      9.927       7889 3.8720e+00    188.714    4.33402 2.1383e+01     0.0002     0.0001     3.8720     1.7567     2.3914     0.0003  1025.7122    25.6684      9.854    5.70945    14.9350    34.5879    1506.16    231.503    231.424 -9.990e-29
     10.086  42.408049    14.9361     10.115       7890 4.0793e+00    189.182    4.34478 2.0797e+01     0.0002     0.0001     4.0793     1.7592     2.3799     0.0003  1025.7133    25.6687     10.041    5.70949    14.9346    34.5881    1506.16    231.484    231.400 -9.990e-29
     10.238  42.407984    14.9363     10.302       7891 4.2888e+00    189.844    4.35997 2.0263e+01     0.0002     0.0001     4.2888     1.7626     2.3692     0.0003  1025.7138    25.6684     10.226    5.70947    14.9348    34.5878    1506.16    231.517    231.427 -9.990e-29
     10.394  42.407904    14.9360     10.469       7892 4.4288e+00    190.730    4.38034 1.9809e+01     0.0002     0.0001     4.4288     1.7669     2.3599     0.0003  1025.7147    25.6686     10.392    5.70950    14.9344    34.5880    1506.17    231.506    231.412 -9.990e-29
     10.552  42.407825    14.9360     10.615       7893 4.4994e+00    191.833    4.40568 1.9447e+01     0.0002     0.0001     4.4994     1.7720     2.3524     0.0004  1025.7153    25.6685     10.537    5.70951    14.9344    34.5878    1506.17    231.520    231.422 -9.990e-29
     10.711  42.407777    14.9358     10.803       7894 4.5189e+00    193.200    4.43705 1.9179e+01     0.0002     0.0001     4.5189     1.7783     2.3468     0.0004  1025.7162    25.6686     10.724    5.70953    14.9342    34.5879    1506.17    231.517    231.413 -9.990e-29
     10.867  42.407765    14.9358     10.991       7895 4.4957e+00    194.775    4.47323 1.8997e+01     0.0002     0.0001     4.4957     1.7853     2.3429     0.0005  1025.7170    25.6685     10.910    5.70953    14.9342    34.5878    1506.17    231.528    231.419 -9.990e-29
     11.012  42.407768    14.9358     11.178       7896 4.4518e+00    196.320    4.50872 1.8902e+01     0.0002     0.0001     4.4518     1.7920     2.3409     0.0005  1025.7178    25.6685     11.096    5.70954    14.9341    34.5877    1506.18    231.539    231.425 -9.990e-29
     11.138  42.407769    14.9360     11.303       7897 4.4238e+00    197.559    4.53717 1.8908e+01     0.0002     0.0001     4.4238     1.7973     2.3410     0.0005  1025.7181    25.6683     11.220    5.70952    14.9343    34.5875    1506.18    231.563    231.446 -9.990e-29
     11.241  42.407769    14.9356     11.449       7898 4.4274e+00    198.236    4.55272 1.9033e+01     0.0002     0.0002     4.4274     1.8005     2.3436     0.0004  1025.7191    25.6686     11.365    5.70956    14.9339    34.5878    1506.18    231.537    231.416 -9.990e-29
     11.317  42.407767    14.9357     11.512       7899 4.4336e+00    198.140    4.55052 1.9282e+01     0.0002     0.0002     4.4336     1.8010     2.3489     0.0004  1025.7192    25.6685     11.428    5.70955    14.9340    34.5877    1506.18    231.550    231.426 -9.990e-29
     11.366  42.407781    14.9357     11.533       7900 4.4200e+00    197.157    4.52794 1.9637e+01     0.0002     0.0002     4.4200     1.7984     2.3564     0.0004  1025.7193    25.6685     11.448    5.70955    14.9340    34.5877    1506.18    231.550    231.426 -9.990e-29
     11.392  42.407795    14.9356     11.575       7901 4.3409e+00    195.368    4.48686 2.0073e+01     0.0001     0.0002     4.3409     1.7933     2.3654     0.0005  1025.7196    25.6686     11.490    5.70956    14.9339    34.5878    1506.18    231.543    231.418 -9.990e-29
     11.393  42.407779    14.9356     11.595       7902 4.1711e+00    193.040    4.43339 2.0572e+01     0.0001     0.0002     4.1711     1.7868     2.3756     0.0005  1025.7197    25.6686     11.510    5.70956    14.9339    34.5878    1506.18    231.545    231.419 -9.990e-29
     11.368  42.407747    14.9356     11.533       7903 4.0132e+00    190.524    4.37560 2.1096e+01     0.0001     0.0002     4.0132     1.7799     2.3861     0.0005  1025.7194    25.6685     11.448    5.70956    14.9339    34.5877    1506.18    231.544    231.420 -9.990e-29
     11.324  42.407689    14.9356     11.449       7904 3.9946e+00    188.163    4.32139 2.1579e+01     0.0002     0.0002     3.9946     1.7735     2.3956     0.0005  1025.7190    25.6685     11.365    5.70956    14.9339    34.5877    1506.18    231.543    231.421 -9.990e-29
     11.267  42.407591    14.9353     11.387       7905 4.0787e+00    186.211    4.27656 2.1954e+01     0.0002     0.0002     4.0787     1.7679     2.4029     0.0005  1025.7189    25.6687     11.303    5.70959    14.9336    34.5879    1506.18    231.520    231.400 -9.990e-29
     11.203  42.407483    14.9353     11.282       7906 4.1455e+00    184.829    4.24481 2.2185e+01     0.0003     0.0002     4.1455     1.7634     2.4074     0.0005  1025.7184    25.6687     11.199    5.70959    14.9336    34.5879    1506.18    231.521    231.404 -9.990e-29
     11.137  42.407398    14.9353     11.220       7907 4.1746e+00    184.062    4.22721 2.2284e+01     0.0003     0.0002     4.1746     1.7601     2.4094     0.0005  1025.7181    25.6687     11.138    5.70959    14.9336    34.5878    1506.18    231.523    231.408 -9.990e-29
     11.071  42.407335    14.9353     11.158       7908 4.1935e+00    183.860    4.22256 2.2282e+01     0.0002     0.0002     4.1935     1.7579     2.4094     0.0004  1025.7178    25.6686     11.076    5.70959    14.9336    34.5878    1506.17    231.524    231.410 -9.990e-29
     11.006  42.407313    14.9351     11.074       7909 4.2021e+00    184.143    4.22907 2.2189e+01     0.0001     0.0002     4.2021     1.7567     2.4077     0.0004  1025.7176    25.6688     10.993    5.70961    14.9334    34.5880    1506.17    231.503    231.392 -9.990e-29
     10.944  42.407362    14.9353     10.991       7910 4.2070e+00    184.785    4.24380 2.2014e+01     0.0001     0.0002     4.2070     1.7567     2.4044     0.0005  1025.7172    25.6687     10.910    5.70959    14.9337    34.5879    1506.17    231.512    231.404 -9.990e-29
     10.889  42.407460    14.9355     10.928       7911 4.2280e+00    185.587    4.26222 2.1782e+01     0.0001     0.0002     4.2280     1.7572     2.3999     0.0005  1025.7168    25.6686     10.848    5.70957    14.9339    34.5878    1506.17    231.519    231.412 -9.990e-29
     10.841  42.407575    14.9356     10.928       7912 4.2643e+00    186.352    4.27978 2.1529e+01     0.0001     0.0002     4.2643     1.7577     2.3951     0.0004  1025.7168    25.6686     10.848    5.70955    14.9340    34.5878    1506.17    231.520    231.413 -9.990e-29
     10.795  42.407677    14.9358     10.865       7913 4.2824e+00    186.940    4.29329 2.1290e+01     0.0001     0.0002     4.2824     1.7578     2.3905     0.0004  1025.7164    25.6685     10.785    5.70953    14.9342    34.5878    1506.17    231.527    231.422 -9.990e-29
     10.752  42.407734    14.9358     10.803       7914 4.2651e+00    187.287    4.30127 2.1081e+01     0.0001     0.0002     4.2651     1.7574     2.3864     0.0004  1025.7162    25.6686     10.724    5.70953    14.9342    34.5879    1506.17    231.519    231.416 -9.990e-29
     10.715  42.407747    14.9360     10.761       7915 4.2575e+00    187.376    4.30330 2.0912e+01     0.0001     0.0001     4.2575     1.7566     2.3831     0.0004  1025.7158    25.6684     10.682    5.70951    14.9344    34.5877    1506.17    231.533    231.431 -9.990e-29
     10.685  42.407734    14.9359     10.761       7916 4.2667e+00    187.251    4.30044 2.0791e+01     0.0002     0.0001     4.2667     1.7554     2.3807     0.0004  1025.7159    25.6685     10.682    5.70952    14.9343    34.5878    1506.17    231.526    231.423 -9.990e-29
     10.659  42.407712    14.9358     10.698       7917 4.2470e+00    186.999    4.29464 2.0717e+01     0.0002     0.0001     4.2470     1.7543     2.3792     0.0004  1025.7157    25.6686     10.620    5.70953    14.9342    34.5879    1506.17    231.515    231.414 -9.990e-29
     10.641  42.407673    14.9356     10.677       7918 4.2614e+00    186.685    4.28744 2.0687e+01     0.0001     0.0001     4.2614     1.7533     2.3786     0.0004  1025.7158    25.6687     10.599    5.70955    14.9340    34.5880    1506.17    231.499    231.399 -9.990e-29
     10.632  42.407647    14.9354     10.698       7919 4.3471e+00    186.377    4.28036 2.0695e+01     0.0001     0.0001     4.3471     1.7523     2.3788     0.0004  1025.7161    25.6689     10.620    5.70957    14.9338    34.5882    1506.17    231.485    231.384 -9.990e-29
     10.630  42.407666    14.9356     10.657       7920 4.4147e+00    186.168    4.27556 2.0735e+01     0.0001     0.0001     4.4147     1.7517     2.3796     0.0003  1025.7157    25.6687     10.579    5.70955    14.9340    34.5880    1506.17    231.498    231.399 -9.990e-29
     10.639  42.407715    14.9356     10.656       7921 4.4185e+00    186.163    4.27544 2.0803e+01     0.0001     0.0001     4.4185     1.7517     2.3809     0.0003  1025.7157    25.6688     10.578    5.70955    14.9340    34.5881    1506.17    231.495    231.396 -9.990e-29
     10.661  42.407765    14.9359     10.698       7922 4.4020e+00    186.477    4.28265 2.0902e+01     0.0001     0.0001     4.4020     1.7530     2.3828     0.0003  1025.7157    25.6685     10.620    5.70952    14.9343    34.5878    1506.17    231.520    231.419 -9.990e-29
     10.695  42.407813    14.9358     10.740       7923 4.4186e+00    187.154    4.29822 2.1040e+01     0.0001     0.0001     4.4186     1.7555     2.3855     0.0003  1025.7160    25.6686     10.661    5.70953    14.9342    34.5879    1506.17    231.510    231.409 -9.990e-29
     10.736  42.407872    14.9360     10.802       7924 4.4566e+00    187.995    4.31752 2.1228e+01     0.0001     0.0001     4.4566     1.7585     2.3891     0.0003  1025.7161    25.6685     10.723    5.70951    14.9344    34.5878    1506.17    231.527    231.424 -9.990e-29
     10.783  42.407939    14.9360     10.844       7925 4.4816e+00    188.660    4.33280 2.1485e+01     0.0001     0.0001     4.4816     1.7603     2.3940     0.0003  1025.7163    25.6685     10.764    5.70951    14.9344    34.5878    1506.17    231.525    231.421 -9.990e-29
     10.830  42.408015    14.9361     10.948       7926 4.4743e+00    188.946    4.33937 2.1823e+01     0.0002     0.0002     4.4743     1.7604     2.4004     0.0003  1025.7167    25.6684     10.868    5.70950    14.9345    34.5878    1506.17    231.535    231.427 -9.990e-29
     10.872  42.408103    14.9360     10.969       7927 4.4801e+00    188.866    4.33752 2.2241e+01     0.0002     0.0002     4.4801     1.7593     2.4082     0.0003  1025.7170    25.6686     10.889    5.70951    14.9344    34.5879    1506.17    231.522    231.413 -9.990e-29
     10.909  42.408190    14.9364     11.011       7928 4.5460e+00    188.540    4.33004 2.2722e+01     0.0001     0.0002     4.5460     1.7579     2.4171     0.0003  1025.7168    25.6683     10.930    5.70947    14.9348    34.5877    1506.18    231.552    231.443 -9.990e-29
     10.936  42.408279    14.9364     11.115       7929 4.6129e+00    188.074    4.31932 2.3238e+01     0.0001     0.0002     4.6129     1.7567     2.4265     0.0003  1025.7173    25.6683     11.033    5.70947    14.9347    34.5877    1506.18    231.553    231.440 -9.990e-29
     10.948  42.408365    14.9366     11.052       7930 4.6476e+00    187.506    4.30628 2.3752e+01     0.0002     0.0002     4.6476     1.7555     2.4356     0.0003  1025.7169    25.6682     10.971    5.70945    14.9349    34.5876    1506.18    231.560    231.450 -9.990e-29
     10.950  42.408416    14.9367     11.052       7931 4.6702e+00    186.877    4.29184 2.4246e+01     0.0002     0.0002     4.6702     1.7542     2.4442     0.0003  1025.7169    25.6682     10.971    5.70944    14.9350    34.5876    1506.18    231.566    231.455 -9.990e-29
     10.947  42.408392    14.9368     11.031       7932 4.6853e+00    186.306    4.27872 2.4742e+01     0.0001     0.0001     4.6853     1.7528     2.4527     0.0004  1025.7167    25.6681     10.950    5.70943    14.9351    34.5875    1506.18    231.574    231.465 -9.990e-29
     10.943  42.408308    14.9366     11.031       7933 4.7028e+00    185.886    4.26909 2.5240e+01     0.0001     0.0001     4.7028     1.7514     2.4611     0.0004  1025.7168    25.6682     10.950    5.70945    14.9349    34.5876    1506.18    231.563    231.453 -9.990e-29
     10.940  42.408239    14.9363     10.969       7934 4.7201e+00    185.614    4.26285 2.5676e+01     0.0002     0.0001     4.7201     1.7501     2.4683     0.0004  1025.7168    25.6684     10.889    5.70948    14.9347    34.5878    1506.17    231.538    231.430 -9.990e-29
     10.947  42.408224    14.9363     10.969       7935 4.7216e+00    185.412    4.25819 2.5992e+01     0.0002     0.0001     4.7216     1.7489     2.4735     0.0004  1025.7168    25.6684     10.889    5.70948    14.9347    34.5878    1506.17    231.539    231.431 -9.990e-29
     10.970  42.408259    14.9362     10.969       7936 4.7014e+00    185.162    4.25245 2.6152e+01     0.0002     0.0002     4.7014     1.7473     2.4760     0.0003  1025.7169    25.6685     10.889    5.70948    14.9346    34.5879    1506.17    231.528    231.420 -9.990e-29
     11.010  42.408369    14.9363     11.031       7937 4.6773e+00    184.827    4.24475 2.6094e+01     0.0002     0.0002     4.6773     1.7454     2.4749     0.0003  1025.7171    25.6685     10.950    5.70947    14.9346    34.5879    1506.18    231.533    231.423 -9.990e-29
     11.066  42.408564    14.9366     11.094       7938 4.6647e+00    184.457    4.23627 2.5767e+01     0.0002     0.0002     4.6647     1.7434     2.4694     0.0003  1025.7172    25.6683     11.013    5.70944    14.9349    34.5878    1506.18    231.549    231.438 -9.990e-29
     11.135  42.408797    14.9368     11.177       7939 4.6558e+00    184.103    4.22814 2.5192e+01     0.0002     0.0001     4.6558     1.7415     2.4597     0.0003  1025.7176    25.6683     11.095    5.70942    14.9351    34.5878    1506.18    231.556    231.442 -9.990e-29
     11.214  42.409040    14.9372     11.261       7940 4.6579e+00    183.840    4.22210 2.4447e+01     0.0002     0.0001     4.6579     1.7401     2.4468     0.0003  1025.7177    25.6681     11.178    5.70938    14.9355    34.5876    1506.18    231.579    231.462 -9.990e-29
     11.299  42.409263    14.9372     11.407       7941 4.6687e+00    183.766    4.22040 2.3607e+01     0.0002     0.0001     4.6687     1.7395     2.4320     0.0002  1025.7185    25.6682     11.323    5.70937    14.9355    34.5878    1506.18    231.572    231.452 -9.990e-29
     11.382  42.409430    14.9372     11.490       7942 4.6615e+00    183.890    4.22326 2.2738e+01     0.0001     0.0001     4.6615     1.7397     2.4163     0.0002  1025.7190    25.6683     11.406    5.70937    14.9355    34.5879    1506.19    231.566    231.443 -9.990e-29
