inst/extdata/S285_ctd/S285-005-HC.cnv
* Sea-Bird SBE19plus Data File:
* FileName = C:\Data\CTD\Hex\S285-005-HC.hex
* Software Version 1.25
* Temperature SN =  7706
* Conductivity SN =  7706
* System UpLoad Time = Apr 03 2019 14:02:42
** StationS285-HC
** UTC (Time)10:43
** Latitude:43 37.9'S
** Longitude:176 57.7'E
** Bottom Depth [m]412
** Chief ScientistBen Harden
** General Locale
** Carousel - SN:7706
** Voltage Channels:	Instrument Name:	Instrument SN:
** Voltage 0	Free	x
** Voltage 1	Free	x
** Voltage 2	Seapoint Chl-a	SCF3735
** Voltage 3	Dissolved O2	3329
** Voltage 4	Par	70623
** Voltage 5	Free	X
** 
# nquan = 25                                
# nvalues = 7517                        
# units = specified
# name 0 = depSM: Depth [salt water, m]
# name 1 = c0mS/cm: Conductivity [mS/cm]
# name 2 = tv290C: Temperature [ITS-90, deg C]
# name 3 = prdM: Pressure, Strain Gauge [db]
# name 4 = scan: Scan Count
# name 5 = flSP: Fluorescence, Seapoint
# name 6 = sbeox0Mm/Kg: Oxygen, SBE 43 [umol/Kg]
# name 7 = sbeox0ML/L: Oxygen, SBE 43 [ml/l]
# name 8 = par: PAR/Irradiance, Biospherical/Licor
# name 9 = v0: Voltage 0
# name 10 = v1: Voltage 1
# name 11 = v2: Voltage 2
# name 12 = v3: Voltage 3
# name 13 = v4: Voltage 4
# name 14 = v5: Voltage 5
# name 15 = density00: Density [density, Kg/m^3]
# name 16 = sigma-é00: Density [sigma-theta, Kg/m^3]
# name 17 = depSM: Depth [salt water, m], lat = -36
# name 18 = oxsatML/L: Oxygen Saturation [ml/l]
# name 19 = potemp090C: Potential Temperature [ITS-90, deg C]
# name 20 = sal00: Salinity [PSU]
# name 21 = svCM: Sound Velocity [Chen-Millero, m/s]
# name 22 = sva: Specific Volume Anomaly [10^-8 * m^3/Kg]
# name 23 = tsa: Thermosteric Anomaly [10^-8 * m^3/Kg]
# name 24 = flag: flag
# span 0 =     -0.009,    353.709       
# span 1 =   0.002321,  43.151083       
# span 2 =     9.5207,    15.6178       
# span 3 =     -0.044,    356.812       
# span 4 =          1,       7517       
# span 5 = 5.1686e-02, 4.7068e+00       
# span 6 =    138.610,    320.853       
# span 7 =    3.18305,    7.36777       
# span 8 = 1.0000e-12, 9.8213e+02       
# span 9 =     0.0000,     0.0005       
# span 10 =     0.0000,     0.0005      
# span 11 =     0.0517,     4.7068      
# span 12 =     1.3335,     2.4982      
# span 13 =     0.0019,     4.0368      
# span 14 =     0.0001,     0.0007      
# span 15 =   999.3602,  1028.3775      
# span 16 =    -0.6398,    26.7716      
# span 17 =     -0.044,    353.899      
# span 18 =    5.63008,    7.34667      
# span 19 =     9.4804,    15.6135      
# span 20 =     0.0073,    34.8653      
# span 21 =    1459.17,    1508.90      
# span 22 =    133.774,   2797.816      
# span 23 =    127.276,   2798.020      
# span 24 = 0.0000e+00, 0.0000e+00      
# interval = seconds: 0.25                        
# start_time = Apr 02 2019 14:39:31
# bad_flag = -9.990e-29
*END*
[from data line 1682]
     27.863  43.144786    15.6174     28.149       1683 4.3282e+00    172.807    3.96830 7.9996e-01     0.0001     0.0001     4.3282     1.6770     1.2754     0.0003  1025.6866    25.5629     27.941    5.63011    15.6131    34.6459    1508.66    242.148    241.524 0.0000e+00
     28.055  43.144684    15.6170     28.316       1684 4.3791e+00    172.617    3.96395 7.6298e-01     0.0001     0.0002     4.3791     1.6760     1.2660     0.0003  1025.6875    25.5631     28.107    5.63015    15.6126    34.6461    1508.67    242.130    241.501 0.0000e+00
     28.234  43.144501    15.6168     28.462       1685 4.4705e+00    172.386    3.95863 7.3009e-01     0.0001     0.0002     4.4705     1.6749     1.2574     0.0003  1025.6882    25.5631     28.252    5.63017    15.6124    34.6461    1508.67    242.133    241.501 0.0000e+00
     28.408  43.144261    15.6164     28.608       1686 4.5453e+00    172.134    3.95284 6.9818e-01     0.0001     0.0002     4.5453     1.6737     1.2489     0.0004  1025.6890    25.5633     28.397    5.63022    15.6120    34.6461    1508.67    242.123    241.486 0.0000e+00
     28.587  43.143982    15.6161     28.733       1687 4.5714e+00    171.857    3.94650 6.6443e-01     0.0001     0.0002     4.5714     1.6725     1.2395     0.0004  1025.6896    25.5633     28.521    5.63025    15.6117    34.6461    1508.67    242.123    241.483 0.0000e+00
     28.779  43.143748    15.6156     28.921       1688 4.5514e+00    171.534    3.93906 6.2718e-01     0.0001     0.0002     4.5514     1.6711     1.2290     0.0004  1025.6907    25.5636     28.708    5.63030    15.6111    34.6463    1508.67    242.106    241.461 0.0000e+00
     28.988  43.143594    15.6153     29.130       1689 4.5070e+00    171.180    3.93093 5.8607e-01     0.0001     0.0002     4.5070     1.6694     1.2170     0.0003  1025.6917    25.5637     28.915    5.63033    15.6108    34.6463    1508.68    242.103    241.451 0.0000e+00
     29.213  43.143535    15.6154     29.401       1690 4.4793e+00    170.823    3.92274 5.4142e-01     0.0001     0.0002     4.4793     1.6676     1.2036     0.0003  1025.6927    25.5635     29.184    5.63033    15.6109    34.6460    1508.68    242.131    241.471 0.0000e+00
     29.446  43.143596    15.6150     29.651       1691 4.4708e+00    170.453    3.91425 4.9355e-01     0.0000     0.0002     4.4708     1.6658     1.1888     0.0004  1025.6941    25.5638     29.432    5.63037    15.6104    34.6464    1508.68    242.108    241.440 0.0000e+00
     29.680  43.143793    15.6151     29.943       1692 4.4653e+00    170.055    3.90512 4.4383e-01     0.0000     0.0002     4.4653     1.6637     1.1730     0.0004  1025.6954    25.5638     29.722    5.63036    15.6105    34.6463    1508.69    242.120    241.444 0.0000e+00
     29.907  43.144160    15.6155     30.193       1693 4.4651e+00    169.627    3.89529 3.9505e-01     0.0001     0.0001     4.4651     1.6615     1.1571     0.0003  1025.6963    25.5636     29.970    5.63031    15.6108    34.6462    1508.69    242.145    241.462 0.0000e+00
     30.118  43.144657    15.6158     30.423       1694 4.4549e+00    169.173    3.88486 3.4949e-01     0.0001     0.0001     4.4549     1.6592     1.1417     0.0003  1025.6973    25.5636     30.198    5.63028    15.6111    34.6463    1508.70    242.152    241.462 0.0000e+00
     30.308  43.145159    15.6164     30.631       1695 4.4222e+00    168.688    3.87371 3.0868e-01     0.0001     0.0001     4.4222     1.6566     1.1276     0.0002  1025.6980    25.5633     30.405    5.63022    15.6117    34.6461    1508.70    242.182    241.486 0.0000e+00
     30.475  43.145589    15.6168     30.819       1696 4.3631e+00    168.167    3.86174 2.7371e-01     0.0001     0.0001     4.3631     1.6539     1.1152     0.0002  1025.6987    25.5632     30.592    5.63017    15.6120    34.6461    1508.71    242.199    241.497 0.0000e+00
     30.613  43.145928    15.6172     30.965       1697 4.2728e+00    167.619    3.84916 2.4505e-01     0.0001     0.0002     4.2728     1.6510     1.1048     0.0002  1025.6991    25.5631     30.736    5.63013    15.6124    34.6460    1508.71    242.220    241.514 0.0000e+00
     30.722  43.146168    15.6172     31.048       1698 4.1888e+00    167.074    3.83665 2.2214e-01     0.0001     0.0002     4.1888     1.6481     1.0963     0.0002  1025.6997    25.5632     30.819    5.63012    15.6124    34.6462    1508.71    242.209    241.500 0.0000e+00
     30.807  43.146315    15.6172     31.090       1699 4.1522e+00    166.591    3.82556 2.0250e-01     0.0001     0.0003     4.1522     1.6454     1.0888     0.0002  1025.6999    25.5633     30.861    5.63012    15.6124    34.6463    1508.71    242.202    241.492 0.0000e+00
     30.880  43.146375    15.6175     31.111       1700 4.1528e+00    166.226    3.81719 1.8425e-01     0.0002     0.0003     4.1528     1.6432     1.0817     0.0002  1025.6998    25.5631     30.881    5.63009    15.6127    34.6461    1508.71    242.225    241.514 0.0000e+00
     30.950  43.146344    15.6171     31.174       1701 4.1580e+00    165.998    3.81194 1.6751e-01     0.0002     0.0002     4.1580     1.6415     1.0750     0.0003  1025.7004    25.5634     30.944    5.63013    15.6123    34.6464    1508.71    242.196    241.484 0.0000e+00
     31.022  43.146254    15.6170     31.236       1702 4.1440e+00    165.886    3.80938 1.5212e-01     0.0002     0.0002     4.1440     1.6402     1.0688     0.0003  1025.7007    25.5634     31.005    5.63014    15.6122    34.6464    1508.72    242.197    241.483 0.0000e+00
     31.097  43.146162    15.6171     31.319       1703 4.1508e+00    165.855    3.80866 1.3669e-01     0.0003     0.0003     4.1508     1.6390     1.0624     0.0003  1025.7009    25.5632     31.088    5.63014    15.6123    34.6462    1508.72    242.216    241.500 0.0000e+00
     31.178  43.146082    15.6168     31.340       1704 4.2458e+00    165.865    3.80889 1.1983e-01     0.0003     0.0003     4.2458     1.6378     1.0552     0.0003  1025.7012    25.5634     31.109    5.63016    15.6120    34.6463    1508.72    242.197    241.480 0.0000e+00
     31.271  43.146010    15.6168     31.466       1705 4.3556e+00    165.882    3.80929 1.0179e-01     0.0002     0.0003     4.3556     1.6367     1.0473     0.0003  1025.7016    25.5633     31.234    5.63017    15.6119    34.6462    1508.72    242.209    241.489 0.0000e+00
     31.377  43.145962    15.6168     31.549       1706 4.3901e+00    165.865    3.80889 8.3430e-02     0.0002     0.0003     4.3901     1.6355     1.0391     0.0004  1025.7019    25.5633     31.316    5.63017    15.6119    34.6461    1508.72    242.217    241.494 0.0000e+00
     31.494  43.145945    15.6166     31.716       1707 4.3575e+00    165.773    3.80679 6.5304e-02     0.0002     0.0003     4.3575     1.6341     1.0308     0.0004  1025.7028    25.5634     31.482    5.63019    15.6117    34.6462    1508.72    242.211    241.483 0.0000e+00
     31.615  43.145969    15.6167     31.862       1708 4.3131e+00    165.596    3.80271 4.8185e-02     0.0002     0.0002     4.3131     1.6326     1.0225     0.0004  1025.7033    25.5633     31.627    5.63018    15.6118    34.6461    1508.72    242.226    241.494 0.0000e+00
     31.735  43.146042    15.6165     31.966       1709 4.2912e+00    165.353    3.79714 3.3200e-02     0.0002     0.0002     4.2912     1.6310     1.0146     0.0004  1025.7040    25.5635     31.730    5.63020    15.6116    34.6463    1508.73    242.211    241.475 0.0000e+00
     31.857  43.146130    15.6165     32.071       1710 4.2722e+00    165.100    3.79132 2.1339e-02     0.0002     0.0001     4.2722     1.6295     1.0074     0.0004  1025.7045    25.5635     31.834    5.63020    15.6115    34.6464    1508.73    242.211    241.473 0.0000e+00
     31.985  43.146221    15.6165     32.175       1711 4.2458e+00    164.889    3.78648 1.3032e-02     0.0002     0.0001     4.2458     1.6283     1.0007     0.0004  1025.7050    25.5636     31.937    5.63020    15.6115    34.6464    1508.73    242.211    241.470 0.0000e+00
     32.124  43.146316    15.6167     32.300       1712 4.2396e+00    164.743    3.78313 7.8191e-03     0.0002     0.0001     4.2396     1.6273     0.9941     0.0003  1025.7054    25.5634     32.061    5.63018    15.6117    34.6463    1508.73    242.229    241.484 0.0000e+00
     32.279  43.146380    15.6169     32.446       1713 4.2865e+00    164.667    3.78139 4.6915e-03     0.0002     0.0001     4.2865     1.6266     0.9867     0.0002  1025.7058    25.5632     32.206    5.63016    15.6119    34.6461    1508.73    242.251    241.501 0.0000e+00
     32.451  43.146389    15.6168     32.634       1714 4.2968e+00    164.656    3.78113 2.8149e-03     0.0002     0.0001     4.2968     1.6260     0.9781     0.0002  1025.7067    25.5633     32.393    5.63017    15.6118    34.6461    1508.74    242.252    241.498 0.0000e+00
     32.640  43.146403    15.6166     32.801       1715 4.2187e+00    164.681    3.78169 1.6889e-03     0.0002     0.0001     4.2187     1.6255     0.9684     0.0002  1025.7076    25.5634     32.559    5.63019    15.6115    34.6462    1508.74    242.244    241.484 0.0000e+00
     32.849  43.146482    15.6166     32.988       1716 4.1575e+00    164.707    3.78228 1.0133e-03     0.0002     0.0001     4.1575     1.6249     0.9575     0.0002  1025.7084    25.5634     32.744    5.63019    15.6115    34.6462    1508.74    242.250    241.485 0.0000e+00
     33.079  43.146591    15.6166     33.280       1717 4.1773e+00    164.702    3.78218 6.0802e-04     0.0002     0.0001     4.1773     1.6242     0.9456     0.0002  1025.7097    25.5634     33.034    5.63019    15.6115    34.6462    1508.75    242.260    241.486 0.0000e+00
     33.325  43.146682    15.6168     33.510       1718 4.2260e+00    164.619    3.78028 3.6482e-04     0.0002     0.0001     4.2260     1.6233     0.9331     0.0002  1025.7105    25.5633     33.262    5.63018    15.6116    34.6460    1508.75    242.284    241.504 0.0000e+00
     33.582  43.146745    15.6166     33.823       1719 4.2552e+00    164.428    3.77588 2.1889e-04     0.0003     0.0001     4.2552     1.6220     0.9201     0.0002  1025.7120    25.5634     33.573    5.63019    15.6114    34.6461    1508.76    242.281    241.491 0.0000e+00
     33.846  43.146778    15.6165     34.073       1720 4.2974e+00    164.143    3.76933 1.3133e-04     0.0003     0.0001     4.2974     1.6205     0.9061     0.0002  1025.7132    25.5634     33.821    5.63020    15.6112    34.6461    1508.76    242.285    241.488 0.0000e+00
     34.112  43.146807    15.6164     34.386       1721 4.3421e+00    163.798    3.76142 7.8800e-05     0.0002     0.0001     4.3421     1.6188     0.8916     0.0002  1025.7146    25.5635     34.132    5.63022    15.6111    34.6461    1508.77    242.293    241.487 0.0000e+00
     34.375  43.146858    15.6164     34.657       1722 4.3236e+00    163.421    3.75277 4.7280e-05     0.0002     0.0002     4.3236     1.6171     0.8770     0.0002  1025.7157    25.5634     34.401    5.63022    15.6110    34.6461    1508.77    242.305    241.491 0.0000e+00
     34.633  43.146925    15.6164     34.907       1723 4.2551e+00    163.022    3.74360 2.8368e-05     0.0002     0.0002     4.2551     1.6152     0.8619     0.0002  1025.7168    25.5634     34.649    5.63022    15.6110    34.6460    1508.77    242.316    241.494 0.0000e+00
     34.887  43.146992    15.6162     35.157       1724 4.2183e+00    162.600    3.73391 1.7021e-05     0.0002     0.0003     4.2183     1.6132     0.8465     0.0002  1025.7181    25.5636     34.897    5.63024    15.6108    34.6462    1508.78    242.309    241.480 0.0000e+00
     35.136  43.147057    15.6166     35.429       1725 4.2486e+00    162.179    3.72425 1.0212e-05     0.0002     0.0003     4.2486     1.6112     0.8308     0.0003  1025.7189    25.5632     35.167    5.63021    15.6111    34.6458    1508.78    242.355    241.518 0.0000e+00
     35.378  43.147077    15.6164     35.679       1726 4.3026e+00    161.802    3.71560 6.1275e-06     0.0002     0.0003     4.3026     1.6092     0.8145     0.0003  1025.7201    25.5633     35.415    5.63023    15.6109    34.6459    1508.79    242.351    241.506 0.0000e+00
     35.612  43.146994    15.6161     35.908       1727 4.3272e+00    161.488    3.70838 3.6765e-06     0.0002     0.0003     4.3272     1.6074     0.7973     0.0003  1025.7213    25.5635     35.643    5.63026    15.6106    34.6460    1508.79    242.344    241.493 0.0000e+00
     35.837  43.146883    15.6157     36.159       1728 4.3103e+00    161.223    3.70229 2.2059e-06     0.0001     0.0003     4.3103     1.6057     0.7801     0.0003  1025.7226    25.5637     35.892    5.63030    15.6101    34.6461    1508.79    242.331    241.473 0.0000e+00
     36.047  43.146847    15.6157     36.409       1729 4.2685e+00    160.976    3.69661 1.3235e-06     0.0001     0.0004     4.2685     1.6040     0.7638     0.0003  1025.7236    25.5636     36.140    5.63030    15.6101    34.6460    1508.80    242.348    241.483 0.0000e+00
     36.236  43.146876    15.6157     36.596       1730 4.2357e+00    160.725    3.69084 7.9411e-07     0.0001     0.0004     4.2357     1.6023     0.7484     0.0003  1025.7244    25.5636     36.325    5.63030    15.6100    34.6459    1508.80    242.357    241.486 0.0000e+00
     36.401  43.146906    15.6156     36.784       1731 4.1962e+00    160.467    3.68493 4.7647e-07     0.0001     0.0004     4.1962     1.6004     0.7344     0.0003  1025.7253    25.5636     36.512    5.63031    15.6099    34.6460    1508.80    242.358    241.481 0.0000e+00
     36.539  43.146929    15.6156     36.951       1732 4.1282e+00    160.190    3.67857 2.8588e-07     0.0001     0.0004     4.1282     1.5985     0.7228     0.0003  1025.7260    25.5636     36.678    5.63031    15.6099    34.6459    1508.81    242.366    241.484 0.0000e+00
     36.643  43.146968    15.6157     37.055       1733 4.1058e+00    159.874    3.67132 1.7153e-07     0.0001     0.0003     4.1058     1.5964     0.7139     0.0002  1025.7263    25.5635     36.781    5.63030    15.6100    34.6458    1508.81    242.378    241.493 0.0000e+00
     36.716  43.147016    15.6156     37.076       1734 4.1631e+00    159.520    3.66319 1.0292e-07     0.0001     0.0003     4.1631     1.5942     0.7075     0.0002  1025.7265    25.5636     36.802    5.63031    15.6099    34.6460    1508.81    242.368    241.482 0.0000e+00
     36.765  43.147044    15.6158     37.118       1735 4.2626e+00    159.141    3.65449 6.1751e-08     0.0001     0.0002     4.2626     1.5920     0.7034     0.0002  1025.7265    25.5634     36.843    5.63030    15.6101    34.6458    1508.81    242.385    241.499 0.0000e+00
     36.794  43.147016    15.6158     37.139       1736 4.3602e+00    158.748    3.64545 3.7052e-08     0.0001     0.0002     4.3602     1.5897     0.7013     0.0002  1025.7266    25.5634     36.864    5.63030    15.6101    34.6458    1508.81    242.388    241.501 0.0000e+00
     36.807  43.146925    15.6156     37.118       1737 4.4181e+00    158.352    3.63636 2.2231e-08     0.0001     0.0002     4.4181     1.5875     0.7008     0.0001  1025.7266    25.5635     36.843    5.63032    15.6099    34.6459    1508.81    242.376    241.489 -9.990e-29
     36.813  43.146808    15.6155     37.076       1738 4.4305e+00    157.970    3.62759 1.3339e-08     0.0001     0.0002     4.4305     1.5852     0.7012     0.0001  1025.7265    25.5636     36.802    5.63033    15.6098    34.6459    1508.81    242.373    241.487 -9.990e-29
     36.819  43.146692    15.6154     37.055       1739 4.3956e+00    157.611    3.61936 8.0040e-09     0.0001     0.0002     4.3956     1.5830     0.7016     0.0002  1025.7264    25.5636     36.781    5.63034    15.6097    34.6458    1508.81    242.370    241.486 -9.990e-29
