inst/extdata/S285_ctd/S285-014-HC.ros
* Sea-Bird SBE19plus Data File:
* FileName = C:\Data\CTD\Hex\S285-014-HC.hex
* Software Version 1.25
* Temperature SN =  7706
* Conductivity SN =  7706
* System UpLoad Time = Apr 07 2019 23:13:49
** StationS285-014-HC
** UTC (Time)09:15
** Latitude:39 44.8'S 
** Longitude:176 24.7'W
** Bottom Depth [m]3938
** Chief ScientistBen Harden 
** General Locale
# nquan = 17
# nvalues = 108                     
# units = specified
# name 0 = depSM: Depth [salt water, m]
# name 1 = c0mS/cm: Conductivity [mS/cm]
# name 2 = tv290C: Temperature [ITS-90, deg C]
# name 3 = prdM: Pressure, Strain Gauge [db]
# name 4 = scan: Scan Count
# name 5 = flSP: Fluorescence, Seapoint
# name 6 = sbeox0Mm/Kg: Oxygen, SBE 43 [umol/Kg]
# name 7 = sbeox0ML/L: Oxygen, SBE 43 [ml/l]
# name 8 = par: PAR/Irradiance, Biospherical/Licor
# name 9 = v0: Voltage 0
# name 10 = v1: Voltage 1
# name 11 = v2: Voltage 2
# name 12 = v3: Voltage 3
# name 13 = v4: Voltage 4
# name 14 = v5: Voltage 5
# name 15 = nbf: number of bottles fired
# name 16 = flag:  0.000e+00
# interval = seconds: 0.25                        
# start_time = Apr 08 2019 02:10:11
*END*
    270.510  39.458900    11.4127    272.681       4462 5.1041e-02    129.572    2.97857 1.0000e-12     0.0002     0.0002     0.0510     1.2866     0.0023     0.0003          1  0.000e+00
    270.385  39.461077    11.4153    272.555       4463 5.0736e-02    129.429    2.97528 1.0000e-12     0.0002     0.0004     0.0507     1.2860     0.0022     0.0000          1  0.000e+00
    270.261  39.465430    11.4180    272.430       4464 5.2415e-02    129.454    2.97585 1.0000e-12     0.0002     0.0000     0.0524     1.2863     0.0021     0.0001          1  0.000e+00
    270.075  39.469015    11.4210    272.242       4465 5.2033e-02    129.422    2.97511 1.0000e-12     0.0003     0.0002     0.0520     1.2862     0.0025     0.0003          1  0.000e+00
    269.950  39.472536    11.4244    272.117       4466 5.3178e-02    129.628    2.97984 1.0000e-12     0.0000     0.0000     0.0532     1.2873     0.0024     0.0003          1  0.000e+00
    269.826  39.474969    11.4276    271.991       4467 4.9516e-02    129.517    2.97728 1.0000e-12     0.0003     0.0000     0.0495     1.2867     0.0021     0.0002          1  0.000e+00
    269.702  39.477209    11.4305    271.866       4468 5.1957e-02    129.567    2.97843 1.0000e-12     0.0000     0.0002     0.0520     1.2869     0.0019     0.0000          1  0.000e+00
    269.619  39.479386    11.4330    271.782       4469 5.3178e-02    129.549    2.97802 1.0000e-12     0.0006     0.0000     0.0532     1.2869     0.0024     0.0000          1  0.000e+00
    269.495  39.481563    11.4356    271.657       4470 5.3483e-02    129.344    2.97332 1.0000e-12     0.0000     0.0005     0.0535     1.2860     0.0025     0.0002          1  0.000e+00
    199.096  40.891467    12.7222    200.658       5061 5.1881e-02    130.604    3.00201 1.0000e-12     0.0000     0.0000     0.0519     1.3249     0.0024     0.0006          2  0.000e+00
    198.806  40.898871    12.7292    200.366       5062 5.3407e-02    130.761    3.00560 1.0000e-12     0.0004     0.0002     0.0534     1.3256     0.0022     0.0002          2  0.000e+00
    198.578  40.902897    12.7366    200.136       5063 5.0278e-02    130.772    3.00584 1.0000e-12     0.0001     0.0000     0.0503     1.3257     0.0021     0.0004          2  0.000e+00
    198.433  40.912577    12.7426    199.990       5064 5.1499e-02    130.649    3.00304 1.0000e-12     0.0000     0.0000     0.0515     1.3252     0.0024     0.0003          2  0.000e+00
    198.308  40.924533    12.7493    199.865       5065 5.2644e-02    130.729    3.00487 1.0000e-12     0.0000     0.0001     0.0526     1.3256     0.0024     0.0005          2  0.000e+00
    198.226  40.934215    12.7576    199.781       5066 5.4398e-02    130.758    3.00554 1.0000e-12     0.0004     0.0000     0.0544     1.3258     0.0024     0.0000          2  0.000e+00
    198.101  40.939608    12.7665    199.656       5067 4.9973e-02    130.787    3.00618 1.0000e-12     0.0000     0.0001     0.0500     1.3262     0.0022     0.0000          2  0.000e+00
    198.060  40.947602    12.7750    199.614       5068 5.2720e-02    130.918    3.00920 1.0000e-12     0.0003     0.0000     0.0527     1.3268     0.0024     0.0000          2  0.000e+00
    197.977  40.951176    12.7820    199.531       5069 5.0736e-02    130.739    3.00508 1.0000e-12     0.0002     0.0000     0.0507     1.3261     0.0021     0.0000          2  0.000e+00
    149.758  41.629099    13.4058    150.916       5503 5.2415e-02    131.280    3.01732 1.0000e-12     0.0001     0.0000     0.0524     1.3472     0.0021     0.0003          3  0.000e+00
    149.634  41.630472    13.4072    150.791       5504 5.4627e-02    131.243    3.01647 1.0000e-12     0.0002     0.0000     0.0546     1.3471     0.0024     0.0000          3  0.000e+00
    149.551  41.633417    13.4088    150.707       5505 5.3178e-02    131.178    3.01498 1.0000e-12     0.0002     0.0002     0.0532     1.3467     0.0021     0.0002          3  0.000e+00
    149.489  41.635249    13.4105    150.644       5506 5.5619e-02    131.251    3.01666 1.0000e-12     0.0000     0.0000     0.0556     1.3471     0.0022     0.0003          3  0.000e+00
    149.489  41.639241    13.4125    150.644       5507 5.3483e-02    131.289    3.01755 1.0000e-12     0.0001     0.0001     0.0535     1.3474     0.0022     0.0002          3  0.000e+00
    149.448  41.639829    13.4148    150.603       5508 5.1423e-02    131.202    3.01553 1.0000e-12     0.0000     0.0002     0.0514     1.3471     0.0020     0.0001          3  0.000e+00
    149.531  41.639698    13.4166    150.686       5509 5.3635e-02    131.096    3.01310 1.0000e-12     0.0001     0.0002     0.0536     1.3467     0.0024     0.0002          3  0.000e+00
    149.531  41.639829    13.4177    150.686       5510 5.8595e-02    131.169    3.01477 1.0000e-12     0.0000     0.0005     0.0586     1.3470     0.0027     0.0000          3  0.000e+00
    149.552  41.639437    13.4182    150.707       5511 5.3941e-02    131.243    3.01648 1.0000e-12     0.0000     0.0003     0.0539     1.3472     0.0018     0.0000          3  0.000e+00
     99.986  42.272048    14.0300    100.747       5926 1.5496e-01    128.410    2.95111 1.0000e-12     0.0001     0.0003     0.1550     1.3460     0.0020     0.0003          4  0.000e+00
     99.800  42.272376    14.0320    100.559       5927 1.5335e-01    128.375    2.95030 1.0000e-12     0.0008     0.0002     0.1534     1.3458     0.0022     0.0003          4  0.000e+00
     99.572  42.272902    14.0334    100.329       5928 1.5625e-01    128.313    2.94886 1.0000e-12     0.0001     0.0008     0.1563     1.3454     0.0026     0.0005          4  0.000e+00
     99.344  42.275206    14.0344    100.099       5929 1.6114e-01    128.318    2.94899 1.0000e-12     0.0002     0.0004     0.1611     1.3454     0.0024     0.0003          4  0.000e+00
     99.075  42.276324    14.0357     99.828       5930 1.6106e-01    128.344    2.94958 1.0000e-12     0.0000     0.0002     0.1611     1.3455     0.0020     0.0000          4  0.000e+00
     98.868  42.277179    14.0371     99.619       5931 1.5442e-01    128.221    2.94676 1.0000e-12     0.0004     0.0005     0.1544     1.3452     0.0020     0.0002          4  0.000e+00
     98.640  42.278956    14.0383     99.390       5932 1.6609e-01    128.332    2.94930 1.0000e-12     0.0002     0.0000     0.1661     1.3458     0.0016     0.0002          4  0.000e+00
     98.474  42.280009    14.0396     99.223       5933 1.5404e-01    128.336    2.94939 1.0000e-12     0.0004     0.0003     0.1540     1.3457     0.0022     0.0002          4  0.000e+00
     98.329  42.280865    14.0409     99.077       5934 1.5045e-01    128.160    2.94535 1.0000e-12     0.0000     0.0003     0.1505     1.3449     0.0018     0.0000          4  0.000e+00
     98.039  42.283695    14.0430     98.785       5936 1.4778e-01    128.301    2.94859 1.0000e-12     0.0004     0.0003     0.1478     1.3456     0.0024     0.0004          5  0.000e+00
     97.977  42.284551    14.0443     98.722       5937 1.5816e-01    128.113    2.94426 1.0000e-12     0.0002     0.0002     0.1582     1.3447     0.0021     0.0002          5  0.000e+00
     97.894  42.286000    14.0455     98.638       5938 1.4763e-01    128.219    2.94670 1.0000e-12     0.0000     0.0000     0.1476     1.3454     0.0024     0.0002          5  0.000e+00
     97.812  42.286856    14.0466     98.555       5939 1.4778e-01    128.260    2.94765 1.0000e-12     0.0006     0.0004     0.1478     1.3455     0.0025     0.0000          5  0.000e+00
     97.729  42.287514    14.0477     98.472       5940 1.5114e-01    128.258    2.94760 1.0000e-12     0.0005     0.0003     0.1511     1.3455     0.0022     0.0004          5  0.000e+00
     97.729  42.288567    14.0487     98.472       5941 1.8379e-01    128.277    2.94805 1.0000e-12     0.0000     0.0000     0.1838     1.3455     0.0021     0.0005          5  0.000e+00
     97.625  42.289687    14.0494     98.367       5942 1.6342e-01    128.350    2.94972 1.0000e-12     0.0000     0.0003     0.1634     1.3457     0.0027     0.0007          5  0.000e+00
     97.563  42.290213    14.0505     98.305       5943 1.6472e-01    128.210    2.94650 1.0000e-12     0.0003     0.0002     0.1647     1.3451     0.0022     0.0000          5  0.000e+00
     97.563  42.291399    14.0512     98.305       5944 1.7868e-01    128.169    2.94555 1.0000e-12     0.0000     0.0002     0.1787     1.3450     0.0024     0.0007          5  0.000e+00
     75.162  43.238887    14.9262     75.729       6128 7.9263e-01    124.490    2.86067 1.0000e-12     0.0002     0.0003     0.7926     1.3397     0.0021     0.0002          6  0.000e+00
     74.996  43.244669    14.9295     75.562       6129 7.6951e-01    124.366    2.85781 1.0000e-12     0.0000     0.0000     0.7695     1.3393     0.0021     0.0002          6  0.000e+00
     74.810  43.254639    14.9339     75.375       6130 8.3062e-01    124.443    2.85960 1.0000e-12     0.0001     0.0002     0.8306     1.3397     0.0025     0.0000          6  0.000e+00
     74.582  43.263081    14.9403     75.145       6131 8.2322e-01    124.365    2.85780 1.0000e-12     0.0002     0.0002     0.8232     1.3392     0.0020     0.0000          6  0.000e+00
     74.375  43.268066    14.9478     74.936       6132 8.3673e-01    124.500    2.86091 1.0000e-12     0.0000     0.0001     0.8367     1.3400     0.0019     0.0003          6  0.000e+00
     74.189  43.276243    14.9546     74.749       6133 8.2559e-01    124.392    2.85840 1.0000e-12     0.0000     0.0002     0.8256     1.3394     0.0021     0.0000          6  0.000e+00
     74.023  43.283224    14.9615     74.582       6134 7.7226e-01    124.290    2.85605 1.0000e-12     0.0002     0.0002     0.7723     1.3391     0.0025     0.0007          6  0.000e+00
     73.899  43.285883    14.9684     74.456       6135 7.5830e-01    124.191    2.85377 1.0000e-12     0.0000     0.0000     0.7583     1.3388     0.0021     0.0002          6  0.000e+00
     73.816  43.290005    14.9739     74.373       6136 7.1527e-01    124.265    2.85546 1.0000e-12     0.0002     0.0003     0.7153     1.3394     0.0024     0.0002          6  0.000e+00
     50.545  46.965299    18.7146     50.923       6344 2.9862e-01    124.932    2.86818 1.0000e-12     0.0004     0.0000     0.2986     1.4099     0.0024     0.0002          7  0.000e+00
     50.483  46.966261    18.7180     50.861       6345 2.8244e-01    125.015    2.87010 1.0000e-12     0.0001     0.0003     0.2824     1.4106     0.0021     0.0002          7  0.000e+00
     50.400  46.966879    18.7204     50.777       6346 2.7367e-01    124.956    2.86873 1.0000e-12     0.0002     0.0000     0.2737     1.4105     0.0024     0.0002          7  0.000e+00
     50.400  46.967774    18.7217     50.777       6347 2.5719e-01    125.059    2.87109 1.0000e-12     0.0003     0.0000     0.2572     1.4113     0.0025     0.0003          7  0.000e+00
     50.338  46.966879    18.7227     50.715       6348 2.6261e-01    124.955    2.86870 1.0000e-12     0.0002     0.0003     0.2626     1.4108     0.0025     0.0002          7  0.000e+00
     50.297  46.968392    18.7228     50.673       6349 2.3331e-01    124.904    2.86753 1.0000e-12     0.0002     0.0005     0.2333     1.4108     0.0024     0.0000          7  0.000e+00
     50.276  46.969355    18.7235     50.652       6350 2.5322e-01    125.060    2.87112 1.0000e-12     0.0004     0.0002     0.2532     1.4121     0.0023     0.0000          7  0.000e+00
     50.234  46.969974    18.7247     50.610       6351 2.4094e-01    125.055    2.87101 1.0000e-12     0.0001     0.0002     0.2409     1.4121     0.0021     0.0005          7  0.000e+00
     50.172  46.970593    18.7252     50.548       6352 2.1386e-01    125.069    2.87132 1.0000e-12     0.0002     0.0005     0.2139     1.4123     0.0024     0.0000          7  0.000e+00
     50.110  46.972451    18.7262     50.485       6354 2.0470e-01    125.075    2.87145 1.0000e-12     0.0001     0.0000     0.2047     1.4125     0.0024     0.0002          8  0.000e+00
     50.007  46.972106    18.7272     50.381       6355 1.9883e-01    125.049    2.87086 1.0000e-12     0.0004     0.0005     0.1988     1.4125     0.0024     0.0000          8  0.000e+00
     49.945  46.972243    18.7279     50.318       6356 2.1294e-01    125.192    2.87414 1.0000e-12     0.0006     0.0000     0.2129     1.4133     0.0025     0.0002          8  0.000e+00
     49.820  46.973344    18.7281     50.193       6357 2.1187e-01    125.172    2.87369 1.0000e-12     0.0003     0.0005     0.2119     1.4133     0.0020     0.0010          8  0.000e+00
     49.655  46.975269    18.7292     50.026       6358 2.3201e-01    125.170    2.87365 1.0000e-12     0.0004     0.0000     0.2320     1.4135     0.0019     0.0002          8  0.000e+00
     49.510  46.969626    18.7306     49.880       6359 2.2148e-01    125.150    2.87317 1.0000e-12     0.0002     0.0000     0.2215     1.4134     0.0020     0.0003          8  0.000e+00
     49.303  46.965910    18.7294     49.672       6360 2.0027e-01    125.207    2.87447 1.0000e-12     0.0000     0.0003     0.2003     1.4137     0.0019     0.0005          8  0.000e+00
     49.096  46.967492    18.7271     49.463       6361 1.9440e-01    125.108    2.87220 1.0000e-12     0.0000     0.0005     0.1944     1.4132     0.0019     0.0003          8  0.000e+00
     48.847  46.969005    18.7262     49.212       6362 2.1134e-01    125.066    2.87124 1.0000e-12     0.0001     0.0000     0.2113     1.4131     0.0025     0.0002          8  0.000e+00
     25.617  47.002540    18.7965     25.807       6558 1.4252e-01    125.568    2.88266 1.0000e-12     0.0000     0.0001     0.1425     1.4204     0.0022     0.0003          9  0.000e+00
     25.514  47.001851    18.7965     25.703       6559 1.4809e-01    125.630    2.88410 1.0000e-12     0.0001     0.0000     0.1481     1.4206     0.0018     0.0007          9  0.000e+00
     25.327  47.001231    18.7964     25.515       6560 1.4488e-01    125.747    2.88677 1.0000e-12     0.0005     0.0003     0.1449     1.4212     0.0018     0.0008          9  0.000e+00
     25.162  46.999647    18.7961     25.348       6561 1.4878e-01    125.795    2.88787 1.0000e-12     0.0000     0.0005     0.1488     1.4214     0.0016     0.0002          9  0.000e+00
     24.913  46.999027    18.7953     25.098       6562 1.4275e-01    125.818    2.88841 1.0000e-12     0.0000     0.0000     0.1427     1.4215     0.0023     0.0003          9  0.000e+00
     24.665  46.999645    18.7946     24.848       6563 1.4252e-01    125.851    2.88918 1.0000e-12     0.0004     0.0001     0.1425     1.4218     0.0024     0.0002          9  0.000e+00
     24.478  46.999920    18.7943     24.660       6564 1.4855e-01    125.877    2.88977 1.0000e-12     0.0001     0.0000     0.1485     1.4219     0.0021     0.0003          9  0.000e+00
     24.209  46.999024    18.7946     24.389       6565 1.4961e-01    125.833    2.88874 1.0000e-12     0.0004     0.0002     0.1496     1.4218     0.0025     0.0002          9  0.000e+00
     23.940  46.998403    18.7944     24.118       6566 1.6922e-01    125.887    2.88999 1.0000e-12     0.0001     0.0002     0.1692     1.4224     0.0021     0.0007          9  0.000e+00
     10.854  46.985957    18.7868     10.935       6717 1.4939e-01    131.886    3.02772 1.0000e-12     0.0005     0.0003     0.1494     1.4642     0.0018     0.0003         10  0.000e+00
     10.854  46.985613    18.7872     10.935       6718 1.3764e-01    132.040    3.03125 1.0000e-12     0.0004     0.0006     0.1376     1.4647     0.0019     0.0001         10  0.000e+00
     10.875  46.985613    18.7871     10.955       6719 1.2589e-01    132.228    3.03557 1.0000e-12     0.0001     0.0000     0.1259     1.4658     0.0024     0.0000         10  0.000e+00
     10.916  46.985613    18.7871     10.997       6720 1.3199e-01    132.506    3.04194 1.0000e-12     0.0001     0.0000     0.1320     1.4674     0.0019     0.0002         10  0.000e+00
