inst/extdata/S285_ctd/S285-005-HC.ros
* Sea-Bird SBE19plus Data File:
* FileName = C:\Data\CTD\Hex\S285-005-HC.hex
* Software Version 1.25
* Temperature SN =  7706
* Conductivity SN =  7706
* System UpLoad Time = Apr 03 2019 14:02:42
** StationS285-HC
** UTC (Time)10:43
** Latitude:43 37.9'S
** Longitude:176 57.7'E
** Bottom Depth [m]412
** Chief ScientistBen Harden
** General Locale
** Carousel - SN:7706
** Voltage Channels:	Instrument Name:	Instrument SN:
** Voltage 0	Free	x
** Voltage 1	Free	x
** Voltage 2	Seapoint Chl-a	SCF3735
** Voltage 3	Dissolved O2	3329
** Voltage 4	Par	70623
** Voltage 5	Free	X
** 
# nquan = 17
# nvalues = 108                     
# units = specified
# name 0 = depSM: Depth [salt water, m]
# name 1 = c0mS/cm: Conductivity [mS/cm]
# name 2 = tv290C: Temperature [ITS-90, deg C]
# name 3 = prdM: Pressure, Strain Gauge [db]
# name 4 = scan: Scan Count
# name 5 = flSP: Fluorescence, Seapoint
# name 6 = sbeox0Mm/Kg: Oxygen, SBE 43 [umol/Kg]
# name 7 = sbeox0ML/L: Oxygen, SBE 43 [ml/l]
# name 8 = par: PAR/Irradiance, Biospherical/Licor
# name 9 = v0: Voltage 0
# name 10 = v1: Voltage 1
# name 11 = v2: Voltage 2
# name 12 = v3: Voltage 3
# name 13 = v4: Voltage 4
# name 14 = v5: Voltage 5
# name 15 = nbf: number of bottles fired
# name 16 = flag:  0.000e+00
# interval = seconds: 0.25                        
# start_time = Apr 02 2019 14:39:31
*END*
[from data line 86]
     10.287  43.114624    15.5944     10.363       6559 3.5131e+00    173.292    3.97947 4.8523e+01     0.0002     0.0003     3.5131     1.6621     2.7383     0.0005         10  0.000e+00
     10.494  43.114625    15.5950     10.572       6560 4.1233e+00    173.016    3.97312 4.7103e+01     0.0001     0.0002     4.1233     1.6635     2.7256     0.0005         10  0.000e+00
     10.722  43.115489    15.5950     10.801       6561 3.4168e+00    172.730    3.96655 4.5805e+01     0.0000     0.0001     3.4168     1.6649     2.7137     0.0005         10  0.000e+00
     10.908  43.115755    15.5952     10.989       6562 2.8255e+00    172.235    3.95518 4.4327e+01     0.0005     0.0003     2.8255     1.6649     2.6998     0.0002         10  0.000e+00
      2.809  43.108219    15.5936      2.829       6980 2.6480e+00    226.437    5.19986 1.9622e+02     0.0005     0.0003     2.6480     2.0195     3.3391     0.0000         11  0.000e+00
      2.705  43.107887    15.5935      2.725       6981 2.9480e+00    227.067    5.21433 1.9636e+02     0.0000     0.0005     2.9480     2.0195     3.3394     0.0002         11  0.000e+00
      2.622  43.107887    15.5934      2.642       6982 2.3599e+00    235.392    5.40550 1.9639e+02     0.0001     0.0003     2.3599     2.0616     3.3394     0.0003         11  0.000e+00
      2.498  43.107886    15.5930      2.516       6983 3.9123e+00    238.128    5.46834 1.9950e+02     0.0000     0.0003     3.9123     2.0717     3.3462     0.0009         11  0.000e+00
      2.395  43.107620    15.5931      2.412       6984 3.9387e+00    238.762    5.48289 2.0500e+02     0.0000     0.0002     3.9387     2.0732     3.3580     0.0003         11  0.000e+00
      2.250  43.107885    15.5931      2.266       6985 4.0586e+00    238.423    5.47511 2.1417e+02     0.0004     0.0003     4.0586     2.0711     3.3769     0.0000         11  0.000e+00
      2.167  43.108349    15.5931      2.183       6986 2.8161e+00    239.677    5.50391 2.2343e+02     0.0004     0.0004     2.8161     2.0780     3.3952     0.0002         11  0.000e+00
      2.001  43.108216    15.5935      2.016       6987 3.1325e+00    244.449    5.61349 2.4334e+02     0.0005     0.0002     3.1325     2.1057     3.4321     0.0000         11  0.000e+00
      1.856  43.108215    15.5937      1.870       6988 3.6536e+00    245.651    5.64111 2.5974e+02     0.0002     0.0005     3.6536     2.1134     3.4604     0.0002         11  0.000e+00
      1.608  43.108214    15.5938      1.620       6990 3.4696e+00    241.530    5.54647 2.7149e+02     0.0008     0.0002     3.4696     2.1070     3.4795     0.0005         12  0.000e+00
      1.484  43.107284    15.5939      1.494       6991 2.3082e+00    238.740    5.48238 2.7685e+02     0.0000     0.0005     2.3082     2.0957     3.4880     0.0007         12  0.000e+00
      1.380  43.107616    15.5937      1.390       6992 2.7554e+00    235.420    5.40614 2.8292e+02     0.0001     0.0006     2.7554     2.0833     3.4974     0.0002         12  0.000e+00
      1.297  43.107881    15.5935      1.307       6993 2.7366e+00    235.203    5.40118 2.7149e+02     0.0001     0.0002     2.7366     2.0900     3.4795     0.0002         12  0.000e+00
      1.235  43.107283    15.5937      1.244       6994 4.8007e+00    232.022    5.32811 2.5247e+02     0.0002     0.0002     4.8007     2.0815     3.4481     0.0010         12  0.000e+00
      1.152  43.107615    15.5939      1.161       6995 3.2847e+00    234.581    5.38688 2.8387e+02     0.0001     0.0002     3.2847     2.1029     3.4988     0.0000         12  0.000e+00
      1.111  43.107615    15.5938      1.119       6996 4.7951e+00    237.168    5.44629 3.1138e+02     0.0001     0.0002     4.7951     2.1128     3.5389     0.0002         12  0.000e+00
      1.049  43.107282    15.5936      1.056       6997 3.6284e+00    241.701    5.55038 2.9009e+02     0.0002     0.0002     3.6284     2.1284     3.5082     0.0000         12  0.000e+00
      0.987  43.105556    15.5935      0.994       6998 3.8069e+00    242.669    5.57262 2.8322e+02     0.0001     0.0004     3.8069     2.1260     3.4978     0.0002         12  0.000e+00
