inst/extdata/S285_ctd/S285-005-HC.cnv
* Sea-Bird SBE19plus Data File:
* FileName = C:\Data\CTD\Hex\S285-005-HC.hex
* Software Version 1.25
* Temperature SN =  7706
* Conductivity SN =  7706
* System UpLoad Time = Apr 03 2019 14:02:42
** StationS285-HC
** UTC (Time)10:43
** Latitude:43 37.9'S
** Longitude:176 57.7'E
** Bottom Depth [m]412
** Chief ScientistBen Harden
** General Locale
** Carousel - SN:7706
** Voltage Channels:	Instrument Name:	Instrument SN:
** Voltage 0	Free	x
** Voltage 1	Free	x
** Voltage 2	Seapoint Chl-a	SCF3735
** Voltage 3	Dissolved O2	3329
** Voltage 4	Par	70623
** Voltage 5	Free	X
** 
# nquan = 25                                
# nvalues = 7517                        
# units = specified
# name 0 = depSM: Depth [salt water, m]
# name 1 = c0mS/cm: Conductivity [mS/cm]
# name 2 = tv290C: Temperature [ITS-90, deg C]
# name 3 = prdM: Pressure, Strain Gauge [db]
# name 4 = scan: Scan Count
# name 5 = flSP: Fluorescence, Seapoint
# name 6 = sbeox0Mm/Kg: Oxygen, SBE 43 [umol/Kg]
# name 7 = sbeox0ML/L: Oxygen, SBE 43 [ml/l]
# name 8 = par: PAR/Irradiance, Biospherical/Licor
# name 9 = v0: Voltage 0
# name 10 = v1: Voltage 1
# name 11 = v2: Voltage 2
# name 12 = v3: Voltage 3
# name 13 = v4: Voltage 4
# name 14 = v5: Voltage 5
# name 15 = density00: Density [density, Kg/m^3]
# name 16 = sigma-é00: Density [sigma-theta, Kg/m^3]
# name 17 = depSM: Depth [salt water, m], lat = -36
# name 18 = oxsatML/L: Oxygen Saturation [ml/l]
# name 19 = potemp090C: Potential Temperature [ITS-90, deg C]
# name 20 = sal00: Salinity [PSU]
# name 21 = svCM: Sound Velocity [Chen-Millero, m/s]
# name 22 = sva: Specific Volume Anomaly [10^-8 * m^3/Kg]
# name 23 = tsa: Thermosteric Anomaly [10^-8 * m^3/Kg]
# name 24 = flag: flag
# span 0 =     -0.009,    353.709       
# span 1 =   0.002321,  43.151083       
# span 2 =     9.5207,    15.6178       
# span 3 =     -0.044,    356.812       
# span 4 =          1,       7517       
# span 5 = 5.1686e-02, 4.7068e+00       
# span 6 =    138.610,    320.853       
# span 7 =    3.18305,    7.36777       
# span 8 = 1.0000e-12, 9.8213e+02       
# span 9 =     0.0000,     0.0005       
# span 10 =     0.0000,     0.0005      
# span 11 =     0.0517,     4.7068      
# span 12 =     1.3335,     2.4982      
# span 13 =     0.0019,     4.0368      
# span 14 =     0.0001,     0.0007      
# span 15 =   999.3602,  1028.3775      
# span 16 =    -0.6398,    26.7716      
# span 17 =     -0.044,    353.899      
# span 18 =    5.63008,    7.34667      
# span 19 =     9.4804,    15.6135      
# span 20 =     0.0073,    34.8653      
# span 21 =    1459.17,    1508.90      
# span 22 =    133.774,   2797.816      
# span 23 =    127.276,   2798.020      
# span 24 = 0.0000e+00, 0.0000e+00      
# interval = seconds: 0.25                        
# start_time = Apr 02 2019 14:39:31
# bad_flag = -9.990e-29
*END*
[from data line 4464]
    293.242  37.696579     9.7655    295.723       4465 5.3817e-02    144.466    3.32133 1.0000e-12     0.0001     0.0002     0.0538     1.3388     0.0024     0.0003  1028.0835    26.7532    293.352    6.36355     9.7317    34.6873    1493.48    134.825    128.927 0.0000e+00
    293.019  37.696375     9.7656    295.493       4466 5.3534e-02    144.391    3.31962 1.0000e-12     0.0001     0.0002     0.0535     1.3386     0.0024     0.0002  1028.0823    26.7530    293.124    6.36354     9.7318    34.6871    1493.47    134.837    128.943 0.0000e+00
    292.775  37.696105     9.7657    295.180       4467 5.3345e-02    144.328    3.31816 1.0000e-12     0.0001     0.0002     0.0533     1.3384     0.0023     0.0002  1028.0807    26.7528    292.814    6.36354     9.7319    34.6869    1493.47    134.849    128.962 0.0000e+00
    292.519  37.695730     9.7657    294.866       4468 5.3114e-02    144.293    3.31736 1.0000e-12     0.0001     0.0002     0.0531     1.3383     0.0023     0.0003  1028.0791    26.7526    292.503    6.36355     9.7319    34.6866    1493.46    134.860    128.980 0.0000e+00
    292.267  37.695184     9.7657    294.574       4469 5.2928e-02    144.287    3.31723 1.0000e-12     0.0001     0.0002     0.0529     1.3382     0.0023     0.0003  1028.0774    26.7523    292.213    6.36356     9.7320    34.6862    1493.46    134.886    129.011 0.0000e+00
    292.027  37.694355     9.7651    294.302       4470 5.2832e-02    144.301    3.31754 1.0000e-12     0.0001     0.0002     0.0528     1.3382     0.0023     0.0004  1028.0762    26.7523    291.944    6.36365     9.7314    34.6861    1493.45    134.882    129.013 0.0000e+00
    291.809  37.693164     9.7637    294.051       4471 5.2705e-02    144.333    3.31828 1.0000e-12     0.0001     0.0002     0.0527     1.3383     0.0023     0.0004  1028.0755    26.7527    291.695    6.36384     9.7300    34.6863    1493.44    134.836    128.973 0.0000e+00
    291.618  37.691715     9.7622    293.842       4472 5.2544e-02    144.370    3.31913 1.0000e-12     0.0001     0.0003     0.0526     1.3383     0.0022     0.0004  1028.0748    26.7530    291.488    6.36405     9.7286    34.6864    1493.43    134.803    128.945 0.0000e+00
    291.461  37.690252     9.7607    293.654       4473 5.2432e-02    144.401    3.31983 1.0000e-12     0.0001     0.0003     0.0524     1.3383     0.0022     0.0004  1028.0743    26.7533    291.301    6.36426     9.7271    34.6864    1493.42    134.773    128.919 0.0000e+00
    291.341  37.688978     9.7600    293.550       4474 5.2427e-02    144.422    3.32032 1.0000e-12     0.0001     0.0003     0.0524     1.3382     0.0022     0.0003  1028.0735    26.7529    291.198    6.36438     9.7264    34.6858    1493.42    134.802    128.952 0.0000e+00
    291.256  37.687908     9.7590    293.487       4475 5.2497e-02    144.427    3.32044 1.0000e-12     0.0001     0.0003     0.0525     1.3382     0.0021     0.0003  1028.0733    26.7530    291.136    6.36453     9.7254    34.6857    1493.41    134.792    128.944 0.0000e+00
    291.202  37.686933     9.7582    293.445       4476 5.2619e-02    144.421    3.32030 1.0000e-12     0.0001     0.0002     0.0526     1.3381     0.0021     0.0003  1028.0731    26.7530    291.094    6.36465     9.7246    34.6855    1493.41    134.794    128.947 0.0000e+00
    291.174  37.686021     9.7574    293.445       4477 5.2867e-02    144.415    3.32015 1.0000e-12     0.0001     0.0002     0.0528     1.3381     0.0021     0.0004  1028.0731    26.7530    291.094    6.36477     9.7238    34.6853    1493.41    134.793    128.946 -9.990e-29
    291.166  37.685207     9.7568    293.466       4478 5.3164e-02    144.424    3.32036 1.0000e-12     0.0001     0.0002     0.0531     1.3382     0.0022     0.0004  1028.0731    26.7529    291.115    6.36486     9.7232    34.6850    1493.40    134.803    128.956 -9.990e-29
    291.171  37.684489     9.7561    293.508       4479 5.3255e-02    144.454    3.32107 1.0000e-12     0.0002     0.0002     0.0532     1.3383     0.0022     0.0004  1028.0733    26.7529    291.157    6.36496     9.7225    34.6850    1493.40    134.799    128.951 -9.990e-29
    291.180  37.683867     9.7557    293.529       4480 5.3183e-02    144.492    3.32193 1.0000e-12     0.0002     0.0002     0.0532     1.3384     0.0022     0.0004  1028.0733    26.7528    291.177    6.36503     9.7221    34.6847    1493.40    134.812    128.964 -9.990e-29
    291.185  37.683336     9.7551    293.634       4481 5.3229e-02    144.518    3.32254 1.0000e-12     0.0002     0.0002     0.0532     1.3384     0.0022     0.0004  1028.0738    26.7529    291.281    6.36512     9.7215    34.6847    1493.40    134.806    128.956 -9.990e-29
    291.171  37.682858     9.7546    293.634       4482 5.3309e-02    144.526    3.32273 1.0000e-12     0.0002     0.0002     0.0533     1.3384     0.0023     0.0004  1028.0739    26.7529    291.281    6.36519     9.7210    34.6847    1493.40    134.798    128.949 -9.990e-29
    291.130  37.682435     9.7544    293.613       4483 5.3247e-02    144.521    3.32262 1.0000e-12     0.0002     0.0002     0.0532     1.3383     0.0023     0.0004  1028.0737    26.7528    291.261    6.36522     9.7208    34.6844    1493.40    134.811    128.963 -9.990e-29
    291.056  37.682059     9.7544    293.550       4484 5.3233e-02    144.509    3.32233 1.0000e-12     0.0002     0.0001     0.0532     1.3383     0.0023     0.0004  1028.0731    26.7525    291.198    6.36524     9.7208    34.6841    1493.40    134.837    128.989 -9.990e-29
    290.946  37.681673     9.7541    293.466       4485 5.3411e-02    144.484    3.32175 1.0000e-12     0.0002     0.0001     0.0534     1.3383     0.0023     0.0003  1028.0727    26.7525    291.115    6.36528     9.7205    34.6840    1493.39    134.835    128.990 -9.990e-29
    290.794  37.681224     9.7540    293.341       4486 5.3652e-02    144.433    3.32058 1.0000e-12     0.0002     0.0002     0.0537     1.3381     0.0023     0.0002  1028.0719    26.7523    290.991    6.36531     9.7205    34.6837    1493.39    134.854    129.011 0.0000e+00
    290.594  37.680646     9.7535    293.132       4487 5.3857e-02    144.364    3.31899 1.0000e-12     0.0002     0.0002     0.0539     1.3379     0.0023     0.0002  1028.0711    26.7523    290.784    6.36538     9.7200    34.6837    1493.39    134.842    129.004 0.0000e+00
    290.351  37.679919     9.7529    292.819       4488 5.4079e-02    144.304    3.31761 1.0000e-12     0.0002     0.0002     0.0541     1.3378     0.0022     0.0002  1028.0698    26.7524    290.474    6.36547     9.7194    34.6837    1493.38    134.828    128.997 0.0000e+00
    290.074  37.679149     9.7522    292.526       4489 5.4294e-02    144.262    3.31665 1.0000e-12     0.0002     0.0002     0.0543     1.3377     0.0022     0.0002  1028.0686    26.7525    290.183    6.36556     9.7188    34.6837    1493.37    134.809    128.984 0.0000e+00
    289.771  37.678468     9.7515    292.192       4490 5.4439e-02    144.232    3.31596 1.0000e-12     0.0002     0.0001     0.0544     1.3376     0.0022     0.0002  1028.0673    26.7527    289.852    6.36566     9.7181    34.6838    1493.36    134.782    128.964 0.0000e+00
    289.448  37.677960     9.7510    291.816       4491 5.4540e-02    144.200    3.31522 1.0000e-12     0.0002     0.0001     0.0545     1.3375     0.0022     0.0002  1028.0658    26.7529    289.479    6.36572     9.7176    34.6839    1493.36    134.756    128.946 0.0000e+00
    289.118  37.677669     9.7507    291.439       4492 5.4581e-02    144.171    3.31454 1.0000e-12     0.0002     0.0001     0.0546     1.3374     0.0022     0.0003  1028.0643    26.7531    289.106    6.36576     9.7174    34.6841    1493.35    134.732    128.929 0.0000e+00
    288.792  37.677644     9.7507    291.042       4493 5.4600e-02    144.159    3.31427 1.0000e-12     0.0001     0.0001     0.0546     1.3374     0.0023     0.0003  1028.0626    26.7532    288.712    6.36575     9.7174    34.6843    1493.34    134.712    128.918 0.0000e+00
    288.482  37.677966     9.7507    290.729       4494 5.4612e-02    144.165    3.31441 1.0000e-12     0.0001     0.0001     0.0546     1.3374     0.0023     0.0004  1028.0616    26.7536    288.402    6.36573     9.7175    34.6847    1493.34    134.671    128.883 0.0000e+00
    288.191  37.678751     9.7508    290.436       4495 5.4610e-02    144.184    3.31485 1.0000e-12     0.0001     0.0001     0.0546     1.3374     0.0023     0.0004  1028.0609    26.7542    288.111    6.36569     9.7176    34.6856    1493.33    134.604    128.822 0.0000e+00
    287.922  37.680230     9.7521    290.144       4496 5.4629e-02    144.208    3.31540 1.0000e-12     0.0002     0.0002     0.0546     1.3374     0.0022     0.0004  1028.0596    26.7543    287.822    6.36549     9.7189    34.6860    1493.33    134.590    128.813 0.0000e+00
    287.676  37.682614     9.7557    289.914       4497 5.4678e-02    144.224    3.31578 1.0000e-12     0.0002     0.0002     0.0547     1.3374     0.0022     0.0004  1028.0573    26.7530    287.594    6.36502     9.7225    34.6851    1493.34    134.712    128.938 0.0000e+00
    287.448  37.685623     9.7596    289.726       4498 5.4676e-02    144.232    3.31596 1.0000e-12     0.0002     0.0002     0.0547     1.3374     0.0022     0.0003  1028.0553    26.7519    287.407    6.36449     9.7265    34.6845    1493.35    134.815    129.043 0.0000e+00
    287.233  37.688671     9.7628    289.517       4499 5.4543e-02    144.240    3.31614 1.0000e-12     0.0002     0.0002     0.0545     1.3374     0.0022     0.0003  1028.0539    26.7514    287.200    6.36404     9.7297    34.6846    1493.36    134.852    129.083 0.0000e+00
    287.027  37.691527     9.7657    289.308       4500 5.4490e-02    144.246    3.31628 1.0000e-12     0.0001     0.0002     0.0545     1.3375     0.0021     0.0002  1028.0527    26.7511    286.993    6.36362     9.7326    34.6849    1493.37    134.878    129.112 0.0000e+00
    286.828  37.694274     9.7688    289.120       4501 5.4538e-02    144.247    3.31632 1.0000e-12     0.0001     0.0001     0.0545     1.3375     0.0021     0.0002  1028.0512    26.7506    286.807    6.36319     9.7357    34.6848    1493.38    134.931    129.167 0.0000e+00
    286.636  37.696894     9.7719    288.911       4502 5.4451e-02    144.245    3.31627 1.0000e-12     0.0002     0.0001     0.0544     1.3376     0.0021     0.0003  1028.0496    26.7499    286.600    6.36276     9.7388    34.6846    1493.38    134.992    129.231 0.0000e+00
    286.453  37.699244     9.7746    288.723       4503 5.4357e-02    144.235    3.31603 1.0000e-12     0.0002     0.0001     0.0543     1.3376     0.0022     0.0003  1028.0482    26.7493    286.413    6.36238     9.7415    34.6845    1493.39    135.040    129.282 0.0000e+00
    286.278  37.701194     9.7768    288.556       4504 5.4329e-02    144.221    3.31570 1.0000e-12     0.0002     0.0002     0.0543     1.3376     0.0021     0.0003  1028.0470    26.7489    286.248    6.36208     9.7438    34.6844    1493.40    135.076    129.320 0.0000e+00
    286.113  37.702692     9.7783    288.368       4505 5.4373e-02    144.208    3.31542 1.0000e-12     0.0002     0.0002     0.0544     1.3375     0.0021     0.0003  1028.0460    26.7488    286.061    6.36186     9.7453    34.6846    1493.40    135.084    129.330 0.0000e+00
    285.960  37.703800     9.7795    288.222       4506 5.4813e-02    144.190    3.31499 1.0000e-12     0.0002     0.0002     0.0548     1.3375     0.0021     0.0003  1028.0452    26.7487    285.917    6.36169     9.7465    34.6847    1493.40    135.097    129.346 0.0000e+00
    285.819  37.704594     9.7802    288.055       4507 5.5735e-02    144.163    3.31437 1.0000e-12     0.0002     0.0002     0.0557     1.3375     0.0022     0.0002  1028.0445    26.7487    285.751    6.36158     9.7472    34.6849    1493.40    135.089    129.341 0.0000e+00
    285.694  37.705112     9.7806    287.929       4508 5.6662e-02    144.139    3.31383 1.0000e-12     0.0002     0.0002     0.0567     1.3374     0.0022     0.0002  1028.0440    26.7488    285.626    6.36152     9.7476    34.6851    1493.40    135.078    129.332 0.0000e+00
    285.586  37.705441     9.7809    287.825       4509 5.7277e-02    144.127    3.31353 1.0000e-12     0.0002     0.0002     0.0573     1.3374     0.0022     0.0003  1028.0436    26.7488    285.523    6.36147     9.7479    34.6852    1493.40    135.074    129.330 0.0000e+00
    285.491  37.705697     9.7810    287.762       4510 5.7450e-02    144.133    3.31366 1.0000e-12     0.0002     0.0002     0.0575     1.3375     0.0022     0.0003  1028.0434    26.7490    285.461    6.36145     9.7480    34.6854    1493.40    135.059    129.317 0.0000e+00
    285.407  37.705929     9.7813    287.678       4511 5.6819e-02    144.155    3.31418 1.0000e-12     0.0002     0.0002     0.0569     1.3376     0.0022     0.0003  1028.0430    26.7489    285.377    6.36141     9.7484    34.6854    1493.40    135.064    129.323 0.0000e+00
    285.329  37.706153     9.7815    287.595       4512 5.5760e-02    144.192    3.31504 1.0000e-12     0.0002     0.0002     0.0558     1.3377     0.0022     0.0003  1028.0426    26.7489    285.295    6.36138     9.7486    34.6855    1493.40    135.060    129.320 0.0000e+00
    285.260  37.706369     9.7819    287.532       4513 5.4962e-02    144.246    3.31627 1.0000e-12     0.0002     0.0003     0.0550     1.3379     0.0022     0.0003  1028.0422    26.7487    285.233    6.36132     9.7490    34.6853    1493.40    135.075    129.337 0.0000e+00
    285.195  37.706548     9.7820    287.511       4514 5.4498e-02    144.305    3.31763 1.0000e-12     0.0002     0.0003     0.0545     1.3380     0.0022     0.0004  1028.0422    26.7488    285.212    6.36131     9.7491    34.6854    1493.40    135.069    129.331 0.0000e+00
    285.130  37.706690     9.7821    287.428       4515 5.4290e-02    144.353    3.31872 1.0000e-12     0.0002     0.0003     0.0543     1.3381     0.0022     0.0004  1028.0418    26.7489    285.129    6.36129     9.7492    34.6855    1493.40    135.062    129.326 0.0000e+00
    285.062  37.706816     9.7824    287.386       4516 5.4209e-02    144.383    3.31942 1.0000e-12     0.0002     0.0003     0.0542     1.3382     0.0022     0.0004  1028.0415    26.7487    285.088    6.36125     9.7495    34.6854    1493.40    135.077    129.341 0.0000e+00
    284.991  37.706928     9.7824    287.282       4517 5.4191e-02    144.401    3.31984 1.0000e-12     0.0003     0.0003     0.0542     1.3383     0.0022     0.0004  1028.0411    26.7488    284.985    6.36125     9.7495    34.6855    1493.40    135.063    129.329 0.0000e+00
    284.919  37.707035     9.7826    287.219       4518 5.4213e-02    144.408    3.31999 1.0000e-12     0.0003     0.0003     0.0542     1.3383     0.0022     0.0003  1028.0408    26.7487    284.922    6.36122     9.7497    34.6855    1493.40    135.069    129.337 0.0000e+00
    284.849  37.707126     9.7827    287.135       4519 5.4344e-02    144.401    3.31984 1.0000e-12     0.0003     0.0003     0.0543     1.3384     0.0021     0.0003  1028.0404    26.7487    284.839    6.36120     9.7498    34.6855    1493.39    135.066    129.336 0.0000e+00
    284.779  37.707177     9.7828    287.073       4520 5.4730e-02    144.381    3.31937 1.0000e-12     0.0003     0.0003     0.0547     1.3384     0.0021     0.0003  1028.0401    26.7487    284.778    6.36119     9.7499    34.6855    1493.39    135.068    129.338 0.0000e+00
    284.714  37.707167     9.7830    286.947       4521 5.5220e-02    144.357    3.31881 1.0000e-12     0.0003     0.0002     0.0552     1.3384     0.0021     0.0003  1028.0394    26.7486    284.653    6.36117     9.7501    34.6853    1493.39    135.079    129.352 0.0000e+00
