inst/extdata/S285_ctd/S285-009-HC.cnv
* Sea-Bird SBE19plus Data File:
* FileName = C:\Data\CTD\Hex\S285-009-HC.hex
* Software Version 1.25
* Temperature SN =  7706
* Conductivity SN =  7706
* System UpLoad Time = Apr 05 2019 16:24:13
** StationS285-009-HC
** UTC (Time)10:11
** Latitude:44 06.7'S
** Longitude:177 33.4'W
** Bottom Depth [m]463
** Chief ScientistBen Harden
** General Locale
** Carousel - SN:7706
** Voltage Channels:	Instrument Name:	Instrument SN:
** Voltage 0	Free	x
** Voltage 1	Free	x
** Voltage 2	Seapoint Chl-a	SCF3735
** Voltage 3	Dissolved O2	3329
** Voltage 4	Par	70623
** Voltage 5	Free	X
** 
# nquan = 25                                
# nvalues = 7067                        
# units = specified
# name 0 = depSM: Depth [salt water, m]
# name 1 = c0mS/cm: Conductivity [mS/cm]
# name 2 = tv290C: Temperature [ITS-90, deg C]
# name 3 = prdM: Pressure, Strain Gauge [db]
# name 4 = scan: Scan Count
# name 5 = flSP: Fluorescence, Seapoint
# name 6 = sbeox0Mm/Kg: Oxygen, SBE 43 [umol/Kg]
# name 7 = sbeox0ML/L: Oxygen, SBE 43 [ml/l]
# name 8 = par: PAR/Irradiance, Biospherical/Licor
# name 9 = v0: Voltage 0
# name 10 = v1: Voltage 1
# name 11 = v2: Voltage 2
# name 12 = v3: Voltage 3
# name 13 = v4: Voltage 4
# name 14 = v5: Voltage 5
# name 15 = density00: Density [density, Kg/m^3]
# name 16 = sigma-é00: Density [sigma-theta, Kg/m^3]
# name 17 = depSM: Depth [salt water, m], lat = -36
# name 18 = oxsatML/L: Oxygen Saturation [ml/l]
# name 19 = potemp090C: Potential Temperature [ITS-90, deg C]
# name 20 = sal00: Salinity [PSU]
# name 21 = svCM: Sound Velocity [Chen-Millero, m/s]
# name 22 = sva: Specific Volume Anomaly [10^-8 * m^3/Kg]
# name 23 = tsa: Thermosteric Anomaly [10^-8 * m^3/Kg]
# name 24 = flag: flag
# span 0 =     -0.056,    392.055       
# span 1 =   0.007554,  45.258047       
# span 2 =     7.9325,    17.3811       
# span 3 =     -0.100,    395.430       
# span 4 =          1,       7067       
# span 5 = 2.2465e-03, 6.7949e-01       
# span 6 =    130.212,    280.213       
# span 7 =    2.98999,    6.43222       
# span 8 = 1.0000e-12, 1.8477e+03       
# span 9 =     0.0000,     0.0004       
# span 10 =     0.0000,     0.0005      
# span 11 =     0.0022,     0.6795      
# span 12 =     1.3423,     2.3359      
# span 13 =     0.0020,     4.3111      
# span 14 =     0.0000,     0.0006      
# span 15 =   999.1894,  1028.6571      
# span 16 =    -0.8103,    26.8642      
# span 17 =     -0.099,    392.166      
# span 18 =    5.42833,    7.13325      
# span 19 =     7.8925,    17.3758      
# span 20 =     0.0101,    35.0533      
# span 21 =    1463.98,    1514.86      
# span 22 =    124.929,   2814.890      
# span 23 =    118.426,   2815.093      
# span 24 = 0.0000e+00, 0.0000e+00      
# interval = seconds: 0.25                        
# start_time = Apr 04 2019 14:09:49
# bad_flag = -9.990e-29
*END*
[from data line 3131]
    329.671  36.667492     8.7863    332.362       3132 5.0186e-02    155.084    3.56556 1.0000e-12     0.0002     0.0003     0.0502     1.3725     0.0021     0.0003  1028.3070    26.8049    329.668    6.50968     8.7506    34.5495    1490.33    130.039    124.017 0.0000e+00
    329.842  36.663531     8.7834    332.571       3133 5.0020e-02    155.177    3.56771 1.0000e-12     0.0002     0.0003     0.0500     1.3726     0.0021     0.0003  1028.3073    26.8042    329.875    6.51017     8.7477    34.5480    1490.32    130.104    124.081 0.0000e+00
    330.009  36.660529     8.7816    332.696       3134 4.9893e-02    155.252    3.56945 1.0000e-12     0.0003     0.0003     0.0499     1.3727     0.0022     0.0003  1028.3070    26.8034    329.999    6.51049     8.7459    34.5466    1490.31    130.186    124.162 0.0000e+00
    330.174  36.657985     8.7805    332.885       3135 4.9908e-02    155.304    3.57065 1.0000e-12     0.0003     0.0003     0.0499     1.3728     0.0022     0.0003  1028.3067    26.8022    330.187    6.51072     8.7448    34.5449    1490.31    130.298    124.271 0.0000e+00
    330.339  36.655447     8.7795    333.010       3136 5.0017e-02    155.324    3.57113 1.0000e-12     0.0002     0.0002     0.0500     1.3729     0.0022     0.0002  1028.3061    26.8010    330.311    6.51094     8.7438    34.5431    1490.30    130.414    124.386 0.0000e+00
    330.509  36.652392     8.7771    333.198       3137 5.0052e-02    155.321    3.57106 1.0000e-12     0.0002     0.0002     0.0501     1.3729     0.0022     0.0002  1028.3065    26.8006    330.497    6.51133     8.7414    34.5422    1490.30    130.451    124.422 0.0000e+00
    330.682  36.648457     8.7731    333.365       3138 4.9924e-02    155.309    3.57077 1.0000e-12     0.0001     0.0002     0.0499     1.3729     0.0022     0.0001  1028.3077    26.8010    330.662    6.51193     8.7374    34.5419    1490.28    130.415    124.386 0.0000e+00
    330.857  36.643764     8.7674    333.595       3139 4.9798e-02    155.304    3.57065 1.0000e-12     0.0001     0.0002     0.0498     1.3729     0.0022     0.0001  1028.3101    26.8023    330.890    6.51275     8.7317    34.5424    1490.27    130.294    124.263 0.0000e+00
    331.030  36.638910     8.7614    333.721       3140 4.9703e-02    155.310    3.57079 1.0000e-12     0.0002     0.0001     0.0497     1.3729     0.0022     0.0002  1028.3122    26.8038    331.015    6.51360     8.7257    34.5431    1490.25    130.153    124.123 0.0000e+00
    331.201  36.634615     8.7567    333.930       3141 4.9571e-02    155.317    3.57095 1.0000e-12     0.0002     0.0001     0.0496     1.3729     0.0022     0.0002  1028.3139    26.8045    331.222    6.51429     8.7209    34.5430    1490.23    130.086    124.055 0.0000e+00
    331.368  36.631153     8.7534    334.118       3142 4.9514e-02    155.330    3.57124 1.0000e-12     0.0002     0.0001     0.0495     1.3729     0.0022     0.0003  1028.3148    26.8046    331.409    6.51479     8.7176    34.5425    1490.22    130.076    124.044 0.0000e+00
    331.526  36.628351     8.7511    334.264       3143 4.9665e-02    155.369    3.57216 1.0000e-12     0.0001     0.0001     0.0497     1.3730     0.0022     0.0003  1028.3153    26.8044    331.553    6.51516     8.7153    34.5417    1490.22    130.101    124.068 0.0000e+00
    331.679  36.625900     8.7486    334.390       3144 5.0024e-02    155.432    3.57360 1.0000e-12     0.0001     0.0002     0.0500     1.3732     0.0022     0.0002  1028.3161    26.8046    331.678    6.51554     8.7128    34.5415    1490.21    130.079    124.045 0.0000e+00
    331.827  36.623566     8.7462    334.578       3145 5.0376e-02    155.486    3.57485 1.0000e-12     0.0001     0.0002     0.0503     1.3733     0.0022     0.0002  1028.3172    26.8048    331.865    6.51590     8.7104    34.5413    1490.20    130.060    124.025 0.0000e+00
    331.971  36.621368     8.7443    334.683       3146 5.0561e-02    155.522    3.57569 1.0000e-12     0.0001     0.0002     0.0505     1.3734     0.0022     0.0002  1028.3176    26.8047    331.969    6.51620     8.7085    34.5408    1490.20    130.071    124.034 0.0000e+00
    332.111  36.619340     8.7424    334.850       3147 5.0679e-02    155.558    3.57652 1.0000e-12     0.0001     0.0002     0.0506     1.3734     0.0022     0.0002  1028.3184    26.8047    332.134    6.51649     8.7066    34.5405    1490.19    130.071    124.033 0.0000e+00
    332.250  36.617409     8.7400    334.955       3148 5.0776e-02    155.598    3.57745 1.0000e-12     0.0001     0.0001     0.0507     1.3735     0.0022     0.0002  1028.3194    26.8053    332.238    6.51683     8.7042    34.5407    1490.19    130.016    123.978 0.0000e+00
    332.386  36.615637     8.7380    335.143       3149 5.0798e-02    155.625    3.57806 1.0000e-12     0.0001     0.0001     0.0508     1.3736     0.0023     0.0002  1028.3206    26.8056    332.425    6.51713     8.7022    34.5407    1490.18    129.989    123.948 0.0000e+00
    332.516  36.614213     8.7364    335.269       3150 5.0735e-02    155.631    3.57820 1.0000e-12     0.0001     0.0001     0.0507     1.3736     0.0023     0.0002  1028.3214    26.8059    332.549    6.51736     8.7006    34.5407    1490.18    129.967    123.924 0.0000e+00
    332.640  36.613230     8.7354    335.352       3151 5.0570e-02    155.620    3.57795 1.0000e-12     0.0001     0.0001     0.0505     1.3736     0.0023     0.0003  1028.3219    26.8060    332.632    6.51751     8.6995    34.5406    1490.17    129.960    123.917 0.0000e+00
    332.760  36.612631     8.7350    335.519       3152 5.0325e-02    155.603    3.57756 1.0000e-12     0.0002     0.0001     0.0503     1.3736     0.0023     0.0003  1028.3225    26.8058    332.797    6.51759     8.6991    34.5403    1490.18    129.980    123.934 0.0000e+00
    332.876  36.612292     8.7348    335.603       3153 5.0021e-02    155.598    3.57744 1.0000e-12     0.0002     0.0001     0.0500     1.3736     0.0024     0.0004  1028.3227    26.8057    332.880    6.51762     8.6989    34.5401    1490.18    129.994    123.946 0.0000e+00
    332.987  36.612071     8.7345    335.729       3154 4.9730e-02    155.597    3.57741 1.0000e-12     0.0002     0.0002     0.0497     1.3736     0.0024     0.0004  1028.3233    26.8057    333.005    6.51767     8.6986    34.5401    1490.18    129.991    123.942 0.0000e+00
    333.096  36.611876     8.7345    335.813       3155 4.9654e-02    155.584    3.57713 1.0000e-12     0.0002     0.0002     0.0497     1.3736     0.0024     0.0004  1028.3235    26.8055    333.089    6.51768     8.6986    34.5398    1490.18    130.011    123.960 0.0000e+00
    333.205  36.611672     8.7345    335.938       3156 4.9788e-02    155.568    3.57676 1.0000e-12     0.0002     0.0002     0.0498     1.3736     0.0024     0.0004  1028.3239    26.8053    333.213    6.51769     8.6986    34.5396    1490.18    130.033    123.980 0.0000e+00
    333.315  36.611421     8.7344    336.022       3157 4.9872e-02    155.562    3.57663 1.0000e-12     0.0002     0.0002     0.0499     1.3736     0.0024     0.0004  1028.3241    26.8052    333.296    6.51771     8.6985    34.5394    1490.18    130.048    123.994 0.0000e+00
    333.430  36.611055     8.7344    336.105       3158 4.9787e-02    155.562    3.57663 1.0000e-12     0.0002     0.0002     0.0498     1.3736     0.0024     0.0004  1028.3242    26.8048    333.378    6.51773     8.6985    34.5389    1490.18    130.081    124.025 0.0000e+00
    333.553  36.610477     8.7342    336.273       3159 4.9622e-02    155.556    3.57649 1.0000e-12     0.0002     0.0001     0.0496     1.3735     0.0024     0.0004  1028.3246    26.8045    333.545    6.51778     8.6983    34.5385    1490.18    130.117    124.059 0.0000e+00
    333.685  36.609587     8.7341    336.356       3160 4.9454e-02    155.544    3.57620 1.0000e-12     0.0002     0.0001     0.0495     1.3735     0.0024     0.0004  1028.3243    26.8038    333.627    6.51783     8.6981    34.5376    1490.18    130.182    124.123 0.0000e+00
    333.830  36.608233     8.7338    336.461       3161 4.9285e-02    155.529    3.57585 1.0000e-12     0.0002     0.0001     0.0493     1.3734     0.0023     0.0003  1028.3239    26.8029    333.731    6.51792     8.6978    34.5364    1490.18    130.267    124.206 0.0000e+00
    333.993  36.606089     8.7328    336.691       3162 4.9147e-02    155.526    3.57579 1.0000e-12     0.0002     0.0001     0.0492     1.3734     0.0023     0.0003  1028.3240    26.8020    333.959    6.51813     8.6968    34.5350    1490.18    130.358    124.294 0.0000e+00
    334.170  36.602810     8.7306    336.838       3163 4.9068e-02    155.558    3.57651 1.0000e-12     0.0002     0.0002     0.0491     1.3735     0.0024     0.0003  1028.3240    26.8013    334.104    6.51851     8.6946    34.5336    1490.17    130.428    124.363 0.0000e+00
    334.359  36.598164     8.7287    337.068       3164 4.9053e-02    155.633    3.57822 1.0000e-12     0.0002     0.0002     0.0490     1.3737     0.0024     0.0003  1028.3229    26.7991    334.332    6.51892     8.6927    34.5305    1490.17    130.635    124.569 0.0000e+00
    334.559  36.591619     8.7247    337.256       3165 4.9051e-02    155.753    3.58098 1.0000e-12     0.0002     0.0002     0.0490     1.3740     0.0024     0.0003  1028.3220    26.7973    334.519    6.51964     8.6887    34.5274    1490.15    130.804    124.738 0.0000e+00
    334.764  36.582299     8.7143    337.528       3166 4.9079e-02    155.911    3.58460 1.0000e-12     0.0001     0.0002     0.0491     1.3744     0.0024     0.0004  1028.3250    26.7991    334.788    6.52115     8.6783    34.5276    1490.12    130.633    124.569 0.0000e+00
    334.968  36.570312     8.6990    337.716       3167 4.9239e-02    156.083    3.58854 1.0000e-12     0.0001     0.0002     0.0492     1.3747     0.0024     0.0004  1028.3301    26.8032    334.975    6.52331     8.6630    34.5298    1490.07    130.238    124.178 0.0000e+00
    335.166  36.557391     8.6847    337.967       3168 4.9442e-02    156.236    3.59204 1.0000e-12     0.0001     0.0002     0.0494     1.3749     0.0023     0.0004  1028.3337    26.8056    335.223    6.52540     8.6487    34.5300    1490.02    130.006    123.950 0.0000e+00
    335.355  36.545208     8.6708    338.134       3169 4.9549e-02    156.346    3.59457 1.0000e-12     0.0001     0.0002     0.0495     1.3750     0.0023     0.0004  1028.3373    26.8083    335.389    6.52742     8.6348    34.5306    1489.97    129.747    123.696 0.0000e+00
    335.531  36.534487     8.6581    338.344       3170 4.9529e-02    156.409    3.59604 1.0000e-12     0.0001     0.0003     0.0495     1.3751     0.0022     0.0004  1028.3411    26.8110    335.597    6.52925     8.6221    34.5316    1489.93    129.483    123.435 0.0000e+00
    335.693  36.525840     8.6489    338.511       3171 4.9354e-02    156.427    3.59645 1.0000e-12     0.0001     0.0003     0.0493     1.3751     0.0022     0.0004  1028.3431    26.8123    335.763    6.53061     8.6129    34.5314    1489.89    129.360    123.315 0.0000e+00
    335.842  36.519643     8.6437    338.594       3172 4.9100e-02    156.398    3.59581 1.0000e-12     0.0001     0.0002     0.0491     1.3750     0.0022     0.0004  1028.3432    26.8119    335.845    6.53144     8.6077    34.5299    1489.87    129.392    123.350 0.0000e+00
    335.984  36.515501     8.6406    338.762       3173 4.8923e-02    156.337    3.59442 1.0000e-12     0.0001     0.0002     0.0489     1.3749     0.0022     0.0004  1028.3433    26.8113    336.011    6.53196     8.6046    34.5285    1489.86    129.453    123.409 0.0000e+00
    336.125  36.512626     8.6385    338.845       3174 4.8878e-02    156.270    3.59288 1.0000e-12     0.0001     0.0002     0.0489     1.3748     0.0022     0.0004  1028.3433    26.8108    336.094    6.53231     8.6025    34.5275    1489.86    129.497    123.454 0.0000e+00
    336.269  36.510468     8.6368    339.013       3175 4.8958e-02    156.229    3.59195 1.0000e-12     0.0001     0.0002     0.0490     1.3748     0.0022     0.0004  1028.3438    26.8106    336.260    6.53259     8.6008    34.5268    1489.85    129.526    123.481 0.0000e+00
    336.415  36.508831     8.6357    339.180       3176 4.9144e-02    156.227    3.59190 1.0000e-12     0.0002     0.0002     0.0492     1.3749     0.0022     0.0004  1028.3441    26.8102    336.426    6.53278     8.5997    34.5260    1489.85    129.566    123.519 0.0000e+00
    336.561  36.507535     8.6349    339.305       3177 4.9429e-02    156.249    3.59243 1.0000e-12     0.0002     0.0002     0.0494     1.3750     0.0021     0.0004  1028.3443    26.8098    336.549    6.53293     8.5989    34.5254    1489.85    129.603    123.555 0.0000e+00
    336.709  36.506354     8.6339    339.452       3178 4.9702e-02    156.294    3.59345 1.0000e-12     0.0002     0.0001     0.0497     1.3751     0.0021     0.0004  1028.3449    26.8097    336.695    6.53309     8.5979    34.5251    1489.85    129.616    123.565 0.0000e+00
    336.861  36.505167     8.6331    339.598       3179 4.9840e-02    156.369    3.59518 1.0000e-12     0.0002     0.0001     0.0498     1.3752     0.0021     0.0004  1028.3452    26.8094    336.840    6.53323     8.5971    34.5245    1489.84    129.646    123.593 0.0000e+00
    337.015  36.503886     8.6319    339.786       3180 4.9964e-02    156.456    3.59718 1.0000e-12     0.0002     0.0001     0.0500     1.3754     0.0021     0.0004  1028.3461    26.8093    337.026    6.53342     8.5958    34.5243    1489.84    129.650    123.596 0.0000e+00
    337.170  36.502409     8.6309    339.933       3181 5.0049e-02    156.514    3.59853 1.0000e-12     0.0002     0.0002     0.0501     1.3755     0.0021     0.0003  1028.3464    26.8090    337.172    6.53359     8.5948    34.5236    1489.84    129.686    123.629 0.0000e+00
    337.322  36.500667     8.6295    340.100       3182 4.9926e-02    156.538    3.59908 1.0000e-12     0.0002     0.0002     0.0499     1.3755     0.0021     0.0003  1028.3470    26.8088    337.337    6.53382     8.5934    34.5231    1489.84    129.708    123.649 0.0000e+00
    337.475  36.498578     8.6281    340.205       3183 4.9769e-02    156.550    3.59935 1.0000e-12     0.0002     0.0002     0.0498     1.3755     0.0022     0.0003  1028.3470    26.8083    337.441    6.53407     8.5920    34.5222    1489.83    129.754    123.695 0.0000e+00
    337.631  36.496002     8.6262    340.393       3184 4.9797e-02    156.563    3.59965 1.0000e-12     0.0002     0.0002     0.0498     1.3756     0.0023     0.0003  1028.3474    26.8079    337.628    6.53439     8.5901    34.5212    1489.83    129.798    123.737 0.0000e+00
    337.789  36.492773     8.6238    340.560       3185 4.9758e-02    156.585    3.60014 1.0000e-12     0.0003     0.0002     0.0498     1.3757     0.0023     0.0003  1028.3476    26.8073    337.793    6.53479     8.5877    34.5201    1489.82    129.849    123.787 0.0000e+00
    337.950  36.488753     8.6197    340.665       3186 4.9413e-02    156.610    3.60072 1.0000e-12     0.0003     0.0002     0.0494     1.3758     0.0023     0.0003  1028.3486    26.8078    337.897    6.53540     8.5836    34.5198    1489.81    129.809    123.748 0.0000e+00
    338.118  36.483979     8.6138    340.874       3187 4.9040e-02    156.638    3.60137 1.0000e-12     0.0003     0.0002     0.0490     1.3759     0.0023     0.0003  1028.3509    26.8092    338.104    6.53625     8.5777    34.5204    1489.79    129.676    123.614 0.0000e+00
    338.293  36.478879     8.6074    341.041       3188 4.8850e-02    156.690    3.60254 1.0000e-12     0.0002     0.0002     0.0488     1.3761     0.0023     0.0002  1028.3533    26.8108    338.270    6.53716     8.5713    34.5212    1489.77    129.523    123.462 0.0000e+00
