inst/extdata/S285_ctd/S285-009-HC.cnv
* Sea-Bird SBE19plus Data File:
* FileName = C:\Data\CTD\Hex\S285-009-HC.hex
* Software Version 1.25
* Temperature SN =  7706
* Conductivity SN =  7706
* System UpLoad Time = Apr 05 2019 16:24:13
** StationS285-009-HC
** UTC (Time)10:11
** Latitude:44 06.7'S
** Longitude:177 33.4'W
** Bottom Depth [m]463
** Chief ScientistBen Harden
** General Locale
** Carousel - SN:7706
** Voltage Channels:	Instrument Name:	Instrument SN:
** Voltage 0	Free	x
** Voltage 1	Free	x
** Voltage 2	Seapoint Chl-a	SCF3735
** Voltage 3	Dissolved O2	3329
** Voltage 4	Par	70623
** Voltage 5	Free	X
** 
# nquan = 25                                
# nvalues = 7067                        
# units = specified
# name 0 = depSM: Depth [salt water, m]
# name 1 = c0mS/cm: Conductivity [mS/cm]
# name 2 = tv290C: Temperature [ITS-90, deg C]
# name 3 = prdM: Pressure, Strain Gauge [db]
# name 4 = scan: Scan Count
# name 5 = flSP: Fluorescence, Seapoint
# name 6 = sbeox0Mm/Kg: Oxygen, SBE 43 [umol/Kg]
# name 7 = sbeox0ML/L: Oxygen, SBE 43 [ml/l]
# name 8 = par: PAR/Irradiance, Biospherical/Licor
# name 9 = v0: Voltage 0
# name 10 = v1: Voltage 1
# name 11 = v2: Voltage 2
# name 12 = v3: Voltage 3
# name 13 = v4: Voltage 4
# name 14 = v5: Voltage 5
# name 15 = density00: Density [density, Kg/m^3]
# name 16 = sigma-é00: Density [sigma-theta, Kg/m^3]
# name 17 = depSM: Depth [salt water, m], lat = -36
# name 18 = oxsatML/L: Oxygen Saturation [ml/l]
# name 19 = potemp090C: Potential Temperature [ITS-90, deg C]
# name 20 = sal00: Salinity [PSU]
# name 21 = svCM: Sound Velocity [Chen-Millero, m/s]
# name 22 = sva: Specific Volume Anomaly [10^-8 * m^3/Kg]
# name 23 = tsa: Thermosteric Anomaly [10^-8 * m^3/Kg]
# name 24 = flag: flag
# span 0 =     -0.056,    392.055       
# span 1 =   0.007554,  45.258047       
# span 2 =     7.9325,    17.3811       
# span 3 =     -0.100,    395.430       
# span 4 =          1,       7067       
# span 5 = 2.2465e-03, 6.7949e-01       
# span 6 =    130.212,    280.213       
# span 7 =    2.98999,    6.43222       
# span 8 = 1.0000e-12, 1.8477e+03       
# span 9 =     0.0000,     0.0004       
# span 10 =     0.0000,     0.0005      
# span 11 =     0.0022,     0.6795      
# span 12 =     1.3423,     2.3359      
# span 13 =     0.0020,     4.3111      
# span 14 =     0.0000,     0.0006      
# span 15 =   999.1894,  1028.6571      
# span 16 =    -0.8103,    26.8642      
# span 17 =     -0.099,    392.166      
# span 18 =    5.42833,    7.13325      
# span 19 =     7.8925,    17.3758      
# span 20 =     0.0101,    35.0533      
# span 21 =    1463.98,    1514.86      
# span 22 =    124.929,   2814.890      
# span 23 =    118.426,   2815.093      
# span 24 = 0.0000e+00, 0.0000e+00      
# interval = seconds: 0.25                        
# start_time = Apr 04 2019 14:09:49
# bad_flag = -9.990e-29
*END*
[from data line 5566]
    108.596  39.979325    12.0443    109.574       5567 1.1652e-01    140.568    3.23093 1.0000e-12     0.0001     0.0002     0.1165     1.3804     0.7051     0.0005  1026.9875    26.4990    108.744    6.04966    12.0300    34.8914    1498.66    155.264    152.764 -9.990e-29
    108.491  39.981117    12.0442    109.470       5568 1.1567e-01    140.565    3.23086 1.0000e-12     0.0001     0.0003     0.1157     1.3804     0.7069     0.0004  1026.9885    26.5005    108.641    6.04960    12.0300    34.8933    1498.66    155.121    152.623 -9.990e-29
    108.349  39.983729    12.0439    109.303       5569 1.1449e-01    140.543    3.23036 1.0000e-12     0.0001     0.0003     0.1145     1.3804     0.7094     0.0004  1026.9901    26.5028    108.476    6.04953    12.0297    34.8962    1498.66    154.898    152.404 -9.990e-29
    108.173  39.987969    12.0432    109.157       5570 1.1313e-01    140.499    3.22934 1.0000e-12     0.0001     0.0003     0.1131     1.3803     0.7129     0.0003  1026.9933    26.5067    108.331    6.04944    12.0290    34.9010    1498.66    154.525    152.034 0.0000e+00
    107.962  39.995282    12.0446    108.906       5571 1.1175e-01    140.435    3.22789 1.0000e-12     0.0002     0.0003     0.1117     1.3802     0.7170     0.0003  1026.9965    26.5110    108.082    6.04903    12.0304    34.9070    1498.66    154.108    151.622 0.0000e+00
    107.722  40.007434    12.0536    108.614       5572 1.1090e-01    140.355    3.22607 1.0000e-12     0.0002     0.0003     0.1109     1.3801     0.7213     0.0004  1026.9962    26.5121    107.792    6.04774    12.0395    34.9105    1498.69    154.005    151.524 0.0000e+00
    107.462  40.025415    12.0722    108.322       5573 1.1021e-01    140.263    3.22397 1.0000e-12     0.0002     0.0003     0.1102     1.3800     0.7261     0.0004  1026.9915    26.5087    107.502    6.04535    12.0581    34.9108    1498.75    154.321    151.845 0.0000e+00
    107.191  40.047811    12.0954    108.051       5574 1.0900e-01    140.161    3.22165 1.0000e-12     0.0002     0.0003     0.1090     1.3799     0.7314     0.0004  1026.9860    26.5044    107.233    6.04238    12.0813    34.9110    1498.83    154.724    152.250 0.0000e+00
    106.915  40.071711    12.1164    107.675       5575 1.0779e-01    140.046    3.21902 1.0000e-12     0.0002     0.0003     0.1078     1.3797     0.7368     0.0004  1026.9832    26.5033    106.860    6.03955    12.1023    34.9148    1498.90    154.822    152.354 0.0000e+00
    106.644  40.095827    12.1368    107.446       5576 1.0698e-01    139.931    3.21640 1.0000e-12     0.0002     0.0003     0.1070     1.3795     0.7420     0.0005  1026.9816    26.5029    106.633    6.03677    12.1227    34.9193    1498.97    154.862    152.396 0.0000e+00
    106.379  40.120462    12.1549    107.174       5577 1.0637e-01    139.829    3.21407 1.0000e-12     0.0002     0.0003     0.1064     1.3794     0.7471     0.0005  1026.9825    26.5050    106.363    6.03419    12.1409    34.9264    1499.03    154.663    152.199 0.0000e+00
    106.121  40.146381    12.1739    106.840       5578 1.0597e-01    139.736    3.21192 1.0000e-12     0.0002     0.0003     0.1060     1.3793     0.7520     0.0005  1026.9832    26.5072    106.032    6.03148    12.1599    34.9340    1499.10    154.447    151.988 0.0000e+00
    105.881  40.175154    12.1999    106.611       5579 1.0661e-01    139.657    3.21010 1.0000e-12     0.0002     0.0002     0.1066     1.3793     0.7566     0.0004  1026.9800    26.5051    105.805    6.02803    12.1859    34.9378    1499.19    154.646    152.187 0.0000e+00
    105.659  40.207065    12.2345    106.402       5580 1.0886e-01    139.598    3.20875 1.0000e-12     0.0003     0.0002     0.1089     1.3793     0.7607     0.0004  1026.9713    26.4974    105.597    6.02367    12.2205    34.9365    1499.30    155.372    152.914 0.0000e+00
    105.456  40.239211    12.2687    106.173       5581 1.1146e-01    139.550    3.20766 1.0000e-12     0.0003     0.0001     0.1115     1.3794     0.7642     0.0004  1026.9631    26.4903    105.370    6.01935    12.2547    34.9359    1499.42    156.048    153.589 0.0000e+00
    105.271  40.268317    12.3010    106.006       5582 1.1264e-01    139.512    3.20679 1.0000e-12     0.0002     0.0001     0.1126     1.3795     0.7671     0.0003  1026.9546    26.4826    105.204    6.01532    12.2870    34.9341    1499.52    156.779    154.320 0.0000e+00
    105.104  40.292405    12.3200    105.839       5583 1.1258e-01    139.485    3.20615 1.0000e-12     0.0002     0.0002     0.1126     1.3797     0.7698     0.0003  1026.9545    26.4833    105.039    6.01269    12.3060    34.9397    1499.59    156.710    154.251 0.0000e+00
    104.954  40.311152    12.3347    105.693       5584 1.1219e-01    139.468    3.20573 1.0000e-12     0.0002     0.0002     0.1122     1.3798     0.7725     0.0003  1026.9545    26.4840    104.894    6.01066    12.3207    34.9443    1499.64    156.648    154.190 0.0000e+00
    104.818  40.326456    12.3505    105.568       5585 1.1151e-01    139.462    3.20556 1.0000e-12     0.0001     0.0003     0.1115     1.3800     0.7752     0.0003  1026.9509    26.4810    104.770    6.00866    12.3365    34.9444    1499.69    156.929    154.472 0.0000e+00
    104.695  40.339114    12.3571    105.443       5586 1.1061e-01    139.458    3.20545 1.0000e-12     0.0001     0.0003     0.1106     1.3801     0.7774     0.0003  1026.9539    26.4845    104.646    6.00759    12.3431    34.9505    1499.72    156.597    154.141 0.0000e+00
    104.582  40.349651    12.3628    105.359       5587 1.0964e-01    139.449    3.20522 1.0000e-12     0.0002     0.0003     0.1096     1.3803     0.7792     0.0003  1026.9562    26.4872    104.562    6.00668    12.3488    34.9555    1499.74    156.339    153.884 0.0000e+00
    104.479  40.360877    12.3759    105.213       5588 1.0901e-01    139.439    3.20498 1.0000e-12     0.0002     0.0002     0.1090     1.3804     0.7808     0.0004  1026.9520    26.4837    104.418    6.00508    12.3620    34.9542    1499.78    156.675    154.221 0.0000e+00
    104.383  40.373632    12.3890    105.192       5589 1.0920e-01    139.435    3.20490 1.0000e-12     0.0001     0.0002     0.1092     1.3806     0.7823     0.0004  1026.9494    26.4812    104.397    6.00341    12.3750    34.9543    1499.83    156.908    154.453 0.0000e+00
    104.292  40.385880    12.3998    105.046       5590 1.0995e-01    139.431    3.20480 1.0000e-12     0.0001     0.0002     0.1099     1.3808     0.7838     0.0004  1026.9480    26.4805    104.252    6.00198    12.3859    34.9562    1499.86    156.971    154.518 0.0000e+00
    104.206  40.396947    12.4102    104.984       5591 1.1086e-01    139.406    3.20421 1.0000e-12     0.0001     0.0003     0.1108     1.3808     0.7849     0.0004  1026.9465    26.4793    104.190    6.00063    12.3963    34.9572    1499.90    157.088    154.634 0.0000e+00
    104.123  40.407331    12.4211    104.942       5592 1.1159e-01    139.355    3.20305 1.0000e-12     0.0001     0.0003     0.1116     1.3808     0.7855     0.0004  1026.9441    26.4771    104.149    5.99926    12.4072    34.9571    1499.94    157.298    154.844 0.0000e+00
    104.039  40.416811    12.4304    104.817       5593 1.1114e-01    139.291    3.20157 1.0000e-12     0.0001     0.0002     0.1111     1.3808     0.7862     0.0004  1026.9421    26.4757    104.025    5.99806    12.4165    34.9576    1499.97    157.428    154.975 0.0000e+00
    103.955  40.424869    12.4364    104.754       5594 1.0947e-01    139.224    3.20003 1.0000e-12     0.0001     0.0002     0.1095     1.3807     0.7871     0.0004  1026.9424    26.4763    103.962    5.99722    12.4225    34.9599    1499.99    157.375    154.923 0.0000e+00
    103.870  40.431760    12.4436    104.670       5595 1.0787e-01    139.170    3.19876 1.0000e-12     0.0001     0.0002     0.1079     1.3807     0.7879     0.0004  1026.9406    26.4748    103.879    5.99631    12.4297    34.9599    1500.01    157.509    155.058 0.0000e+00
    103.783  40.437974    12.4494    104.566       5596 1.0679e-01    139.137    3.19801 1.0000e-12     0.0001     0.0003     0.1068     1.3808     0.7889     0.0004  1026.9395    26.4742    103.776    5.99556    12.4355    34.9605    1500.03    157.567    155.118 0.0000e+00
    103.698  40.443296    12.4538    104.483       5597 1.0571e-01    139.122    3.19766 1.0000e-12     0.0001     0.0003     0.1057     1.3809     0.7905     0.0004  1026.9391    26.4742    103.693    5.99496    12.4399    34.9616    1500.04    157.568    155.120 0.0000e+00
    103.613  40.447741    12.4570    104.420       5598 1.0482e-01    139.125    3.19770 1.0000e-12     0.0001     0.0003     0.1048     1.3810     0.7926     0.0003  1026.9392    26.4746    103.631    5.99451    12.4431    34.9629    1500.06    157.528    155.081 0.0000e+00
    103.523  40.451706    12.4603    104.358       5599 1.0489e-01    139.140    3.19805 1.0000e-12     0.0001     0.0003     0.1049     1.3811     0.7947     0.0003  1026.9389    26.4746    103.569    5.99406    12.4464    34.9637    1500.07    157.531    155.084 0.0000e+00
    103.421  40.455462    12.4641    104.274       5600 1.0529e-01    139.161    3.19853 1.0000e-12     0.0001     0.0003     0.1053     1.3812     0.7963     0.0003  1026.9378    26.4739    103.486    5.99358    12.4502    34.9638    1500.08    157.591    155.146 0.0000e+00
    103.300  40.459002    12.4666    104.232       5601 1.0543e-01    139.184    3.19906 1.0000e-12     0.0001     0.0003     0.1054     1.3813     0.7970     0.0003  1026.9380    26.4743    103.444    5.99322    12.4527    34.9649    1500.09    157.555    155.111 0.0000e+00
    103.150  40.462410    12.4679    104.024       5602 1.0599e-01    139.205    3.19954 1.0000e-12     0.0001     0.0003     0.1060     1.3815     0.7977     0.0003  1026.9385    26.4757    103.238    5.99298    12.4540    34.9671    1500.09    157.415    154.975 0.0000e+00
    102.975  40.466257    12.4686    103.857       5603 1.0660e-01    139.221    3.19990 1.0000e-12     0.0001     0.0002     0.1066     1.3816     0.7997     0.0004  1026.9401    26.4780    103.072    5.99277    12.4548    34.9702    1500.09    157.193    154.757 0.0000e+00
    102.773  40.471474    12.4698    103.711       5604 1.0653e-01    139.224    3.19996 1.0000e-12     0.0001     0.0002     0.1065     1.3817     0.8030     0.0004  1026.9423    26.4808    102.927    5.99247    12.4560    34.9742    1500.10    156.919    154.486 0.0000e+00
    102.538  40.479280    12.4747    103.439       5605 1.0542e-01    139.196    3.19934 1.0000e-12     0.0001     0.0002     0.1054     1.3817     0.8071     0.0003  1026.9425    26.4823    102.657    5.99174    12.4609    34.9773    1500.12    156.777    154.350 0.0000e+00
    102.270  40.490430    12.4843    103.189       5606 1.0337e-01    139.136    3.19796 1.0000e-12     0.0002     0.0002     0.1034     1.3816     0.8118     0.0003  1026.9409    26.4819    102.409    5.99046    12.4705    34.9792    1500.15    156.809    154.387 0.0000e+00
    101.969  40.504619    12.4969    102.876       5607 1.0112e-01    139.058    3.19619 1.0000e-12     0.0002     0.0002     0.1011     1.3815     0.8173     0.0002  1026.9387    26.4810    102.099    5.98879    12.4832    34.9813    1500.19    156.884    154.467 0.0000e+00
    101.641  40.521088    12.5107    102.438       5608 9.9068e-02    138.977    3.19434 1.0000e-12     0.0002     0.0002     0.0991     1.3814     0.8229     0.0002  1026.9365    26.4808    101.664    5.98694    12.4970    34.9846    1500.23    156.894    154.486 0.0000e+00
    101.300  40.539312    12.5278    102.104       5609 9.7558e-02    138.894    3.19244 1.0000e-12     0.0001     0.0002     0.0976     1.3814     0.8284     0.0002  1026.9330    26.4789    101.333    5.98472    12.5141    34.9864    1500.28    157.075    154.672 0.0000e+00
    100.953  40.558879    12.5501    101.728       5610 9.7104e-02    138.815    3.19064 1.0000e-12     0.0001     0.0002     0.0971     1.3814     0.8341     0.0002  1026.9256    26.4731    100.960    5.98198    12.5365    34.9846    1500.35    157.612    155.216 0.0000e+00
    100.609  40.578394    12.5723    101.290       5611 9.7657e-02    138.747    3.18907 1.0000e-12     0.0001     0.0003     0.0977     1.3814     0.8398     0.0002  1026.9179    26.4675    100.525    5.97926    12.5587    34.9830    1500.42    158.141    155.753 0.0000e+00
    100.281  40.595431    12.5896    100.935       5612 9.8582e-02    138.691    3.18778 1.0000e-12     0.0001     0.0003     0.0986     1.3814     0.8450     0.0002  1026.9132    26.4644    100.173    5.97707    12.5761    34.9834    1500.47    158.423    156.042 0.0000e+00
     99.983  40.608534    12.6024    100.580       5613 9.8872e-02    138.650    3.18682 1.0000e-12     0.0001     0.0002     0.0988     1.3814     0.8496     0.0003  1026.9098    26.4626     99.821    5.97543    12.5889    34.9843    1500.51    158.592    156.218 0.0000e+00
     99.722  40.618022    12.6115    100.309       5614 9.8056e-02    138.625    3.18623 1.0000e-12     0.0001     0.0002     0.0980     1.3815     0.8535     0.0003  1026.9074    26.4614     99.552    5.97426    12.5980    34.9851    1500.53    158.699    156.330 0.0000e+00
     99.506  40.624653    12.6185    100.038       5615 9.6793e-02    138.621    3.18611 1.0000e-12     0.0001     0.0002     0.0968     1.3816     0.8567     0.0003  1026.9048    26.4600     99.283    5.97339    12.6051    34.9851    1500.55    158.825    156.462 0.0000e+00
     99.341  40.628785    12.6226     99.913       5616 9.6005e-02    138.628    3.18626 1.0001e-12     0.0001     0.0002     0.0960     1.3817     0.8593     0.0003  1026.9036    26.4593     99.159    5.97287    12.6092    34.9853    1500.57    158.883    156.523 0.0000e+00
     99.222  40.630655    12.6243     99.808       5617 9.6314e-02    138.640    3.18652 1.0001e-12     0.0001     0.0002     0.0963     1.3818     0.8611     0.0004  1026.9030    26.4592     99.055    5.97264    12.6109    34.9856    1500.57    158.893    156.535 0.0000e+00
     99.147  40.630780    12.6254     99.725       5618 9.7001e-02    138.655    3.18685 1.0002e-12     0.0001     0.0002     0.0970     1.3819     0.8625     0.0004  1026.9017    26.4583     98.972    5.97254    12.6120    34.9847    1500.57    158.975    156.619 0.0000e+00
     99.113  40.629850    12.6258     99.725       5619 9.6973e-02    138.670    3.18718 1.0004e-12     0.0002     0.0001     0.0970     1.3819     0.8635     0.0004  1026.9006    26.4573     98.972    5.97254    12.6124    34.9834    1500.57    159.076    156.720 -9.990e-29
     99.113  40.628318    12.6252     99.767       5620 9.6945e-02    138.692    3.18769 1.0006e-12     0.0002     0.0001     0.0969     1.3820     0.8643     0.0004  1026.9002    26.4566     99.014    5.97265    12.6118    34.9825    1500.57    159.134    156.778 -9.990e-29
     99.140  40.626452    12.6244     99.808       5621 9.7668e-02    138.716    3.18824 1.0010e-12     0.0003     0.0001     0.0976     1.3821     0.8649     0.0004  1026.8997    26.4560     99.055    5.97279    12.6110    34.9814    1500.56    159.199    156.841 -9.990e-29
     99.185  40.624692    12.6237     99.913       5622 9.8364e-02    138.723    3.18838 1.0017e-12     0.0003     0.0001     0.0983     1.3821     0.8652     0.0004  1026.8995    26.4553     99.159    5.97291    12.6103    34.9803    1500.56    159.268    156.908 -9.990e-29
     99.239  40.623376    12.6232     99.996       5623 9.8723e-02    138.718    3.18826 1.0028e-12     0.0003     0.0001     0.0987     1.3821     0.8654     0.0005  1026.8993    26.4547     99.241    5.97301    12.6098    34.9795    1500.56    159.323    156.961 -9.990e-29
