inst/extdata/S285_ctd/S285-017-HC.cnv
* Sea-Bird SBE19plus Data File:
* FileName = C:\Data\CTD\Hex\S285-017-HC.hex
* Software Version 1.25
* Temperature SN =  7706
* Conductivity SN =  7706
* System UpLoad Time = Apr 10 2019 03:20:07
** StationS285-017-HC
** UTC (Time)09:22
** Latitude:38 58.5'S
** Longitude:174 18.4'W 
** Bottom Depth [m]5187
** Chief ScientistBen Harden 
** General Locale
** Carousel - SN:7706
** Voltage Channels:	Instrument Name:	Instrument SN:
** Voltage 0	Free	x
** Voltage 1	Free	x
** Voltage 2	Seapoint Chl-a	SCF3735
** Voltage 3	Dissolved O2	3329
** Voltage 4	Par	70623
** Voltage 5	Free	X
** 
# nquan = 25                                
# nvalues = 8971                        
# units = specified
# name 0 = depSM: Depth [salt water, m]
# name 1 = c0mS/cm: Conductivity [mS/cm]
# name 2 = tv290C: Temperature [ITS-90, deg C]
# name 3 = prdM: Pressure, Strain Gauge [db]
# name 4 = scan: Scan Count
# name 5 = flSP: Fluorescence, Seapoint
# name 6 = sbeox0Mm/Kg: Oxygen, SBE 43 [umol/Kg]
# name 7 = sbeox0ML/L: Oxygen, SBE 43 [ml/l]
# name 8 = par: PAR/Irradiance, Biospherical/Licor
# name 9 = v0: Voltage 0
# name 10 = v1: Voltage 1
# name 11 = v2: Voltage 2
# name 12 = v3: Voltage 3
# name 13 = v4: Voltage 4
# name 14 = v5: Voltage 5
# name 15 = density00: Density [density, Kg/m^3]
# name 16 = sigma-é00: Density [sigma-theta, Kg/m^3]
# name 17 = depSM: Depth [salt water, m], lat = -36
# name 18 = oxsatML/L: Oxygen Saturation [ml/l]
# name 19 = potemp090C: Potential Temperature [ITS-90, deg C]
# name 20 = sal00: Salinity [PSU]
# name 21 = svCM: Sound Velocity [Chen-Millero, m/s]
# name 22 = sva: Specific Volume Anomaly [10^-8 * m^3/Kg]
# name 23 = tsa: Thermosteric Anomaly [10^-8 * m^3/Kg]
# name 24 = flag: flag
# span 0 =     -0.132,    385.714       
# span 1 =   0.000439,  48.045872       
# span 2 =     8.7698,    19.7208       
# span 3 =     -0.199,    389.104       
# span 4 =          1,       8971       
# span 5 = 4.7070e-02, 5.0115e-01       
# span 6 =    118.261,    254.328       
# span 7 =    2.71444,    5.83729       
# span 8 = 1.0000e-12, 1.8391e-01       
# span 9 =     0.0000,     0.0004       
# span 10 =     0.0000,     0.0005      
# span 11 =     0.0470,     0.5012      
# span 12 =     1.3041,     2.1857      
# span 13 =     0.0019,     1.0016      
# span 14 =     0.0000,     0.0006      
# span 15 =   998.6480,  1028.5816      
# span 16 =    -1.3514,    26.8241      
# span 17 =     -0.198,    385.898      
# span 18 =    5.18212,    6.75121      
# span 19 =     8.7280,    19.7146      
# span 20 =     0.0090,    35.4051      
# span 21 =    1472.85,    1521.99      
# span 22 =    129.355,   2869.123      
# span 23 =    122.285,   2869.326      
# span 24 = 0.0000e+00, 0.0000e+00      
# interval = seconds: 0.25                        
# start_time = Apr 10 2019 02:19:48
# bad_flag = -9.990e-29
*END*
[from data line 290]
     -0.120   0.139777    17.7542     -0.115        291 7.4742e-02    159.704    3.57136 1.0000e-12     0.0002     0.0002     0.0747     1.4077     0.0026     0.0002   998.7023    -1.2971     -0.114    6.64471    17.7542     0.0791    1475.34   2863.678   2863.880 -9.990e-29
     -0.117   0.139870    17.7557     -0.136        292 7.4621e-02    159.710    3.57150 1.0000e-12     0.0002     0.0002     0.0746     1.4077     0.0028     0.0002   998.7020    -1.2974     -0.135    6.64450    17.7557     0.0792    1475.35   2863.702   2863.904 -9.990e-29
     -0.113   0.140390    17.7572     -0.094        293 7.4490e-02    159.713    3.57157 1.0000e-12     0.0002     0.0002     0.0745     1.4077     0.0031     0.0002   998.7022    -1.2974     -0.093    6.64428    17.7572     0.0794    1475.35   2863.707   2863.910 -9.990e-29
     -0.110   0.141334    17.7584     -0.116        294 7.4433e-02    159.709    3.57147 1.0000e-12     0.0002     0.0003     0.0745     1.4077     0.0038     0.0002   998.7022    -1.2972     -0.115    6.64410    17.7584     0.0800    1475.36   2863.690   2863.892 -9.990e-29
     -0.107   0.142804    17.7598     -0.116        295 7.4510e-02    159.691    3.57107 1.0000e-12     0.0002     0.0003     0.0745     1.4077     0.0048     0.0002   998.7026    -1.2969     -0.115    6.64387    17.7598     0.0808    1475.36   2863.654   2863.856 -9.990e-29
     -0.103   0.144949    17.7611     -0.095        296 7.4671e-02    159.656    3.57029 1.0000e-12     0.0002     0.0003     0.0747     1.4076     0.0065     0.0002   998.7033    -1.2962     -0.094    6.64365    17.7611     0.0819    1475.37   2863.587   2863.790 -9.990e-29
     -0.101   0.148033    17.7626     -0.094        297 7.4794e-02    159.613    3.56933 1.0000e-12     0.0002     0.0003     0.0748     1.4075     0.0094     0.0003   998.7044    -1.2952     -0.093    6.64338    17.7626     0.0836    1475.38   2863.485   2863.688 -9.990e-29
     -0.099   0.152334    17.7643     -0.115        298 7.4854e-02    159.592    3.56887 1.0000e-12     0.0001     0.0002     0.0748     1.4075     0.0142     0.0003   998.7058    -1.2937     -0.114    6.64305    17.7643     0.0859    1475.38   2863.335   2863.538 -9.990e-29
     -0.096   0.157890    17.7658     -0.094        299 7.4885e-02    159.602    3.56910 1.0000e-12     0.0001     0.0002     0.0749     1.4076     0.0223     0.0004   998.7079    -1.2916     -0.093    6.64272    17.7658     0.0890    1475.39   2863.128   2863.331 -9.990e-29
     -0.091   0.164574    17.7674     -0.094        300 7.4936e-02    159.620    3.56952 1.0000e-12     0.0001     0.0002     0.0749     1.4077     0.0358     0.0004   998.7104    -1.2891     -0.093    6.64236    17.7674     0.0926    1475.40   2862.875   2863.078 -9.990e-29
     -0.089   0.172304    17.7692     -0.053        301 7.4921e-02    159.637    3.56990 1.0000e-12     0.0001     0.0001     0.0749     1.4078     0.0583     0.0003   998.7136    -1.2862     -0.053    6.64194    17.7692     0.0969    1475.41   2862.580   2862.784 -9.990e-29
     -0.090   0.180871    17.7709     -0.115        302 7.4727e-02    159.652    3.57026 1.0000e-12     0.0001     0.0001     0.0747     1.4079     0.0957     0.0003   998.7166    -1.2829     -0.114    6.64152    17.7709     0.1016    1475.42   2862.248   2862.451 -9.990e-29
     -0.092   0.189875    17.7725     -0.074        303 7.4450e-02    159.661    3.57046 1.0000e-12     0.0001     0.0001     0.0745     1.4079     0.1581     0.0003   998.7203    -1.2793     -0.073    6.64110    17.7725     0.1066    1475.44   2861.894   2862.097 -9.990e-29
     -0.095   0.198666    17.7741     -0.074        304 7.4266e-02    159.657    3.57039 1.0000e-12     0.0001     0.0001     0.0743     1.4079     0.2428     0.0002   998.7238    -1.2759     -0.073    6.64069    17.7741     0.1114    1475.45   2861.548   2861.751 -9.990e-29
     -0.102   0.206496    17.7750     -0.116        305 7.4208e-02    159.638    3.56998 1.0000e-12     0.0001     0.0001     0.0742     1.4079     0.3213     0.0002   998.7268    -1.2727     -0.115    6.64039    17.7750     0.1158    1475.46   2861.230   2861.433 -9.990e-29
     -0.108   0.212713    17.7760     -0.116        306 7.4193e-02    159.605    3.56925 1.0000e-12     0.0002     0.0002     0.0742     1.4078     0.3687     0.0002   998.7292    -1.2702     -0.115    6.64011    17.7760     0.1192    1475.46   2860.982   2861.185 -9.990e-29
     -0.110   0.216657    17.7770     -0.158        307 7.4212e-02    159.575    3.56857 1.0000e-12     0.0002     0.0002     0.0742     1.4078     0.3824     0.0002   998.7305    -1.2687     -0.157    6.63989    17.7770     0.1214    1475.47   2860.832   2861.034 -9.990e-29
     -0.107   0.217951    17.7776     -0.095        308 7.4230e-02    159.568    3.56841 1.0000e-12     0.0002     0.0002     0.0743     1.4078     0.3631     0.0002   998.7313    -1.2683     -0.094    6.63978    17.7776     0.1221    1475.47   2860.787   2860.990 -9.990e-29
     -0.102   0.216729    17.7781     -0.095        309 7.4186e-02    159.576    3.56859 1.0000e-12     0.0002     0.0001     0.0742     1.4079     0.3188     0.0002   998.7307    -1.2689     -0.094    6.63974    17.7781     0.1214    1475.47   2860.848   2861.051 -9.990e-29
     -0.101   0.213493    17.7783     -0.074        310 7.4165e-02    159.576    3.56859 1.0000e-12     0.0002     0.0001     0.0742     1.4079     0.2546     0.0002   998.7293    -1.2703     -0.073    6.63978    17.7783     0.1196    1475.47   2860.991   2861.194 -9.990e-29
     -0.103   0.209154    17.7790     -0.116        311 7.4196e-02    159.572    3.56851 1.0000e-12     0.0002     0.0001     0.0742     1.4078     0.1757     0.0002   998.7272    -1.2723     -0.115    6.63978    17.7790     0.1172    1475.47   2861.190   2861.393 -9.990e-29
     -0.105   0.204562    17.7801     -0.116        312 7.4171e-02    159.576    3.56857 1.0000e-12     0.0002     0.0001     0.0741     1.4078     0.1120     0.0003   998.7250    -1.2745     -0.115    6.63973    17.7801     0.1147    1475.47   2861.407   2861.610 -9.990e-29
     -0.105   0.200139    17.7809     -0.095        313 7.4098e-02    159.577    3.56859 1.0000e-12     0.0002     0.0001     0.0741     1.4078     0.0775     0.0003   998.7231    -1.2765     -0.094    6.63972    17.7809     0.1122    1475.47   2861.611   2861.814 -9.990e-29
     -0.107   0.196217    17.7817     -0.095        314 7.4008e-02    159.570    3.56843 1.0000e-12     0.0001     0.0001     0.0740     1.4078     0.0632     0.0003   998.7212    -1.2783     -0.094    6.63970    17.7817     0.1100    1475.47   2861.793   2861.996 -9.990e-29
     -0.111   0.192965    17.7823     -0.116        315 7.3884e-02    159.553    3.56805 1.0000e-12     0.0001     0.0001     0.0739     1.4077     0.0652     0.0003   998.7196    -1.2798     -0.115    6.63969    17.7823     0.1082    1475.47   2861.944   2862.146 -9.990e-29
     -0.115   0.190326    17.7834     -0.116        316 7.3859e-02    159.529    3.56750 1.0000e-12     0.0001     0.0002     0.0739     1.4077     0.0840     0.0003   998.7183    -1.2812     -0.115    6.63959    17.7834     0.1068    1475.47   2862.077   2862.279 -9.990e-29
     -0.116   0.188200    17.7842     -0.158        317 7.3988e-02    159.508    3.56702 1.0000e-12     0.0001     0.0002     0.0740     1.4076     0.1246     0.0003   998.7171    -1.2822     -0.157    6.63953    17.7842     0.1056    1475.47   2862.183   2862.385 -9.990e-29
     -0.112   0.186513    17.7850     -0.116        318 7.4138e-02    159.492    3.56666 1.0000e-12     0.0001     0.0002     0.0741     1.4076     0.1979     0.0003   998.7164    -1.2831     -0.115    6.63946    17.7850     0.1047    1475.47   2862.269   2862.471 -9.990e-29
     -0.106   0.185227    17.7859     -0.095        319 7.4247e-02    159.469    3.56616 1.0000e-12     0.0001     0.0002     0.0742     1.4075     0.2929     0.0003   998.7158    -1.2838     -0.094    6.63936    17.7859     0.1040    1475.48   2862.340   2862.543 -9.990e-29
     -0.102   0.184250    17.7868     -0.095        320 7.4277e-02    159.445    3.56561 1.0000e-12     0.0001     0.0001     0.0743     1.4074     0.3714     0.0003   998.7152    -1.2844     -0.094    6.63926    17.7868     0.1034    1475.48   2862.398   2862.601 -9.990e-29
     -0.100   0.183451    17.7877     -0.095        321 7.4252e-02    159.438    3.56546 1.0000e-12     0.0001     0.0001     0.0743     1.4074     0.4195     0.0003   998.7147    -1.2849     -0.094    6.63915    17.7877     0.1030    1475.48   2862.449   2862.652 -9.990e-29
     -0.099   0.182711    17.7885     -0.095        322 7.4201e-02    159.456    3.56585 1.0000e-12     0.0001     0.0002     0.0742     1.4075     0.4483     0.0002   998.7142    -1.2853     -0.094    6.63906    17.7885     0.1026    1475.48   2862.495   2862.698 -9.990e-29
     -0.099   0.182070    17.7893     -0.115        323 7.4115e-02    159.482    3.56643 1.0000e-12     0.0001     0.0002     0.0741     1.4076     0.4654     0.0002   998.7137    -1.2857     -0.114    6.63896    17.7893     0.1022    1475.49   2862.537   2862.740 -9.990e-29
     -0.098   0.181613    17.7904     -0.074        324 7.4105e-02    159.498    3.56678 1.0000e-12     0.0002     0.0003     0.0741     1.4076     0.4755     0.0002   998.7135    -1.2861     -0.073    6.63882    17.7904     0.1020    1475.49   2862.577   2862.780 -9.990e-29
     -0.100   0.181362    17.7914     -0.094        325 7.4217e-02    159.499    3.56680 1.0000e-12     0.0002     0.0003     0.0742     1.4076     0.4818     0.0002   998.7131    -1.2864     -0.093    6.63869    17.7914     0.1018    1475.49   2862.606   2862.809 -9.990e-29
     -0.105   0.181288    17.7925     -0.094        326 7.4345e-02    159.495    3.56671 1.0000e-12     0.0002     0.0003     0.0744     1.4075     0.4850     0.0002   998.7129    -1.2867     -0.093    6.63854    17.7925     0.1018    1475.50   2862.629   2862.832 -9.990e-29
     -0.112   0.181189    17.7935     -0.115        327 7.4298e-02    159.487    3.56653 1.0000e-12     0.0002     0.0003     0.0743     1.4075     0.4846     0.0002   998.7126    -1.2869     -0.114    6.63841    17.7935     0.1017    1475.50   2862.652   2862.855 -9.990e-29
     -0.118   0.181073    17.7921     -0.136        328 7.4090e-02    159.472    3.56620 1.0000e-12     0.0003     0.0003     0.0741     1.4075     0.4796     0.0003   998.7127    -1.2867     -0.135    6.63860    17.7921     0.1017    1475.49   2862.632   2862.834 -9.990e-29
     -0.121   0.181251    17.7902     -0.136        329 7.3986e-02    159.470    3.56617 1.0000e-12     0.0003     0.0002     0.0740     1.4075     0.4683     0.0003   998.7131    -1.2863     -0.135    6.63886    17.7902     0.1018    1475.49   2862.589   2862.791 -9.990e-29
     -0.121   0.181821    17.7903     -0.136        330 7.4060e-02    159.479    3.56636 1.0000e-12     0.0003     0.0002     0.0741     1.4075     0.4457     0.0002   998.7133    -1.2860     -0.135    6.63883    17.7903     0.1021    1475.49   2862.567   2862.769 -9.990e-29
     -0.118   0.182573    17.7910     -0.116        331 7.4250e-02    159.472    3.56620 1.0000e-12     0.0002     0.0002     0.0743     1.4075     0.4025     0.0002   998.7136    -1.2858     -0.115    6.63872    17.7910     0.1025    1475.49   2862.547   2862.750 -9.990e-29
     -0.116   0.183215    17.7917     -0.095        332 7.4535e-02    159.462    3.56599 1.0000e-12     0.0001     0.0002     0.0745     1.4075     0.3243     0.0002   998.7139    -1.2857     -0.094    6.63861    17.7917     0.1028    1475.49   2862.533   2862.736 -9.990e-29
     -0.116   0.183751    17.7926     -0.136        333 7.4819e-02    159.476    3.56630 1.0000e-12     0.0001     0.0002     0.0748     1.4075     0.2243     0.0002   998.7137    -1.2856     -0.135    6.63847    17.7926     0.1031    1475.50   2862.527   2862.729 -9.990e-29
     -0.114   0.184396    17.7936     -0.116        334 7.5010e-02    159.504    3.56692 1.0000e-12     0.0001     0.0002     0.0750     1.4076     0.1474     0.0002   998.7139    -1.2856     -0.115    6.63832    17.7936     0.1035    1475.50   2862.518   2862.720 -9.990e-29
     -0.111   0.185081    17.7947     -0.116        335 7.5082e-02    159.526    3.56743 1.0000e-12     0.0001     0.0003     0.0751     1.4077     0.1017     0.0003   998.7140    -1.2855     -0.115    6.63816    17.7947     0.1039    1475.51   2862.509   2862.712 -9.990e-29
     -0.109   0.185657    17.7952     -0.095        336 7.4993e-02    159.540    3.56774 1.0000e-12     0.0001     0.0003     0.0750     1.4077     0.0674     0.0003   998.7143    -1.2853     -0.094    6.63807    17.7952     0.1042    1475.51   2862.494   2862.696 -9.990e-29
     -0.108   0.186110    17.7945     -0.116        337 7.4786e-02    159.549    3.56793 1.0000e-12     0.0001     0.0002     0.0748     1.4077     0.0429     0.0003   998.7145    -1.2850     -0.115    6.63816    17.7945     0.1044    1475.51   2862.462   2862.664 -9.990e-29
     -0.106   0.186507    17.7924     -0.116        338 7.4604e-02    159.557    3.56811 1.0000e-12     0.0001     0.0002     0.0746     1.4077     0.0292     0.0003   998.7150    -1.2844     -0.115    6.63844    17.7924     0.1047    1475.50   2862.406   2862.608 -9.990e-29
     -0.103   0.186943    17.7869     -0.095        339 7.4535e-02    159.569    3.56839 1.0000e-12     0.0001     0.0002     0.0745     1.4078     0.0228     0.0003   998.7163    -1.2832     -0.094    6.63919    17.7869     0.1049    1475.48   2862.285   2862.488 -9.990e-29
     -0.101   0.187422    17.7780     -0.095        340 7.4592e-02    159.584    3.56872 1.0000e-12     0.0001     0.0002     0.0746     1.4078     0.0218     0.0004   998.7182    -1.2814     -0.094    6.64040    17.7780     0.1052    1475.45   2862.100   2862.303 -9.990e-29
     -0.100   0.187910    17.7700     -0.116        341 7.4662e-02    159.604    3.56918 1.0000e-12     0.0001     0.0002     0.0746     1.4079     0.0262     0.0004   998.7198    -1.2797     -0.115    6.64149    17.7700     0.1055    1475.43   2861.932   2862.135 -9.990e-29
     -0.098   0.188328    17.7629     -0.074        342 7.4674e-02    159.626    3.56969 1.0000e-12     0.0001     0.0002     0.0746     1.4079     0.0306     0.0003   998.7214    -1.2782     -0.073    6.64245    17.7629     0.1057    1475.40   2861.782   2861.986 -9.990e-29
     -0.097   0.188619    17.7536     -0.116        343 7.4680e-02    159.648    3.57017 1.0000e-12     0.0001     0.0002     0.0746     1.4079     0.0272     0.0003   998.7231    -1.2764     -0.115    6.64373    17.7536     0.1059    1475.37   2861.599   2861.801 -9.990e-29
     -0.098   0.188734    17.7478     -0.074        344 7.4628e-02    159.675    3.57079 1.0000e-12     0.0000     0.0002     0.0746     1.4079     0.0188     0.0003   998.7244    -1.2753     -0.073    6.64452    17.7478     0.1060    1475.36   2861.486   2861.689 -9.990e-29
     -0.100   0.188623    17.7424     -0.095        345 7.4481e-02    159.703    3.57140 1.0000e-12     0.0000     0.0002     0.0745     1.4079     0.0122     0.0003   998.7252    -1.2743     -0.094    6.64527    17.7424     0.1059    1475.34   2861.392   2861.595 -9.990e-29
     -0.105   0.188363    17.7388     -0.116        346 7.4355e-02    159.721    3.57181 1.0000e-12     0.0001     0.0002     0.0744     1.4079     0.0082     0.0003   998.7257    -1.2738     -0.115    6.64577    17.7388     0.1058    1475.33   2861.337   2861.539 -9.990e-29
     -0.107   0.188092    17.7374     -0.116        347 7.4346e-02    159.736    3.57215 1.0000e-12     0.0001     0.0002     0.0744     1.4079     0.0059     0.0003   998.7258    -1.2736     -0.115    6.64597    17.7374     0.1057    1475.32   2861.322   2861.525 -9.990e-29
