inst/extdata/S285_ctd/S285-017-HC.cnv
* Sea-Bird SBE19plus Data File:
* FileName = C:\Data\CTD\Hex\S285-017-HC.hex
* Software Version 1.25
* Temperature SN =  7706
* Conductivity SN =  7706
* System UpLoad Time = Apr 10 2019 03:20:07
** StationS285-017-HC
** UTC (Time)09:22
** Latitude:38 58.5'S
** Longitude:174 18.4'W 
** Bottom Depth [m]5187
** Chief ScientistBen Harden 
** General Locale
** Carousel - SN:7706
** Voltage Channels:	Instrument Name:	Instrument SN:
** Voltage 0	Free	x
** Voltage 1	Free	x
** Voltage 2	Seapoint Chl-a	SCF3735
** Voltage 3	Dissolved O2	3329
** Voltage 4	Par	70623
** Voltage 5	Free	X
** 
# nquan = 25                                
# nvalues = 8971                        
# units = specified
# name 0 = depSM: Depth [salt water, m]
# name 1 = c0mS/cm: Conductivity [mS/cm]
# name 2 = tv290C: Temperature [ITS-90, deg C]
# name 3 = prdM: Pressure, Strain Gauge [db]
# name 4 = scan: Scan Count
# name 5 = flSP: Fluorescence, Seapoint
# name 6 = sbeox0Mm/Kg: Oxygen, SBE 43 [umol/Kg]
# name 7 = sbeox0ML/L: Oxygen, SBE 43 [ml/l]
# name 8 = par: PAR/Irradiance, Biospherical/Licor
# name 9 = v0: Voltage 0
# name 10 = v1: Voltage 1
# name 11 = v2: Voltage 2
# name 12 = v3: Voltage 3
# name 13 = v4: Voltage 4
# name 14 = v5: Voltage 5
# name 15 = density00: Density [density, Kg/m^3]
# name 16 = sigma-é00: Density [sigma-theta, Kg/m^3]
# name 17 = depSM: Depth [salt water, m], lat = -36
# name 18 = oxsatML/L: Oxygen Saturation [ml/l]
# name 19 = potemp090C: Potential Temperature [ITS-90, deg C]
# name 20 = sal00: Salinity [PSU]
# name 21 = svCM: Sound Velocity [Chen-Millero, m/s]
# name 22 = sva: Specific Volume Anomaly [10^-8 * m^3/Kg]
# name 23 = tsa: Thermosteric Anomaly [10^-8 * m^3/Kg]
# name 24 = flag: flag
# span 0 =     -0.132,    385.714       
# span 1 =   0.000439,  48.045872       
# span 2 =     8.7698,    19.7208       
# span 3 =     -0.199,    389.104       
# span 4 =          1,       8971       
# span 5 = 4.7070e-02, 5.0115e-01       
# span 6 =    118.261,    254.328       
# span 7 =    2.71444,    5.83729       
# span 8 = 1.0000e-12, 1.8391e-01       
# span 9 =     0.0000,     0.0004       
# span 10 =     0.0000,     0.0005      
# span 11 =     0.0470,     0.5012      
# span 12 =     1.3041,     2.1857      
# span 13 =     0.0019,     1.0016      
# span 14 =     0.0000,     0.0006      
# span 15 =   998.6480,  1028.5816      
# span 16 =    -1.3514,    26.8241      
# span 17 =     -0.198,    385.898      
# span 18 =    5.18212,    6.75121      
# span 19 =     8.7280,    19.7146      
# span 20 =     0.0090,    35.4051      
# span 21 =    1472.85,    1521.99      
# span 22 =    129.355,   2869.123      
# span 23 =    122.285,   2869.326      
# span 24 = 0.0000e+00, 0.0000e+00      
# interval = seconds: 0.25                        
# start_time = Apr 10 2019 02:19:48
# bad_flag = -9.990e-29
*END*
[from data line 4058]
    303.224  37.555997     9.6326    305.722       4059 4.8548e-02    139.902    3.21642 1.0000e-12     0.0001     0.0003     0.0486     1.3074     0.0021     0.0002  1028.1351    26.7591    303.264    6.38313     9.5979    34.6662    1493.13    134.405    128.380 0.0000e+00
    303.354  37.553602     9.6305    305.868       4060 4.9096e-02    139.928    3.21702 1.0000e-12     0.0002     0.0003     0.0491     1.3075     0.0021     0.0002  1028.1357    26.7590    303.408    6.38345     9.5958    34.6657    1493.13    134.411    128.384 0.0000e+00
    303.471  37.551294     9.6285    305.973       4061 4.9497e-02    139.907    3.21653 1.0000e-12     0.0002     0.0002     0.0495     1.3075     0.0021     0.0002  1028.1362    26.7590    303.513    6.38376     9.5938    34.6652    1493.12    134.417    128.389 0.0000e+00
    303.580  37.548896     9.6270    306.057       4062 4.9674e-02    139.826    3.21467 1.0000e-12     0.0002     0.0002     0.0497     1.3074     0.0022     0.0002  1028.1360    26.7584    303.596    6.38401     9.5923    34.6641    1493.12    134.473    128.444 0.0000e+00
    303.684  37.546158     9.6257    306.141       4063 4.9807e-02    139.697    3.21170 1.0000e-12     0.0002     0.0003     0.0498     1.3071     0.0022     0.0003  1028.1353    26.7574    303.679    6.38426     9.5910    34.6625    1493.11    134.572    128.543 0.0000e+00
    303.788  37.542688     9.6231    306.245       4064 4.9814e-02    139.549    3.20829 1.0000e-12     0.0002     0.0003     0.0498     1.3067     0.0022     0.0003  1028.1354    26.7569    303.782    6.38467     9.5884    34.6614    1493.10    134.614    128.584 0.0000e+00
    303.895  37.538038     9.6168    306.329       4065 4.9652e-02    139.420    3.20534 1.0000e-12     0.0002     0.0003     0.0497     1.3065     0.0022     0.0004  1028.1378    26.7589    303.865    6.38551     9.5821    34.6627    1493.08    134.421    128.393 0.0000e+00
    304.005  37.532537     9.6100    306.475       4066 4.9501e-02    139.337    3.20343 1.0000e-12     0.0002     0.0003     0.0495     1.3063     0.0022     0.0003  1028.1403    26.7607    304.010    6.38644     9.5753    34.6635    1493.06    134.252    128.224 0.0000e+00
    304.117  37.527241     9.6037    306.580       4067 4.9443e-02    139.300    3.20258 1.0000e-12     0.0001     0.0002     0.0494     1.3062     0.0022     0.0003  1028.1423    26.7622    304.114    6.38731     9.5690    34.6640    1493.04    134.110    128.083 0.0000e+00
    304.230  37.522852     9.5988    306.685       4068 4.9361e-02    139.303    3.20265 1.0000e-12     0.0001     0.0002     0.0494     1.3062     0.0022     0.0003  1028.1437    26.7631    304.218    6.38800     9.5641    34.6642    1493.02    134.020    127.994 0.0000e+00
    304.345  37.519544     9.5958    306.789       4069 4.9252e-02    139.340    3.20351 1.0000e-12     0.0001     0.0003     0.0493     1.3062     0.0022     0.0002  1028.1443    26.7632    304.321    6.38844     9.5611    34.6636    1493.01    134.015    127.989 0.0000e+00
    304.464  37.517191     9.5938    306.936       4070 4.9210e-02    139.409    3.20509 1.0000e-12     0.0001     0.0003     0.0492     1.3062     0.0022     0.0002  1028.1448    26.7631    304.467    6.38875     9.5590    34.6631    1493.01    134.027    127.999 0.0000e+00
    304.583  37.515496     9.5924    307.061       4071 4.9240e-02    139.497    3.20712 1.0000e-12     0.0001     0.0003     0.0493     1.3063     0.0021     0.0002  1028.1453    26.7630    304.591    6.38897     9.5576    34.6626    1493.01    134.040    128.010 0.0000e+00
    304.702  37.514181     9.5918    307.166       4072 4.9212e-02    139.588    3.20921 1.0000e-12     0.0001     0.0003     0.0492     1.3064     0.0021     0.0002  1028.1452    26.7624    304.695    6.38909     9.5570    34.6618    1493.00    134.093    128.062 0.0000e+00
    304.824  37.512997     9.5913    307.250       4073 4.9119e-02    139.666    3.21101 1.0000e-12     0.0001     0.0003     0.0491     1.3065     0.0021     0.0002  1028.1451    26.7619    304.778    6.38919     9.5565    34.6610    1493.00    134.144    128.112 0.0000e+00
    304.951  37.511662     9.5904    307.438       4074 4.9112e-02    139.726    3.21239 1.0000e-12     0.0001     0.0003     0.0491     1.3066     0.0021     0.0003  1028.1456    26.7616    304.965    6.38934     9.5556    34.6604    1493.00    134.177    128.142 0.0000e+00
    305.076  37.509943     9.5880    307.585       4075 4.9135e-02    139.780    3.21363 1.0000e-12     0.0001     0.0003     0.0491     1.3067     0.0021     0.0003  1028.1471    26.7624    305.110    6.38966     9.5532    34.6609    1493.00    134.106    128.068 0.0000e+00
    305.193  37.507974     9.5852    307.731       4076 4.9021e-02    139.822    3.21460 1.0000e-12     0.0001     0.0003     0.0490     1.3068     0.0021     0.0004  1028.1487    26.7633    305.255    6.39003     9.5504    34.6615    1492.99    134.019    127.980 0.0000e+00
    305.294  37.506210     9.5825    307.878       4077 4.8816e-02    139.825    3.21466 1.0000e-12     0.0001     0.0002     0.0488     1.3068     0.0021     0.0003  1028.1504    26.7643    305.401    6.39038     9.5477    34.6622    1492.98    133.925    127.884 0.0000e+00
    305.370  37.505094     9.5799    307.961       4078 4.8689e-02    139.784    3.21372 1.0000e-12     0.0001     0.0002     0.0487     1.3066     0.0021     0.0003  1028.1522    26.7658    305.483    6.39070     9.5451    34.6635    1492.98    133.787    127.745 0.0000e+00
    305.415  37.505097     9.5795    308.045       4079 4.8678e-02    139.719    3.21223 1.0000e-12     0.0000     0.0002     0.0487     1.3065     0.0021     0.0003  1028.1529    26.7661    305.566    6.39074     9.5446    34.6639    1492.98    133.756    127.713 0.0000e+00
    305.426  37.506512     9.5814    308.045       4080 4.8814e-02    139.643    3.21049 1.0000e-12     0.0000     0.0002     0.0488     1.3063     0.0021     0.0003  1028.1523    26.7655    305.566    6.39049     9.5465    34.6635    1492.98    133.815    127.770 -9.990e-29
    305.404  37.509077     9.5845    307.982       4081 4.9048e-02    139.562    3.20862 1.0000e-12     0.0000     0.0002     0.0490     1.3062     0.0021     0.0003  1028.1513    26.7647    305.504    6.39006     9.5496    34.6632    1492.99    133.887    127.843 -9.990e-29
    305.358  37.512318     9.5886    307.878       4082 4.9229e-02    139.487    3.20692 1.0000e-12     0.0001     0.0002     0.0492     1.3060     0.0021     0.0003  1028.1496    26.7636    305.401    6.38950     9.5537    34.6626    1493.01    133.994    127.949 -9.990e-29
    305.301  37.515852     9.5927    307.773       4083 4.9236e-02    139.435    3.20571 1.0000e-12     0.0001     0.0002     0.0492     1.3060     0.0022     0.0004  1028.1483    26.7627    305.297    6.38893     9.5578    34.6624    1493.02    134.078    128.033 -9.990e-29
    305.244  37.519346     9.5978    307.690       4084 4.9154e-02    139.408    3.20509 1.0000e-12     0.0001     0.0003     0.0492     1.3059     0.0022     0.0004  1028.1460    26.7609    305.214    6.38826     9.5629    34.6611    1493.03    134.253    128.209 -9.990e-29
    305.195  37.522331     9.6031    307.586       4085 4.9250e-02    139.407    3.20509 1.0000e-12     0.0001     0.0003     0.0493     1.3059     0.0022     0.0003  1028.1431    26.7585    305.111    6.38760     9.5682    34.6591    1493.05    134.484    128.440 -9.990e-29
    305.166  37.524026     9.6075    307.523       4086 4.9454e-02    139.439    3.20581 1.0000e-12     0.0001     0.0002     0.0495     1.3060     0.0021     0.0003  1028.1401    26.7558    305.049    6.38707     9.5726    34.6566    1493.06    134.737    128.692 -9.990e-29
    305.165  37.523453     9.6067    307.502       4087 4.9580e-02    139.503    3.20728 1.0000e-12     0.0001     0.0002     0.0496     1.3062     0.0021     0.0004  1028.1403    26.7561    305.028    6.38718     9.5719    34.6568    1493.06    134.709    128.665 -9.990e-29
    305.197  37.520284     9.6012    307.544       4088 4.9728e-02    139.586    3.20918 1.0000e-12     0.0002     0.0002     0.0497     1.3063     0.0021     0.0004  1028.1430    26.7586    305.070    6.38787     9.5664    34.6589    1493.04    134.471    128.429 -9.990e-29
    305.263  37.515623     9.5969    307.586       4089 5.0080e-02    139.666    3.21099 1.0000e-12     0.0002     0.0002     0.0501     1.3065     0.0021     0.0004  1028.1434    26.7588    305.111    6.38851     9.5621    34.6582    1493.03    134.452    128.411 -9.990e-29
    305.364  37.510398     9.5910    307.711       4090 5.0304e-02    139.721    3.21225 1.0000e-12     0.0002     0.0003     0.0503     1.3065     0.0021     0.0004  1028.1452    26.7599    305.235    6.38934     9.5562    34.6584    1493.01    134.340    128.300 -9.990e-29
    305.499  37.504637     9.5849    307.837       4091 4.9989e-02    139.753    3.21298 1.0000e-12     0.0002     0.0003     0.0500     1.3065     0.0022     0.0004  1028.1467    26.7608    305.360    6.39020     9.5501    34.6583    1492.99    134.252    128.212 -9.990e-29
    305.665  37.498703     9.5781    308.046       4092 4.9481e-02    139.781    3.21363 1.0000e-12     0.0002     0.0004     0.0495     1.3065     0.0022     0.0004  1028.1491    26.7622    305.567    6.39115     9.5433    34.6586    1492.97    134.120    128.079 0.0000e+00
    305.855  37.493016     9.5714    308.276       4093 4.9060e-02    139.816    3.21443 1.0000e-12     0.0002     0.0004     0.0491     1.3066     0.0022     0.0004  1028.1517    26.7637    305.795    6.39208     9.5365    34.6591    1492.95    133.979    127.937 0.0000e+00
    306.061  37.487907     9.5661    308.527       4094 4.8747e-02    139.867    3.21561 1.0000e-12     0.0003     0.0004     0.0487     1.3068     0.0023     0.0004  1028.1535    26.7644    306.044    6.39284     9.5312    34.6589    1492.93    133.918    127.874 0.0000e+00
    306.271  37.483632     9.5624    308.778       4095 4.8708e-02    139.940    3.21730 1.0000e-12     0.0003     0.0004     0.0487     1.3070     0.0023     0.0004  1028.1545    26.7643    306.293    6.39341     9.5275    34.6579    1492.92    133.933    127.886 0.0000e+00
    306.476  37.479966     9.5595    309.008       4096 4.8926e-02    140.034    3.21947 1.0000e-12     0.0002     0.0005     0.0489     1.3073     0.0024     0.0004  1028.1552    26.7639    306.521    6.39386     9.5246    34.6568    1492.91    133.971    127.921 0.0000e+00
    306.670  37.476487     9.5562    309.238       4097 4.9184e-02    140.138    3.22185 1.0000e-12     0.0002     0.0005     0.0492     1.3076     0.0023     0.0004  1028.1564    26.7641    306.749    6.39435     9.5213    34.6563    1492.90    133.959    127.907 0.0000e+00
    306.846  37.472998     9.5524    309.405       4098 4.9411e-02    140.233    3.22404 1.0000e-12     0.0002     0.0005     0.0494     1.3078     0.0023     0.0003  1028.1578    26.7647    306.914    6.39489     9.5175    34.6563    1492.89    133.902    127.848 0.0000e+00
    307.004  37.469623     9.5483    309.572       4099 4.9660e-02    140.310    3.22580 1.0000e-12     0.0002     0.0004     0.0497     1.3079     0.0023     0.0003  1028.1596    26.7657    307.080    6.39546     9.5133    34.6567    1492.88    133.809    127.754 0.0000e+00
    307.144  37.466636     9.5450    309.698       4100 4.9866e-02    140.365    3.22707 1.0000e-12     0.0002     0.0004     0.0499     1.3081     0.0023     0.0003  1028.1608    26.7663    307.205    6.39592     9.5100    34.6567    1492.87    133.755    127.699 0.0000e+00
    307.269  37.464310     9.5426    309.803       4101 4.9861e-02    140.398    3.22783 1.0000e-12     0.0002     0.0003     0.0499     1.3082     0.0023     0.0003  1028.1615    26.7666    307.309    6.39627     9.5076    34.6566    1492.86    133.728    127.671 0.0000e+00
    307.383  37.462707     9.5416    309.928       4102 4.9556e-02    140.405    3.22799 1.0000e-12     0.0002     0.0002     0.0496     1.3083     0.0023     0.0004  1028.1617    26.7661    307.433    6.39644     9.5066    34.6559    1492.86    133.769    127.711 0.0000e+00
    307.487  37.461611     9.5403    309.991       4103 4.9154e-02    140.367    3.22713 1.0000e-12     0.0001     0.0002     0.0492     1.3083     0.0023     0.0005  1028.1623    26.7664    307.495    6.39662     9.5053    34.6560    1492.86    133.742    127.684 0.0000e+00
    307.590  37.460801     9.5400    310.033       4104 4.8926e-02    140.274    3.22500 1.0000e-12     0.0001     0.0001     0.0489     1.3081     0.0023     0.0005  1028.1621    26.7660    307.537    6.39669     9.5050    34.6554    1492.86    133.780    127.721 0.0000e+00
    307.704  37.460116     9.5394    310.138       4105 4.8765e-02    140.150    3.22213 1.0000e-12     0.0001     0.0001     0.0488     1.3078     0.0023     0.0004  1028.1625    26.7660    307.641    6.39678     9.5044    34.6552    1492.85    133.785    127.724 0.0000e+00
    307.832  37.459407     9.5391    310.284       4106 4.8551e-02    140.025    3.21927 1.0000e-12     0.0001     0.0001     0.0486     1.3075     0.0023     0.0004  1028.1628    26.7657    307.786    6.39684     9.5041    34.6547    1492.86    133.821    127.757 0.0000e+00
    307.973  37.458585     9.5385    310.410       4107 4.8410e-02    139.924    3.21695 1.0000e-12     0.0001     0.0001     0.0484     1.3073     0.0023     0.0004  1028.1632    26.7655    307.911    6.39694     9.5035    34.6544    1492.85    133.837    127.772 0.0000e+00
    308.129  37.457588     9.5380    310.577       4108 4.8365e-02    139.855    3.21538 1.0000e-12     0.0001     0.0001     0.0484     1.3072     0.0023     0.0003  1028.1636    26.7651    308.076    6.39704     9.5030    34.6538    1492.86    133.879    127.810 0.0000e+00
    308.300  37.456347     9.5371    310.723       4109 4.8406e-02    139.811    3.21436 1.0000e-12     0.0001     0.0001     0.0484     1.3071     0.0023     0.0002  1028.1640    26.7649    308.221    6.39718     9.5020    34.6533    1492.85    133.902    127.832 0.0000e+00
    308.486  37.454691     9.5349    310.953       4110 4.8496e-02    139.800    3.21409 1.0000e-12     0.0002     0.0001     0.0485     1.3071     0.0024     0.0002  1028.1657    26.7655    308.449    6.39748     9.4998    34.6536    1492.85    133.848    127.774 0.0000e+00
    308.682  37.452642     9.5319    311.183       4111 4.8513e-02    139.834    3.21488 1.0000e-12     0.0002     0.0001     0.0485     1.3071     0.0023     0.0003  1028.1678    26.7665    308.677    6.39788     9.4968    34.6543    1492.84    133.754    127.677 0.0000e+00
    308.878  37.450668     9.5294    311.434       4112 4.8461e-02    139.891    3.21619 1.0000e-12     0.0002     0.0001     0.0485     1.3071     0.0022     0.0003  1028.1695    26.7671    308.926    6.39823     9.4943    34.6545    1492.84    133.700    127.619 0.0000e+00
    309.064  37.449141     9.5278    311.643       4113 4.8534e-02    139.945    3.21743 1.0000e-12     0.0001     0.0001     0.0485     1.3071     0.0022     0.0004  1028.1706    26.7673    309.133    6.39846     9.4927    34.6544    1492.84    133.687    127.603 0.0000e+00
    309.234  37.448085     9.5266    311.811       4114 4.8860e-02    139.987    3.21839 1.0000e-12     0.0001     0.0001     0.0489     1.3070     0.0021     0.0004  1028.1716    26.7675    309.299    6.39863     9.4914    34.6544    1492.83    133.672    127.585 0.0000e+00
    309.385  37.447463     9.5260    312.020       4115 4.9234e-02    140.022    3.21919 1.0000e-12     0.0001     0.0002     0.0492     1.3071     0.0021     0.0004  1028.1725    26.7675    309.506    6.39872     9.4908    34.6542    1492.84    133.678    127.587 0.0000e+00
