inst/extdata/S285_ctd/S285-002-HC.ros
* Sea-Bird SBE19plus Data File:
* FileName = Y:\CTD\Hex\S285-002-HC.hex
* Software Version 1.25
* Temperature SN =  7706
* Conductivity SN =  7706
* System UpLoad Time = Apr 02 2019 12:33:21
** StationS285-002-HC
** UTC (Time)21:36
** Latitude:43 33.03'S
** Longitude:174 37.03'E
** Bottom Depth [m]483
** Chief ScientistBen Harden 
** General Locale
# nquan = 17
# nvalues = 108                     
# units = specified
# name 0 = depSM: Depth [salt water, m]
# name 1 = c0mS/cm: Conductivity [mS/cm]
# name 2 = tv290C: Temperature [ITS-90, deg C]
# name 3 = prdM: Pressure, Strain Gauge [db]
# name 4 = scan: Scan Count
# name 5 = flSP: Fluorescence, Seapoint
# name 6 = sbeox0Mm/Kg: Oxygen, SBE 43 [umol/Kg]
# name 7 = sbeox0ML/L: Oxygen, SBE 43 [ml/l]
# name 8 = par: PAR/Irradiance, Biospherical/Licor
# name 9 = v0: Voltage 0
# name 10 = v1: Voltage 1
# name 11 = v2: Voltage 2
# name 12 = v3: Voltage 3
# name 13 = v4: Voltage 4
# name 14 = v5: Voltage 5
# name 15 = nbf: number of bottles fired
# name 16 = flag:  0.000e+00
# interval = seconds: 0.25                        
# start_time = Apr 01 2019 14:33:10
*END*
[from data line 86]
     23.814  42.396818    14.9138     23.990       7337 4.8066e+00    145.321    3.33750 4.4613e+00     0.0000     0.0002     4.8066     1.4756     1.7742     0.0003         10  0.000e+00
     23.586  42.397147    14.9151     23.761       7338 4.7976e+00    145.592    3.34372 4.6299e+00     0.0000     0.0000     4.7976     1.4771     1.7876     0.0000         10  0.000e+00
     23.420  42.398860    14.9163     23.594       7339 4.8036e+00    145.642    3.34485 4.7429e+00     0.0000     0.0005     4.8036     1.4773     1.7964     0.0000         10  0.000e+00
     23.296  42.399717    14.9177     23.469       7340 4.8077e+00    145.681    3.34575 4.7908e+00     0.0002     0.0004     4.8077     1.4776     1.8000     0.0001         10  0.000e+00
     10.749  42.404741    14.9318     10.828       7554 4.7991e+00    171.838    3.94646 2.5226e+01     0.0003     0.0003     4.7991     1.6448     2.4615     0.0000         11  0.000e+00
     10.749  42.404741    14.9318     10.829       7555 4.7293e+00    172.458    3.96069 2.4551e+01     0.0002     0.0004     4.7293     1.6474     2.4501     0.0004         11  0.000e+00
     10.770  42.404477    14.9321     10.849       7556 4.5340e+00    172.528    3.96232 2.4007e+01     0.0000     0.0001     4.5340     1.6473     2.4408     0.0002         11  0.000e+00
     10.956  42.405071    14.9323     11.037       7557 4.0053e+00    172.486    3.96135 2.3496e+01     0.0005     0.0000     4.0053     1.6469     2.4318     0.0002         11  0.000e+00
     11.184  42.405336    14.9324     11.267       7558 4.3088e+00    172.679    3.96578 2.2546e+01     0.0000     0.0006     4.3088     1.6484     2.4145     0.0002         11  0.000e+00
     11.391  42.405337    14.9325     11.475       7559 4.4314e+00    172.701    3.96629 2.1514e+01     0.0000     0.0005     4.4314     1.6495     2.3950     0.0003         11  0.000e+00
     11.557  42.404480    14.9326     11.642       7560 4.8022e+00    173.040    3.97407 2.0676e+01     0.0001     0.0000     4.8022     1.6530     2.3784     0.0001         11  0.000e+00
     11.784  42.405338    14.9325     11.871       7561 4.8080e+00    173.603    3.98699 2.0055e+01     0.0003     0.0000     4.8080     1.6570     2.3658     0.0002         11  0.000e+00
     11.929  42.405075    14.9326     12.017       7562 4.4832e+00    173.718    3.98963 1.9734e+01     0.0000     0.0000     4.4832     1.6579     2.3590     0.0003         11  0.000e+00
      2.585  42.406750    14.9392      2.604       8693 3.0436e+00    234.626    5.38846 6.9866e+01     0.0000     0.0000     3.0436     2.0610     2.8942     0.0005         12  0.000e+00
      2.399  42.406420    14.9392      2.417       8694 2.4137e+00    235.794    5.41527 7.5863e+01     0.0000     0.0000     2.4137     2.0574     2.9295     0.0008         12  0.000e+00
      2.192  42.406749    14.9392      2.208       8695 2.6632e+00    236.820    5.43885 7.8720e+01     0.0002     0.0002     2.6632     2.0552     2.9454     0.0002         12  0.000e+00
      2.047  42.406419    14.9392      2.062       8696 3.4202e+00    242.202    5.56244 8.1901e+01     0.0001     0.0002     3.4202     2.0752     2.9624     0.0005         12  0.000e+00
      1.943  42.407012    14.9392      1.958       8697 2.6215e+00    244.818    5.62253 8.3280e+01     0.0002     0.0002     2.6215     2.0830     2.9696     0.0003         12  0.000e+00
      1.819  42.406154    14.9393      1.832       8698 3.3543e+00    243.144    5.58407 8.2837e+01     0.0004     0.0000     3.3543     2.0744     2.9673     0.0005         12  0.000e+00
      1.798  42.407275    14.9392      1.812       8699 3.4229e+00    240.773    5.52961 7.6908e+01     0.0001     0.0002     3.4229     2.0729     2.9354     0.0002         12  0.000e+00
      1.778  42.407011    14.9394      1.791       8700 3.1015e+00    245.212    5.63158 7.9394e+01     0.0000     0.0000     3.1015     2.1094     2.9490     0.0002         12  0.000e+00
      1.778  42.405296    14.9397      1.791       8701 3.3075e+00    249.163    5.72230 8.0388e+01     0.0000     0.0004     3.3075     2.1278     2.9544     0.0006         12  0.000e+00
