inst/extdata/S285_ctd/S285-014-HC.ros
* Sea-Bird SBE19plus Data File:
* FileName = C:\Data\CTD\Hex\S285-014-HC.hex
* Software Version 1.25
* Temperature SN =  7706
* Conductivity SN =  7706
* System UpLoad Time = Apr 07 2019 23:13:49
** StationS285-014-HC
** UTC (Time)09:15
** Latitude:39 44.8'S 
** Longitude:176 24.7'W
** Bottom Depth [m]3938
** Chief ScientistBen Harden 
** General Locale
# nquan = 17
# nvalues = 108                     
# units = specified
# name 0 = depSM: Depth [salt water, m]
# name 1 = c0mS/cm: Conductivity [mS/cm]
# name 2 = tv290C: Temperature [ITS-90, deg C]
# name 3 = prdM: Pressure, Strain Gauge [db]
# name 4 = scan: Scan Count
# name 5 = flSP: Fluorescence, Seapoint
# name 6 = sbeox0Mm/Kg: Oxygen, SBE 43 [umol/Kg]
# name 7 = sbeox0ML/L: Oxygen, SBE 43 [ml/l]
# name 8 = par: PAR/Irradiance, Biospherical/Licor
# name 9 = v0: Voltage 0
# name 10 = v1: Voltage 1
# name 11 = v2: Voltage 2
# name 12 = v3: Voltage 3
# name 13 = v4: Voltage 4
# name 14 = v5: Voltage 5
# name 15 = nbf: number of bottles fired
# name 16 = flag:  0.000e+00
# interval = seconds: 0.25                        
# start_time = Apr 08 2019 02:10:11
*END*
[from data line 86]
     11.206  46.987198    18.7874     11.289       6722 1.3115e-01    132.374    3.03892 1.0000e-12     0.0002     0.0000     0.1312     1.4670     0.0026     0.0002         10  0.000e+00
     11.309  46.986510    18.7880     11.393       6723 1.4923e-01    132.202    3.03498 1.0000e-12     0.0006     0.0000     0.1492     1.4668     0.0022     0.0000         10  0.000e+00
     11.392  46.986854    18.7879     11.476       6724 1.8456e-01    132.145    3.03366 1.0000e-12     0.0000     0.0000     0.1846     1.4672     0.0022     0.0002         10  0.000e+00
     11.496  46.986304    18.7876     11.581       6725 1.4137e-01    131.991    3.03013 1.0000e-12     0.0000     0.0005     0.1414     1.4669     0.0021     0.0003         10  0.000e+00
      2.814  46.981861    18.7872      2.834       7052 1.3794e-01    170.839    3.92197 1.0000e-12     0.0000     0.0001     0.1379     1.7325     0.0800     0.0003         11  0.000e+00
      2.751  46.981516    18.7873      2.772       7053 1.3344e-01    171.466    3.93636 1.0000e-12     0.0002     0.0000     0.1334     1.7343     0.1825     0.0000         11  0.000e+00
      2.668  46.981241    18.7872      2.688       7054 1.4527e-01    172.654    3.96362 1.0000e-12     0.0000     0.0000     0.1453     1.7393     0.1599     0.0008         11  0.000e+00
      2.586  46.981240    18.7871      2.605       7055 1.6999e-01    173.970    3.99384 1.0000e-12     0.0001     0.0002     0.1700     1.7459     0.0942     0.0003         11  0.000e+00
      2.606  46.981240    18.7871      2.625       7056 1.7449e-01    173.712    3.98791 1.0000e-12     0.0000     0.0002     0.1745     1.7458     0.1501     0.0008         11  0.000e+00
      2.544  46.981447    18.7871      2.563       7057 1.4061e-01    174.867    4.01444 1.0000e-12     0.0004     0.0000     0.1406     1.7564     0.0852     0.0007         11  0.000e+00
      2.503  46.980277    18.7869      2.521       7058 1.4977e-01    175.573    4.03064 1.0000e-12     0.0001     0.0000     0.1498     1.7633     0.0977     0.0000         11  0.000e+00
      2.461  46.980001    18.7866      2.479       7059 1.5023e-01    177.009    4.06359 1.0000e-12     0.0001     0.0002     0.1502     1.7721     0.1695     0.0007         11  0.000e+00
      2.357  46.979381    18.7863      2.375       7060 1.4420e-01    176.982    4.06297 1.0000e-12     0.0004     0.0003     0.1442     1.7704     0.0021     0.0005         11  0.000e+00
      2.130  46.980000    18.7857      2.145       7062 1.5274e-01    174.338    4.00230 1.0000e-12     0.0002     0.0008     0.1527     1.7594     0.0088     0.0007         12  0.000e+00
      1.964  46.980274    18.7860      1.979       7063 1.6945e-01    173.355    3.97973 1.0000e-12     0.0000     0.0000     0.1695     1.7582     0.0022     0.0001         12  0.000e+00
      1.840  46.979998    18.7861      1.853       7064 1.8364e-01    174.898    4.01513 1.0000e-12     0.0004     0.0000     0.1836     1.7709     0.0020     0.0000         12  0.000e+00
      1.757  46.980136    18.7860      1.770       7065 1.5595e-01    176.985    4.06305 1.0000e-12     0.0002     0.0002     0.1559     1.7853     0.0025     0.0002         12  0.000e+00
      1.716  46.980273    18.7860      1.728       7066 1.4687e-01    178.357    4.09455 1.0000e-12     0.0000     0.0000     0.1469     1.7919     0.0021     0.0003         12  0.000e+00
      1.695  46.980617    18.7863      1.708       7067 1.3710e-01    178.364    4.09471 1.0000e-12     0.0000     0.0002     0.1371     1.7895     0.0021     0.0004         12  0.000e+00
      1.736  46.980893    18.7864      1.749       7068 1.2863e-01    181.221    4.16029 1.0000e-12     0.0002     0.0003     0.1286     1.8028     0.0021     0.0000         12  0.000e+00
      1.819  46.981237    18.7866      1.833       7069 1.2909e-01    192.930    4.42912 1.0000e-12     0.0001     0.0002     0.1291     1.8655     0.0026     0.0002         12  0.000e+00
      1.860  46.983714    18.7870      1.874       7070 1.3733e-01    197.296    4.52935 1.0000e-12     0.0004     0.0000     0.1373     1.8798     0.2292     0.0002         12  0.000e+00
