inst/extdata/S285_ctd/S285-017-HC.cnv
* Sea-Bird SBE19plus Data File:
* FileName = C:\Data\CTD\Hex\S285-017-HC.hex
* Software Version 1.25
* Temperature SN =  7706
* Conductivity SN =  7706
* System UpLoad Time = Apr 10 2019 03:20:07
** StationS285-017-HC
** UTC (Time)09:22
** Latitude:38 58.5'S
** Longitude:174 18.4'W 
** Bottom Depth [m]5187
** Chief ScientistBen Harden 
** General Locale
** Carousel - SN:7706
** Voltage Channels:	Instrument Name:	Instrument SN:
** Voltage 0	Free	x
** Voltage 1	Free	x
** Voltage 2	Seapoint Chl-a	SCF3735
** Voltage 3	Dissolved O2	3329
** Voltage 4	Par	70623
** Voltage 5	Free	X
** 
# nquan = 25                                
# nvalues = 8971                        
# units = specified
# name 0 = depSM: Depth [salt water, m]
# name 1 = c0mS/cm: Conductivity [mS/cm]
# name 2 = tv290C: Temperature [ITS-90, deg C]
# name 3 = prdM: Pressure, Strain Gauge [db]
# name 4 = scan: Scan Count
# name 5 = flSP: Fluorescence, Seapoint
# name 6 = sbeox0Mm/Kg: Oxygen, SBE 43 [umol/Kg]
# name 7 = sbeox0ML/L: Oxygen, SBE 43 [ml/l]
# name 8 = par: PAR/Irradiance, Biospherical/Licor
# name 9 = v0: Voltage 0
# name 10 = v1: Voltage 1
# name 11 = v2: Voltage 2
# name 12 = v3: Voltage 3
# name 13 = v4: Voltage 4
# name 14 = v5: Voltage 5
# name 15 = density00: Density [density, Kg/m^3]
# name 16 = sigma-é00: Density [sigma-theta, Kg/m^3]
# name 17 = depSM: Depth [salt water, m], lat = -36
# name 18 = oxsatML/L: Oxygen Saturation [ml/l]
# name 19 = potemp090C: Potential Temperature [ITS-90, deg C]
# name 20 = sal00: Salinity [PSU]
# name 21 = svCM: Sound Velocity [Chen-Millero, m/s]
# name 22 = sva: Specific Volume Anomaly [10^-8 * m^3/Kg]
# name 23 = tsa: Thermosteric Anomaly [10^-8 * m^3/Kg]
# name 24 = flag: flag
# span 0 =     -0.132,    385.714       
# span 1 =   0.000439,  48.045872       
# span 2 =     8.7698,    19.7208       
# span 3 =     -0.199,    389.104       
# span 4 =          1,       8971       
# span 5 = 4.7070e-02, 5.0115e-01       
# span 6 =    118.261,    254.328       
# span 7 =    2.71444,    5.83729       
# span 8 = 1.0000e-12, 1.8391e-01       
# span 9 =     0.0000,     0.0004       
# span 10 =     0.0000,     0.0005      
# span 11 =     0.0470,     0.5012      
# span 12 =     1.3041,     2.1857      
# span 13 =     0.0019,     1.0016      
# span 14 =     0.0000,     0.0006      
# span 15 =   998.6480,  1028.5816      
# span 16 =    -1.3514,    26.8241      
# span 17 =     -0.198,    385.898      
# span 18 =    5.18212,    6.75121      
# span 19 =     8.7280,    19.7146      
# span 20 =     0.0090,    35.4051      
# span 21 =    1472.85,    1521.99      
# span 22 =    129.355,   2869.123      
# span 23 =    122.285,   2869.326      
# span 24 = 0.0000e+00, 0.0000e+00      
# interval = seconds: 0.25                        
# start_time = Apr 10 2019 02:19:48
# bad_flag = -9.990e-29
*END*
[from data line 5334]
    341.040  37.056661     9.1389    343.630       5335 4.9029e-02    145.659    3.34892 1.0000e-12     0.0000     0.0002     0.0490     1.3272     0.0022     0.0003  1028.3455    26.7956    340.836    6.45598     9.1011    34.6089    1491.89    131.417    124.946 0.0000e+00
    340.565  37.058468     9.1409    343.045       5336 4.8885e-02    145.742    3.35083 1.0000e-12     0.0001     0.0002     0.0489     1.3273     0.0022     0.0003  1028.3427    26.7954    340.256    6.45568     9.1031    34.6091    1491.88    131.422    124.960 0.0000e+00
    340.162  37.060231     9.1427    342.606       5337 4.8945e-02    145.839    3.35305 1.0000e-12     0.0001     0.0002     0.0489     1.3275     0.0022     0.0003  1028.3407    26.7954    339.821    6.45541     9.1050    34.6094    1491.88    131.420    124.966 0.0000e+00
    339.843  37.061967     9.1437    342.271       5338 4.8954e-02    145.960    3.35585 1.0000e-12     0.0001     0.0002     0.0489     1.3278     0.0022     0.0004  1028.3398    26.7960    339.489    6.45522     9.1060    34.6104    1491.88    131.357    124.908 0.0000e+00
    339.611  37.063839     9.1455    342.062       5339 4.8758e-02    146.110    3.35928 1.0000e-12     0.0001     0.0002     0.0487     1.3283     0.0022     0.0004  1028.3387    26.7959    339.282    6.45495     9.1078    34.6107    1491.89    131.359    124.913 0.0000e+00
    339.462  37.066065     9.1480    341.916       5340 4.8557e-02    146.288    3.36339 1.0000e-12     0.0001     0.0002     0.0485     1.3289     0.0022     0.0003  1028.3376    26.7955    339.137    6.45459     9.1104    34.6106    1491.89    131.399    124.954 0.0000e+00
    339.391  37.068498     9.1509    341.895       5341 4.8407e-02    146.490    3.36803 1.0000e-12     0.0001     0.0002     0.0484     1.3295     0.0022     0.0003  1028.3368    26.7948    339.116    6.45418     9.1132    34.6104    1491.90    131.464    125.019 0.0000e+00
    339.390  37.070816     9.1532    341.937       5342 4.8256e-02    146.698    3.37280 1.0000e-12     0.0001     0.0002     0.0482     1.3302     0.0022     0.0003  1028.3368    26.7946    339.158    6.45385     9.1155    34.6105    1491.91    131.490    125.042 -9.990e-29
    339.446  37.072963     9.1546    342.062       5343 4.8115e-02    146.911    3.37771 1.0000e-12     0.0001     0.0002     0.0481     1.3309     0.0022     0.0003  1028.3377    26.7950    339.282    6.45361     9.1169    34.6113    1491.92    131.454    125.002 -9.990e-29
    339.543  37.075154     9.1569    342.209       5344 4.8006e-02    147.133    3.38281 1.0000e-12     0.0002     0.0002     0.0480     1.3316     0.0021     0.0003  1028.3380    26.7946    339.427    6.45328     9.1192    34.6113    1491.93    131.494    125.038 -9.990e-29
    339.672  37.077481     9.1601    342.355       5345 4.7974e-02    147.343    3.38763 1.0000e-12     0.0002     0.0002     0.0480     1.3324     0.0021     0.0003  1028.3375    26.7935    339.572    6.45285     9.1224    34.6106    1491.94    131.603    125.143 -9.990e-29
    339.820  37.079616     9.1630    342.606       5346 4.7983e-02    147.495    3.39112 1.0000e-12     0.0002     0.0002     0.0480     1.3330     0.0022     0.0003  1028.3376    26.7925    339.821    6.45246     9.1252    34.6099    1491.96    131.706    125.240 -9.990e-29
    339.969  37.081054     9.1643    342.836       5347 4.8067e-02    147.539    3.39214 1.0000e-12     0.0001     0.0002     0.0481     1.3333     0.0022     0.0003  1028.3386    26.7924    340.049    6.45227     9.1265    34.6100    1491.97    131.722    125.250 -9.990e-29
    340.103  37.081737     9.1642    342.962       5348 4.8218e-02    147.471    3.39055 1.0000e-12     0.0001     0.0002     0.0482     1.3333     0.0022     0.0003  1028.3397    26.7930    340.174    6.45225     9.1264    34.6108    1491.97    131.667    125.193 -9.990e-29
    340.219  37.082038     9.1641    343.087       5349 4.8267e-02    147.333    3.38738 1.0000e-12     0.0001     0.0002     0.0483     1.3332     0.0022     0.0004  1028.3406    26.7933    340.298    6.45225     9.1263    34.6111    1491.97    131.642    125.165 -9.990e-29
    340.314  37.082251     9.1641    343.212       5350 4.8313e-02    147.151    3.38321 1.0000e-12     0.0001     0.0002     0.0483     1.3330     0.0022     0.0004  1028.3413    26.7934    340.422    6.45224     9.1263    34.6113    1491.97    131.632    125.153 -9.990e-29
    340.384  37.082510     9.1644    343.275       5351 4.8435e-02    146.924    3.37799 1.0000e-12     0.0002     0.0002     0.0484     1.3327     0.0022     0.0004  1028.3415    26.7933    340.484    6.45220     9.1266    34.6112    1491.98    131.642    125.161 -9.990e-29
    340.431  37.082822     9.1650    343.296       5352 4.8397e-02    146.677    3.37231 1.0000e-12     0.0002     0.0002     0.0484     1.3324     0.0022     0.0004  1028.3413    26.7930    340.505    6.45213     9.1272    34.6110    1491.98    131.672    125.190 -9.990e-29
    340.456  37.083055     9.1652    343.338       5353 4.8243e-02    146.439    3.36682 1.0000e-12     0.0002     0.0003     0.0482     1.3321     0.0022     0.0004  1028.3414    26.7930    340.546    6.45210     9.1274    34.6110    1491.98    131.673    125.191 -9.990e-29
    340.458  37.083142     9.1653    343.359       5354 4.8116e-02    146.225    3.36191 1.0000e-12     0.0002     0.0003     0.0481     1.3317     0.0022     0.0004  1028.3415    26.7930    340.567    6.45208     9.1274    34.6110    1491.98    131.677    125.194 -9.990e-29
    340.433  37.083133     9.1651    343.339       5355 4.8023e-02    146.064    3.35820 1.0000e-12     0.0002     0.0004     0.0480     1.3313     0.0022     0.0003  1028.3416    26.7932    340.547    6.45210     9.1273    34.6112    1491.98    131.659    125.176 -9.990e-29
    340.380  37.083090     9.1650    343.297       5356 4.7893e-02    145.965    3.35592 1.0000e-12     0.0002     0.0003     0.0479     1.3310     0.0022     0.0003  1028.3415    26.7933    340.506    6.45211     9.1272    34.6112    1491.98    131.651    125.169 -9.990e-29
    340.297  37.083055     9.1651    343.192       5357 4.7676e-02    145.890    3.35421 1.0000e-12     0.0002     0.0003     0.0477     1.3308     0.0022     0.0003  1028.3409    26.7932    340.402    6.45210     9.1273    34.6111    1491.98    131.657    125.177 -9.990e-29
    340.185  37.083023     9.1651    343.109       5358 4.7575e-02    145.793    3.35198 1.0000e-12     0.0002     0.0003     0.0475     1.3304     0.0022     0.0003  1028.3406    26.7932    340.319    6.45210     9.1273    34.6112    1491.98    131.655    125.177 -9.990e-29
    340.042  37.082999     9.1648    342.942       5359 4.7606e-02    145.666    3.34907 1.0000e-12     0.0002     0.0003     0.0476     1.3298     0.0022     0.0003  1028.3401    26.7935    340.154    6.45213     9.1270    34.6115    1491.97    131.622    125.147 -9.990e-29
    339.873  37.083075     9.1646    342.733       5360 4.7678e-02    145.529    3.34591 1.0000e-12     0.0003     0.0004     0.0477     1.3292     0.0022     0.0003  1028.3395    26.7938    339.947    6.45215     9.1268    34.6119    1491.97    131.587    125.116 -9.990e-29
    339.684  37.083352     9.1646    342.524       5361 4.7830e-02    145.398    3.34289 1.0000e-12     0.0003     0.0004     0.0478     1.3287     0.0022     0.0003  1028.3389    26.7941    339.740    6.45213     9.1268    34.6122    1491.97    131.555    125.088 -9.990e-29
    339.479  37.083874     9.1653    342.336       5362 4.8015e-02    145.276    3.34009 1.0000e-12     0.0003     0.0004     0.0480     1.3282     0.0022     0.0002  1028.3379    26.7939    339.553    6.45203     9.1276    34.6122    1491.97    131.566    125.102 -9.990e-29
    339.257  37.084657     9.1661    342.106       5363 4.8238e-02    145.162    3.33747 1.0000e-12     0.0002     0.0003     0.0483     1.3278     0.0021     0.0002  1028.3368    26.7939    339.325    6.45191     9.1284    34.6123    1491.96    131.563    125.104 -9.990e-29
    339.016  37.085700     9.1670    341.876       5364 4.8507e-02    145.074    3.33544 1.0000e-12     0.0002     0.0002     0.0485     1.3274     0.0021     0.0003  1028.3359    26.7940    339.097    6.45177     9.1293    34.6127    1491.96    131.550    125.094 0.0000e+00
    338.761  37.087020     9.1686    341.542       5365 4.8694e-02    145.025    3.33432 1.0000e-12     0.0002     0.0002     0.0487     1.3271     0.0021     0.0003  1028.3341    26.7937    338.766    6.45154     9.1309    34.6126    1491.97    131.571    125.120 0.0000e+00
    338.497  37.088578     9.1705    341.312       5366 4.8734e-02    145.006    3.33388 1.0000e-12     0.0002     0.0003     0.0487     1.3269     0.0021     0.0003  1028.3326    26.7933    338.539    6.45127     9.1329    34.6125    1491.97    131.605    125.158 0.0000e+00
    338.225  37.090240     9.1720    341.040       5367 4.8673e-02    145.011    3.33401 1.0000e-12     0.0002     0.0003     0.0487     1.3267     0.0022     0.0003  1028.3314    26.7934    338.269    6.45104     9.1344    34.6129    1491.97    131.594    125.151 0.0000e+00
    337.941  37.091958     9.1731    340.768       5368 4.8702e-02    145.031    3.33447 1.0000e-12     0.0001     0.0003     0.0487     1.3265     0.0022     0.0003  1028.3307    26.7939    337.999    6.45084     9.1355    34.6138    1491.97    131.544    125.105 0.0000e+00
    337.644  37.093907     9.1757    340.455       5369 4.8900e-02    145.048    3.33486 1.0000e-12     0.0001     0.0003     0.0489     1.3263     0.0021     0.0003  1028.3286    26.7932    337.689    6.45048     9.1381    34.6134    1491.97    131.605    125.170 0.0000e+00
    337.337  37.096075     9.1782    340.099       5370 4.9005e-02    145.057    3.33506 1.0000e-12     0.0001     0.0003     0.0490     1.3262     0.0021     0.0003  1028.3265    26.7928    337.336    6.45012     9.1407    34.6134    1491.98    131.638    125.209 0.0000e+00
    337.025  37.098158     9.1802    339.828       5371 4.8918e-02    145.047    3.33484 1.0000e-12     0.0001     0.0002     0.0489     1.3260     0.0022     0.0003  1028.3253    26.7927    337.068    6.44982     9.1427    34.6138    1491.98    131.638    125.213 0.0000e+00
    336.707  37.100190     9.1824    339.493       5372 4.8855e-02    145.014    3.33407 1.0000e-12     0.0002     0.0002     0.0489     1.3257     0.0022     0.0003  1028.3235    26.7925    336.736    6.44950     9.1449    34.6139    1491.98    131.657    125.237 0.0000e+00
    336.382  37.102335     9.1849    339.138       5373 4.8952e-02    144.978    3.33326 1.0000e-12     0.0002     0.0001     0.0490     1.3256     0.0023     0.0004  1028.3214    26.7921    336.384    6.44914     9.1475    34.6139    1491.99    131.692    125.277 0.0000e+00
    336.056  37.104433     9.1873    338.782       5374 4.9183e-02    144.956    3.33275 1.0000e-12     0.0001     0.0001     0.0492     1.3255     0.0023     0.0004  1028.3194    26.7917    336.031    6.44879     9.1499    34.6139    1491.99    131.722    125.313 0.0000e+00
    335.739  37.106328     9.1891    338.385       5375 4.9540e-02    144.935    3.33226 1.0000e-12     0.0001     0.0001     0.0495     1.3254     0.0023     0.0005  1028.3177    26.7917    335.638    6.44852     9.1517    34.6143    1491.99    131.713    125.310 0.0000e+00
    335.443  37.108083     9.1908    338.072       5376 4.9770e-02    144.920    3.33192 1.0000e-12     0.0001     0.0002     0.0498     1.3253     0.0024     0.0005  1028.3162    26.7917    335.327    6.44826     9.1535    34.6147    1491.99    131.710    125.312 0.0000e+00
    335.179  37.109800     9.1924    337.758       5377 4.9692e-02    144.931    3.33217 1.0000e-12     0.0001     0.0002     0.0497     1.3253     0.0024     0.0004  1028.3148    26.7917    335.016    6.44801     9.1551    34.6150    1491.99    131.701    125.308 0.0000e+00
    334.955  37.111464     9.1940    337.486       5378 4.9529e-02    144.977    3.33323 1.0000e-12     0.0001     0.0003     0.0495     1.3254     0.0024     0.0004  1028.3136    26.7917    334.747    6.44777     9.1567    34.6153    1491.99    131.699    125.310 0.0000e+00
    334.784  37.113085     9.1954    337.256       5379 4.9406e-02    145.072    3.33540 1.0000e-12     0.0001     0.0003     0.0494     1.3256     0.0024     0.0003  1028.3126    26.7918    334.519    6.44755     9.1582    34.6158    1492.00    131.685    125.299 0.0000e+00
    334.673  37.114699     9.1970    337.194       5380 4.9355e-02    145.200    3.33834 1.0000e-12     0.0001     0.0003     0.0494     1.3260     0.0024     0.0003  1028.3122    26.7917    334.457    6.44731     9.1598    34.6159    1492.00    131.697    125.312 0.0000e+00
    334.622  37.116301     9.1990    337.089       5381 4.9322e-02    145.331    3.34135 1.0000e-12     0.0001     0.0002     0.0493     1.3263     0.0023     0.0003  1028.3112    26.7912    334.353    6.44703     9.1618    34.6157    1492.01    131.744    125.360 0.0000e+00
    334.630  37.117858     9.2011    337.173       5382 4.9140e-02    145.456    3.34423 1.0000e-12     0.0001     0.0002     0.0491     1.3265     0.0023     0.0004  1028.3109    26.7905    334.436    6.44675     9.1639    34.6153    1492.02    131.812    125.426 -9.990e-29
    334.690  37.119187     9.2026    337.257       5383 4.8772e-02    145.578    3.34703 1.0000e-12     0.0001     0.0002     0.0488     1.3268     0.0022     0.0004  1028.3109    26.7901    334.520    6.44654     9.1653    34.6151    1492.02    131.846    125.457 -9.990e-29
    334.795  37.120118     9.2030    337.340       5384 4.8425e-02    145.697    3.34976 1.0000e-12     0.0001     0.0002     0.0484     1.3272     0.0022     0.0005  1028.3117    26.7905    334.602    6.44646     9.1657    34.6157    1492.03    131.814    125.423 -9.990e-29
    334.944  37.120740     9.2039    337.549       5385 4.8260e-02    145.813    3.35243 1.0000e-12     0.0001     0.0002     0.0483     1.3276     0.0022     0.0005  1028.3122    26.7901    334.809    6.44634     9.1666    34.6154    1492.03    131.856    125.460 -9.990e-29
    335.126  37.121148     9.2044    337.780       5386 4.8167e-02    145.911    3.35467 1.0000e-12     0.0002     0.0002     0.0482     1.3279     0.0023     0.0005  1028.3130    26.7899    335.038    6.44628     9.1671    34.6152    1492.04    131.881    125.480 -9.990e-29
    335.327  37.121264     9.2042    338.093       5387 4.8152e-02    145.960    3.35581 1.0000e-12     0.0002     0.0002     0.0482     1.3282     0.0023     0.0004  1028.3146    26.7901    335.348    6.44630     9.1668    34.6154    1492.04    131.871    125.465 -9.990e-29
    335.527  37.121073     9.2038    338.344       5388 4.8327e-02    145.956    3.35571 1.0000e-12     0.0001     0.0002     0.0483     1.3282     0.0023     0.0004  1028.3159    26.7902    335.597    6.44635     9.1664    34.6154    1492.05    131.864    125.453 -9.990e-29
    335.705  37.120676     9.2030    338.616       5389 4.8567e-02    145.917    3.35481 1.0000e-12     0.0001     0.0001     0.0486     1.3282     0.0023     0.0004  1028.3174    26.7905    335.867    6.44646     9.1656    34.6157    1492.05    131.839    125.423 -9.990e-29
    335.846  37.120227     9.2023    338.804       5390 4.8731e-02    145.857    3.35344 1.0000e-12     0.0001     0.0001     0.0487     1.3282     0.0023     0.0004  1028.3185    26.7907    336.053    6.44656     9.1649    34.6158    1492.05    131.822    125.403 -9.990e-29
    335.937  37.119884     9.2016    338.930       5391 4.8819e-02    145.777    3.35161 1.0000e-12     0.0001     0.0002     0.0488     1.3281     0.0023     0.0004  1028.3194    26.7911    336.178    6.44665     9.1642    34.6161    1492.05    131.794    125.373 -9.990e-29
