inst/extdata/S285_ctd/S285-016-HC.ros
* Sea-Bird SBE19plus Data File:
* FileName = C:\Data\CTD\Hex\S285-016-HC.hex
* Software Version 1.25
* Temperature SN =  7706
* Conductivity SN =  7706
* System UpLoad Time = Apr 09 2019 14:11:51
** StationS285-016-HC
** UTC (Time)20:40
** Latitude:38 59.8'S
** Longitude:175 16.55'W
** Bottom Depth [m]4829
** Chief ScientistBen Harden 
** General Locale
** Carousel - SN:7706
** Voltage Channels:	Instrument Name:	Instrument SN:
** Voltage 0	Free	x
** Voltage 1	Free	x
** Voltage 2	Seapoint Chl-a	SCF3735
** Voltage 3	Dissolved O2	3329
** Voltage 4	Par	70623
** Voltage 5	Free	X
** 
** 
# nquan = 17
# nvalues = 108                     
# units = specified
# name 0 = depSM: Depth [salt water, m]
# name 1 = c0mS/cm: Conductivity [mS/cm]
# name 2 = tv290C: Temperature [ITS-90, deg C]
# name 3 = prdM: Pressure, Strain Gauge [db]
# name 4 = scan: Scan Count
# name 5 = flSP: Fluorescence, Seapoint
# name 6 = sbeox0Mm/Kg: Oxygen, SBE 43 [umol/Kg]
# name 7 = sbeox0ML/L: Oxygen, SBE 43 [ml/l]
# name 8 = par: PAR/Irradiance, Biospherical/Licor
# name 9 = v0: Voltage 0
# name 10 = v1: Voltage 1
# name 11 = v2: Voltage 2
# name 12 = v3: Voltage 3
# name 13 = v4: Voltage 4
# name 14 = v5: Voltage 5
# name 15 = nbf: number of bottles fired
# name 16 = flag:  0.000e+00
# interval = seconds: 0.25                        
# start_time = Apr 09 2019 13:36:51
*END*
[from data line 86]
     23.449  47.264824    19.0430     23.623      16366 1.0948e-01    126.729    2.90917 1.9214e+02     0.0000     0.0003     0.1095     1.4324     3.3300     0.0000         10  0.000e+00
     23.284  47.265168    19.0432     23.456      16367 1.1376e-01    126.703    2.90857 1.8502e+02     0.0002     0.0002     0.1138     1.4324     3.3136     0.0003         10  0.000e+00
     23.180  47.265168    19.0437     23.352      16368 1.1276e-01    126.762    2.90992 1.8204e+02     0.0004     0.0002     0.1128     1.4327     3.3066     0.0003         10  0.000e+00
     23.221  47.265789    19.0440     23.394      16369 1.1147e-01    126.797    2.91073 1.6905e+02     0.0000     0.0002     0.1115     1.4330     3.2747     0.0004         10  0.000e+00
      2.892  47.253348    19.0432      2.913      16877 8.5603e-02    140.994    3.23663 9.9961e+01     0.0005     0.0007     0.0856     1.5357     3.0481     0.0004         11  0.000e+00
      2.788  47.253485    19.0431      2.809      16878 8.5451e-02    141.689    3.25259 1.0244e+02     0.0002     0.0000     0.0855     1.5387     3.0586     0.0005         11  0.000e+00
      2.726  47.253209    19.0428      2.746      16879 8.5069e-02    142.573    3.27287 1.0427e+02     0.0000     0.0002     0.0851     1.5425     3.0662     0.0007         11  0.000e+00
      2.643  47.251691    19.0427      2.663      16880 8.3467e-02    143.183    3.28688 1.0889e+02     0.0000     0.0000     0.0835     1.5447     3.0849     0.0007         11  0.000e+00
      2.560  47.252588    19.0422      2.579      16881 8.7892e-02    143.783    3.30065 1.0936e+02     0.0000     0.0000     0.0879     1.5475     3.0867     0.0000         11  0.000e+00
      2.478  47.253484    19.0419      2.496      16882 8.6442e-02    144.303    3.31259 1.1157e+02     0.0002     0.0004     0.0864     1.5505     3.0954     0.0003         11  0.000e+00
      2.332  47.254311    19.0421      2.350      16883 8.2094e-02    144.748    3.32280 1.0670e+02     0.0005     0.0002     0.0821     1.5536     3.0761     0.0002         11  0.000e+00
      2.146  47.254103    19.0426      2.162      16884 8.1636e-02    146.950    3.37335 1.0151e+02     0.0001     0.0000     0.0816     1.5668     3.0547     0.0003         11  0.000e+00
      2.022  47.253482    19.0430      2.037      16885 7.9423e-02    148.507    3.40910 1.0058e+02     0.0002     0.0000     0.0794     1.5744     3.0507     0.0000         11  0.000e+00
      1.711  47.253480    19.0432      1.724      16887 8.2780e-02    148.239    3.40293 1.1847e+02     0.0005     0.0001     0.0828     1.5721     3.1212     0.0000         12  0.000e+00
      1.608  47.253204    19.0432      1.619      16888 8.2322e-02    147.916    3.39552 1.2906e+02     0.0000     0.0000     0.0823     1.5715     3.1582     0.0000         12  0.000e+00
      1.504  47.253204    19.0433      1.515      16889 8.5374e-02    148.402    3.40667 1.2633e+02     0.0002     0.0003     0.0854     1.5766     3.1489     0.0000         12  0.000e+00
      1.380  47.253203    19.0433      1.390      16890 8.8808e-02    149.095    3.42259 1.0617e+02     0.0002     0.0002     0.0888     1.5828     3.0740     0.0002         12  0.000e+00
      1.297  47.252858    19.0432      1.307      16891 8.6976e-02    150.006    3.44350 1.0260e+02     0.0000     0.0006     0.0870     1.5900     3.0593     0.0005         12  0.000e+00
      1.276  47.253478    19.0431      1.286      16892 8.0949e-02    150.450    3.45370 1.0947e+02     0.0002     0.0006     0.0809     1.5943     3.0872     0.0000         12  0.000e+00
      1.235  47.253823    19.0432      1.244      16893 8.6366e-02    150.959    3.46538 1.2302e+02     0.0000     0.0002     0.0864     1.5967     3.1375     0.0005         12  0.000e+00
      1.235  47.253823    19.0434      1.244      16894 8.4382e-02    153.783    3.53022 1.2977e+02     0.0002     0.0003     0.0844     1.6114     3.1605     0.0006         12  0.000e+00
      1.234  47.254030    19.0435      1.244      16895 8.8350e-02    155.893    3.57865 1.2194e+02     0.0002     0.0001     0.0883     1.6212     3.1337     0.0002         12  0.000e+00
