inst/extdata/S285_ctd/S285-007-HC.cnv
* Sea-Bird SBE19plus Data File:
* FileName = C:\Data\CTD\Hex\S285-007-HC.hex
* Software Version 1.25
* Temperature SN =  7706
* Conductivity SN =  7706
* System UpLoad Time = Apr 04 2019 13:27:13
** StationS285-007-HC
** UTC (Time)04/04/19  10:35
** Latitude:43 55.1 S
** Longitude:179 13.2 E
** Bottom Depth [m]540
** Chief ScientistBen Harden 
** General Locale-
** Carousel - SN:7706
** Voltage Channels:	Instrument Name:	Instrument SN:
** Voltage 0	Free	x
** Voltage 1	Free	x
** Voltage 2	Seapoint Chl-a	SCF3735
** Voltage 3	Dissolved O2	3329
** Voltage 4	Par	70623
** Voltage 5	Free	X
** 
# nquan = 25                                
# nvalues = 9161                        
# units = specified
# name 0 = depSM: Depth [salt water, m]
# name 1 = c0mS/cm: Conductivity [mS/cm]
# name 2 = tv290C: Temperature [ITS-90, deg C]
# name 3 = prdM: Pressure, Strain Gauge [db]
# name 4 = scan: Scan Count
# name 5 = flSP: Fluorescence, Seapoint
# name 6 = sbeox0Mm/Kg: Oxygen, SBE 43 [umol/Kg]
# name 7 = sbeox0ML/L: Oxygen, SBE 43 [ml/l]
# name 8 = par: PAR/Irradiance, Biospherical/Licor
# name 9 = v0: Voltage 0
# name 10 = v1: Voltage 1
# name 11 = v2: Voltage 2
# name 12 = v3: Voltage 3
# name 13 = v4: Voltage 4
# name 14 = v5: Voltage 5
# name 15 = density00: Density [density, Kg/m^3]
# name 16 = sigma-é00: Density [sigma-theta, Kg/m^3]
# name 17 = depSM: Depth [salt water, m], lat = -36
# name 18 = oxsatML/L: Oxygen Saturation [ml/l]
# name 19 = potemp090C: Potential Temperature [ITS-90, deg C]
# name 20 = sal00: Salinity [PSU]
# name 21 = svCM: Sound Velocity [Chen-Millero, m/s]
# name 22 = sva: Specific Volume Anomaly [10^-8 * m^3/Kg]
# name 23 = tsa: Thermosteric Anomaly [10^-8 * m^3/Kg]
# name 24 = flag: flag
# span 0 =     -0.037,    490.640       
# span 1 =   0.011888,  42.593788       
# span 2 =     7.5247,    15.2469       
# span 3 =     -0.072,    495.004       
# span 4 =          1,       9161       
# span 5 = 1.2236e-02, 2.7550e+00       
# span 6 =    145.241,    362.840       
# span 7 =    3.33341,    8.33183       
# span 8 = 1.0000e-12, 1.0048e+03       
# span 9 =     0.0000,     0.0005       
# span 10 =     0.0000,     0.0005      
# span 11 =     0.0122,     2.7550      
# span 12 =     1.3798,     2.6234      
# span 13 =     0.0020,     4.0468      
# span 14 =     0.0000,     0.0007      
# span 15 =   999.3213,  1029.1361      
# span 16 =    -0.6785,    26.8882      
# span 17 =     -0.071,    490.800      
# span 18 =    5.67766,    7.28883      
# span 19 =     7.4760,    15.2457      
# span 20 =     0.0119,    34.7039      
# span 21 =    1460.47,    1507.32      
# span 22 =    123.722,   2801.692      
# span 23 =    116.245,   2801.896      
# span 24 = 0.0000e+00, 0.0000e+00      
# interval = seconds: 0.25                        
# start_time = Apr 03 2019 14:33:02
# bad_flag = -9.990e-29
*END*
[from data line 1102]
      6.968  42.584724    15.2416      7.057       1103 2.0549e+00    229.553    5.27119 1.1094e+02     0.0002     0.0002     2.0549     2.0554     3.0927     0.0002  1025.5491    25.5180      7.005    5.67830    15.2405    34.4799    1506.95    245.716    245.717 -9.990e-29
      6.978  42.584775    15.2416      7.036       1104 1.9430e+00    228.520    5.24746 1.0990e+02     0.0002     0.0002     1.9430     2.0516     3.0887     0.0002  1025.5490    25.5181      6.984    5.67829    15.2405    34.4799    1506.95    245.711    245.713 -9.990e-29
      6.983  42.584804    15.2415      7.078       1105 1.6374e+00    227.661    5.22773 1.0936e+02     0.0003     0.0001     1.6374     2.0480     3.0866     0.0002  1025.5493    25.5182      7.026    5.67830    15.2404    34.4800    1506.95    245.703    245.704 -9.990e-29
      6.979  42.584875    15.2417      7.078       1106 1.3262e+00    227.328    5.22008 1.0928e+02     0.0003     0.0001     1.3262     2.0463     3.0863     0.0002  1025.5492    25.5180      7.026    5.67828    15.2406    34.4799    1506.95    245.715    245.716 -9.990e-29
      6.964  42.585007    15.2421      7.057       1107 1.1233e+00    227.868    5.23248 1.0958e+02     0.0003     0.0001     1.1233     2.0479     3.0875     0.0003  1025.5488    25.5178      7.005    5.67825    15.2410    34.4797    1506.95    245.740    245.741 -9.990e-29
      6.942  42.585100    15.2422      6.973       1108 1.0014e+00    229.275    5.26479 1.1012e+02     0.0003     0.0001     1.0014     2.0527     3.0897     0.0003  1025.5485    25.5178      6.922    5.67823    15.2411    34.4797    1506.95    245.737    245.741 -9.990e-29
      6.920  42.585081    15.2421      6.973       1109 9.3180e-01    231.337    5.31214 1.1067e+02     0.0003     0.0001     0.9318     2.0596     3.0918     0.0004  1025.5486    25.5178      6.922    5.67824    15.2410    34.4798    1506.95    245.730    245.733 -9.990e-29
      6.898  42.584984    15.2421      6.952       1110 9.1554e-01    233.705    5.36652 1.1096e+02     0.0002     0.0002     0.9156     2.0673     3.0930     0.0004  1025.5484    25.5178      6.901    5.67825    15.2410    34.4797    1506.95    245.735    245.739 -9.990e-29
      6.877  42.584865    15.2419      6.911       1111 9.5803e-01    235.916    5.41729 1.1093e+02     0.0002     0.0002     0.9580     2.0738     3.0928     0.0004  1025.5483    25.5179      6.860    5.67827    15.2409    34.4798    1506.95    245.723    245.729 -9.990e-29
      6.861  42.584747    15.2416      6.869       1112 1.0554e+00    237.557    5.45497 1.1066e+02     0.0001     0.0003     1.0554     2.0779     3.0918     0.0004  1025.5483    25.5181      6.819    5.67829    15.2406    34.4800    1506.94    245.703    245.710 -9.990e-29
      6.853  42.584657    15.2414      6.869       1113 1.1416e+00    238.342    5.47299 1.1031e+02     0.0001     0.0002     1.1416     2.0792     3.0904     0.0003  1025.5485    25.5182      6.819    5.67831    15.2404    34.4801    1506.94    245.692    245.699 -9.990e-29
      6.854  42.584628    15.2413      6.869       1114 1.1238e+00    238.230    5.47043 1.0988e+02     0.0001     0.0002     1.1238     2.0784     3.0887     0.0003  1025.5485    25.5183      6.819    5.67832    15.2403    34.4801    1506.94    245.685    245.692 -9.990e-29
      6.867  42.584648    15.2416      6.827       1115 1.0308e+00    237.475    5.45310 1.0934e+02     0.0001     0.0001     1.0308     2.0768     3.0866     0.0002  1025.5481    25.5180      6.777    5.67830    15.2406    34.4799    1506.94    245.707    245.715 -9.990e-29
      6.898  42.584682    15.2419      6.869       1116 9.4623e-01    236.395    5.42829 1.0871e+02     0.0001     0.0001     0.9462     2.0754     3.0841     0.0002  1025.5480    25.5178      6.819    5.67827    15.2409    34.4797    1506.94    245.733    245.740 -9.990e-29
      6.950  42.584665    15.2418      6.931       1117 8.9136e-01    235.189    5.40060 1.0812e+02     0.0001     0.0001     0.8914     2.0738     3.0818     0.0002  1025.5484    25.5178      6.880    5.67828    15.2407    34.4797    1506.95    245.729    245.734 -9.990e-29
      7.015  42.584552    15.2406      7.057       1118 8.5936e-01    233.884    5.37062 1.0766e+02     0.0001     0.0001     0.8594     2.0713     3.0800     0.0002  1025.5499    25.5188      7.005    5.67839    15.2395    34.4806    1506.95    245.641    245.643 -9.990e-29
      7.086  42.584525    15.2409      7.140       1119 8.3212e-01    232.489    5.33859 1.0730e+02     0.0001     0.0002     0.8321     2.0674     3.0785     0.0002  1025.5499    25.5185      7.088    5.67836    15.2398    34.4803    1506.95    245.674    245.673 -9.990e-29
      7.157  42.584695    15.2420      7.223       1120 8.0774e-01    231.248    5.31009 1.0690e+02     0.0001     0.0002     0.8077     2.0632     3.0769     0.0002  1025.5494    25.5176      7.170    5.67827    15.2409    34.4794    1506.95    245.761    245.758 -9.990e-29
      7.222  42.584764    15.2418      7.328       1121 7.9683e-01    230.390    5.29040 1.0644e+02     0.0002     0.0003     0.7968     2.0602     3.0751     0.0002  1025.5501    25.5178      7.274    5.67828    15.2407    34.4796    1506.95    245.746    245.739 -9.990e-29
      7.275  42.584521    15.2415      7.411       1122 7.9261e-01    229.949    5.28027 1.0597e+02     0.0002     0.0003     0.7926     2.0585     3.0732     0.0002  1025.5505    25.5179      7.357    5.67832    15.2404    34.4796    1506.95    245.741    245.732 -9.990e-29
      7.308  42.584074    15.2409      7.453       1123 7.8429e-01    229.892    5.27895 1.0556e+02     0.0002     0.0003     0.7843     2.0581     3.0715     0.0002  1025.5509    25.5181      7.398    5.67838    15.2398    34.4798    1506.95    245.722    245.712 -9.990e-29
      7.321  42.583567    15.2401      7.453       1124 7.6723e-01    230.053    5.28266 1.0525e+02     0.0002     0.0002     0.7672     2.0582     3.0702     0.0002  1025.5513    25.5185      7.398    5.67846    15.2390    34.4800    1506.95    245.687    245.677 -9.990e-29
      7.311  42.583111    15.2394      7.474       1125 7.4929e-01    230.155    5.28500 1.0505e+02     0.0002     0.0002     0.7493     2.0573     3.0694     0.0002  1025.5517    25.5188      7.419    5.67854    15.2383    34.4802    1506.95    245.659    245.648 -9.990e-29
      7.280  42.582757    15.2391      7.390       1126 7.4038e-01    229.955    5.28041 1.0505e+02     0.0002     0.0002     0.7404     2.0545     3.0694     0.0002  1025.5514    25.5188      7.336    5.67857    15.2380    34.4802    1506.95    245.652    245.643 -9.990e-29
      7.232  42.582524    15.2386      7.328       1127 7.4367e-01    229.355    5.26663 1.0533e+02     0.0002     0.0002     0.7437     2.0499     3.0705     0.0002  1025.5514    25.5191      7.274    5.67862    15.2375    34.4804    1506.94    245.621    245.614 -9.990e-29
      7.174  42.582448    15.2386      7.265       1128 7.6403e-01    228.472    5.24636 1.0590e+02     0.0002     0.0002     0.7640     2.0449     3.0728     0.0002  1025.5511    25.5191      7.212    5.67862    15.2375    34.4804    1506.94    245.622    245.617 -9.990e-29
      7.110  42.582530    15.2388      7.119       1129 7.9205e-01    227.453    5.22296 1.0669e+02     0.0002     0.0002     0.7920     2.0403     3.0760     0.0002  1025.5503    25.5190      7.067    5.67860    15.2377    34.4803    1506.94    245.625    245.625 -9.990e-29
      7.052  42.582718    15.2393      7.077       1130 7.9818e-01    226.279    5.19601 1.0765e+02     0.0002     0.0002     0.7981     2.0356     3.0799     0.0002  1025.5499    25.5187      7.025    5.67855    15.2382    34.4801    1506.94    245.653    245.654 -9.990e-29
      7.003  42.582934    15.2395      6.994       1131 7.8050e-01    224.880    5.16388 1.0872e+02     0.0002     0.0003     0.7805     2.0300     3.0841     0.0002  1025.5495    25.5187      6.943    5.67853    15.2384    34.4801    1506.94    245.651    245.654 -9.990e-29
      6.966  42.583125    15.2399      6.973       1132 7.6790e-01    223.389    5.12965 1.0977e+02     0.0001     0.0003     0.7679     2.0236     3.0882     0.0002  1025.5492    25.5185      6.922    5.67849    15.2388    34.4800    1506.94    245.671    245.675 -9.990e-29
      6.941  42.583298    15.2402      6.952       1133 7.6885e-01    222.134    5.10081 1.1060e+02     0.0001     0.0002     0.7689     2.0178     3.0915     0.0003  1025.5489    25.5183      6.901    5.67846    15.2391    34.4799    1506.94    245.684    245.689 -9.990e-29
      6.924  42.583439    15.2404      6.952       1134 7.6963e-01    221.390    5.08374 1.1106e+02     0.0001     0.0002     0.7697     2.0138     3.0933     0.0003  1025.5488    25.5182      6.901    5.67844    15.2393    34.4798    1506.94    245.692    245.696 -9.990e-29
      6.914  42.583487    15.2406      6.952       1135 7.6358e-01    221.284    5.08129 1.1115e+02     0.0002     0.0002     0.7636     2.0122     3.0937     0.0003  1025.5487    25.5181      6.901    5.67842    15.2395    34.4797    1506.94    245.706    245.710 -9.990e-29
      6.908  42.583456    15.2405      6.952       1136 7.5275e-01    221.851    5.09431 1.1103e+02     0.0002     0.0003     0.7528     2.0133     3.0932     0.0002  1025.5488    25.5182      6.901    5.67843    15.2394    34.4797    1506.94    245.699    245.704 -9.990e-29
      6.901  42.583416    15.2404      6.973       1137 7.4124e-01    223.201    5.12532 1.1091e+02     0.0003     0.0003     0.7412     2.0173     3.0928     0.0002  1025.5489    25.5182      6.922    5.67844    15.2393    34.4798    1506.94    245.695    245.699 -9.990e-29
      6.892  42.583375    15.2404      6.952       1138 7.3860e-01    225.318    5.17392 1.1092e+02     0.0002     0.0003     0.7386     2.0240     3.0928     0.0002  1025.5488    25.5182      6.901    5.67844    15.2393    34.4798    1506.94    245.696    245.701 -9.990e-29
      6.880  42.583277    15.2402      6.931       1139 7.4016e-01    227.676    5.22806 1.1112e+02     0.0002     0.0002     0.7402     2.0307     3.0936     0.0003  1025.5488    25.5183      6.880    5.67846    15.2391    34.4799    1506.94    245.684    245.689 -9.990e-29
      6.869  42.583096    15.2402      6.910       1140 7.3363e-01    229.630    5.27293 1.1155e+02     0.0002     0.0002     0.7336     2.0352     3.0952     0.0003  1025.5486    25.5182      6.859    5.67846    15.2392    34.4797    1506.94    245.695    245.701 -9.990e-29
      6.858  42.582829    15.2401      6.910       1141 7.2549e-01    230.969    5.30369 1.1218e+02     0.0002     0.0002     0.7255     2.0377     3.0977     0.0003  1025.5485    25.5181      6.859    5.67848    15.2391    34.4795    1506.94    245.704    245.710 -9.990e-29
      6.848  42.582461    15.2393      6.910       1142 7.2645e-01    231.764    5.32195 1.1287e+02     0.0002     0.0001     0.7265     2.0395     3.1003     0.0003  1025.5490    25.5186      6.859    5.67856    15.2383    34.4799    1506.94    245.660    245.666 -9.990e-29
      6.837  42.582062    15.2386      6.868       1143 7.4136e-01    232.072    5.32901 1.1345e+02     0.0001     0.0001     0.7414     2.0408     3.1025     0.0002  1025.5492    25.5189      6.818    5.67863    15.2376    34.4802    1506.94    245.625    245.631 -9.990e-29
      6.827  42.581811    15.2387      6.889       1144 7.6742e-01    231.810    5.32300 1.1380e+02     0.0001     0.0001     0.7675     2.0410     3.1038     0.0002  1025.5490    25.5186      6.839    5.67863    15.2377    34.4799    1506.94    245.651    245.657 -9.990e-29
      6.816  42.581730    15.2386      6.868       1145 7.9672e-01    230.903    5.30219 1.1385e+02     0.0001     0.0001     0.7968     2.0394     3.1040     0.0001  1025.5489    25.5187      6.818    5.67864    15.2376    34.4799    1506.93    245.647    245.653 -9.990e-29
      6.806  42.581633    15.2384      6.827       1146 8.2319e-01    229.659    5.27362 1.1357e+02     0.0001     0.0001     0.8232     2.0368     3.1029     0.0001  1025.5489    25.5188      6.777    5.67866    15.2374    34.4800    1506.93    245.634    245.641 -9.990e-29
      6.802  42.581482    15.2380      6.827       1147 8.4909e-01    228.624    5.24986 1.1294e+02     0.0001     0.0002     0.8491     2.0351     3.1005     0.0002  1025.5491    25.5191      6.777    5.67870    15.2370    34.4802    1506.93    245.609    245.617 -9.990e-29
      6.804  42.581377    15.2377      6.827       1148 8.9747e-01    228.020    5.23598 1.1197e+02     0.0002     0.0002     0.8975     2.0345     3.0967     0.0002  1025.5493    25.5193      6.777    5.67872    15.2367    34.4804    1506.93    245.591    245.599 -9.990e-29
      6.813  42.581370    15.2377      6.827       1149 9.9076e-01    227.605    5.22645 1.1073e+02     0.0002     0.0001     0.9908     2.0340     3.0919     0.0003  1025.5493    25.5193      6.777    5.67872    15.2367    34.4804    1506.93    245.591    245.599 -9.990e-29
      6.832  42.581481    15.2379      6.827       1150 1.1428e+00    227.108    5.21504 1.0934e+02     0.0002     0.0001     1.1428     2.0323     3.0864     0.0003  1025.5492    25.5192      6.777    5.67870    15.2369    34.4803    1506.93    245.601    245.609 -9.990e-29
      6.864  42.581681    15.2383      6.847       1151 1.2710e+00    226.441    5.19973 1.0786e+02     0.0002     0.0001     1.2711     2.0294     3.0805     0.0003  1025.5491    25.5189      6.797    5.67866    15.2373    34.4801    1506.93    245.623    245.630 -9.990e-29
      6.910  42.581894    15.2387      6.931       1152 1.2443e+00    225.491    5.17791 1.0634e+02     0.0002     0.0001     1.2443     2.0247     3.0744     0.0004  1025.5492    25.5187      6.880    5.67863    15.2376    34.4799    1506.94    245.648    245.653 -9.990e-29
      6.965  42.582042    15.2389      7.014       1153 1.1178e+00    224.286    5.15023 1.0482e+02     0.0002     0.0002     1.1178     2.0188     3.0682     0.0004  1025.5495    25.5186      6.963    5.67861    15.2378    34.4799    1506.94    245.660    245.663 -9.990e-29
      7.021  42.582091    15.2392      7.077       1154 1.0086e+00    223.224    5.12585 1.0339e+02     0.0002     0.0002     1.0086     2.0142     3.0623     0.0004  1025.5495    25.5183      7.025    5.67858    15.2381    34.4796    1506.94    245.686    245.687 -9.990e-29
      7.074  42.582062    15.2390      7.160       1155 9.3688e-01    222.768    5.11538 1.0215e+02     0.0002     0.0002     0.9369     2.0130     3.0571     0.0004  1025.5500    25.5185      7.108    5.67860    15.2379    34.4797    1506.94    245.676    245.674 -9.990e-29
      7.121  42.582009    15.2389      7.202       1156 8.8482e-01    222.984    5.12032 1.0124e+02     0.0002     0.0002     0.8848     2.0146     3.0533     0.0004  1025.5502    25.5185      7.149    5.67861    15.2378    34.4797    1506.94    245.673    245.670 -9.990e-29
      7.156  42.581962    15.2387      7.306       1157 8.3298e-01    223.594    5.13435 1.0082e+02     0.0002     0.0002     0.8330     2.0167     3.0514     0.0004  1025.5508    25.5186      7.252    5.67863    15.2376    34.4798    1506.94    245.665    245.659 -9.990e-29
      7.172  42.581940    15.2385      7.306       1158 7.8971e-01    224.375    5.15229 1.0106e+02     0.0002     0.0002     0.7897     2.0183     3.0523     0.0004  1025.5510    25.5188      7.252    5.67865    15.2374    34.4800    1506.94    245.650    245.644 -9.990e-29
      7.168  42.581957    15.2385      7.285       1159 7.6352e-01    225.264    5.17270 1.0207e+02     0.0002     0.0002     0.7635     2.0197     3.0565     0.0003  1025.5509    25.5188      7.232    5.67864    15.2374    34.4800    1506.94    245.647    245.642 -9.990e-29
