inst/extdata/S285_ctd/S285-002-HC.cnv
* Sea-Bird SBE19plus Data File:
* FileName = Y:\CTD\Hex\S285-002-HC.hex
* Software Version 1.25
* Temperature SN =  7706
* Conductivity SN =  7706
* System UpLoad Time = Apr 02 2019 12:33:21
** StationS285-002-HC
** UTC (Time)21:36
** Latitude:43 33.03'S
** Longitude:174 37.03'E
** Bottom Depth [m]483
** Chief ScientistBen Harden 
** General Locale
# nquan = 25                                
# nvalues = 9029                        
# units = specified
# name 0 = depSM: Depth [salt water, m]
# name 1 = c0mS/cm: Conductivity [mS/cm]
# name 2 = tv290C: Temperature [ITS-90, deg C]
# name 3 = prdM: Pressure, Strain Gauge [db]
# name 4 = scan: Scan Count
# name 5 = flSP: Fluorescence, Seapoint
# name 6 = sbeox0Mm/Kg: Oxygen, SBE 43 [umol/Kg]
# name 7 = sbeox0ML/L: Oxygen, SBE 43 [ml/l]
# name 8 = par: PAR/Irradiance, Biospherical/Licor
# name 9 = v0: Voltage 0
# name 10 = v1: Voltage 1
# name 11 = v2: Voltage 2
# name 12 = v3: Voltage 3
# name 13 = v4: Voltage 4
# name 14 = v5: Voltage 5
# name 15 = density00: Density [density, Kg/m^3]
# name 16 = sigma-é00: Density [sigma-theta, Kg/m^3]
# name 17 = depSM: Depth [salt water, m], lat = -36
# name 18 = oxsatML/L: Oxygen Saturation [ml/l]
# name 19 = potemp090C: Potential Temperature [ITS-90, deg C]
# name 20 = sal00: Salinity [PSU]
# name 21 = svCM: Sound Velocity [Chen-Millero, m/s]
# name 22 = sva: Specific Volume Anomaly [10^-8 * m^3/Kg]
# name 23 = tsa: Thermosteric Anomaly [10^-8 * m^3/Kg]
# name 24 = flag: flag
# span 0 =     -0.088,    390.113       
# span 1 =   0.000935,  42.415519       
# span 2 =     8.5536,    14.9442       
# span 3 =     -0.133,    393.570       
# span 4 =          1,       9029       
# span 5 = 4.2167e-02, 4.8069e+00       
# span 6 =     76.859,    330.829       
# span 7 =    1.76618,    7.48592       
# span 8 = 1.0000e-12, 3.6122e+03       
# span 9 =     0.0000,     0.0004       
# span 10 =     0.0000,     0.0005      
# span 11 =     0.0422,     4.8069      
# span 12 =     1.0771,     2.3115      
# span 13 =     0.0019,     4.6018      
# span 14 =     0.0001,     0.0007      
# span 15 =   999.3141,  1028.5970      
# span 16 =    -0.6855,    26.8175      
# span 17 =     -0.132,    390.323      
# span 18 =    5.70859,    7.30020      
# span 19 =     8.5119,    14.9427      
# span 20 =     0.0070,    34.7218      
# span 21 =    1460.21,    1506.46      
# span 22 =    129.869,   2802.391      
# span 23 =    122.901,   2802.594      
# span 24 = 0.0000e+00, 0.0000e+00      
# interval = seconds: 0.25                        
# start_time = Apr 01 2019 14:33:10
# bad_flag = -9.990e-29
*END*
[from data line 1914]
     29.751  42.383043    14.9021     30.122       1915 4.6943e+00    156.564    3.59570 1.1150e+00     0.0003     0.0001     4.6943     1.5488     1.3493     0.0003  1025.8090    25.6762     29.900    5.71343    14.8976    34.5874    1506.38    231.398    230.747 0.0000e+00
     29.848  42.383207    14.9023     30.163       1916 4.7164e+00    156.392    3.59174 1.0836e+00     0.0003     0.0001     4.7164     1.5486     1.3428     0.0002  1025.8091    25.6762     29.940    5.71340    14.8978    34.5874    1506.38    231.407    230.754 0.0000e+00
     29.918  42.383282    14.9026     30.226       1917 4.7473e+00    156.271    3.58897 1.0566e+00     0.0003     0.0001     4.7473     1.5484     1.3370     0.0002  1025.8092    25.6759     30.003    5.71338    14.8981    34.5872    1506.39    231.431    230.777 0.0000e+00
     29.967  42.383212    14.9023     30.268       1918 4.7630e+00    156.195    3.58724 1.0340e+00     0.0002     0.0001     4.7630     1.5483     1.3321     0.0001  1025.8096    25.6761     30.045    5.71341    14.8978    34.5874    1506.39    231.413    230.757 0.0000e+00
     29.996  42.383018    14.9021     30.309       1919 4.7683e+00    156.144    3.58607 1.0161e+00     0.0002     0.0002     4.7683     1.5482     1.3281     0.0001  1025.8098    25.6762     30.085    5.71343    14.8976    34.5873    1506.39    231.411    230.754 0.0000e+00
     30.005  42.382763    14.9016     30.288       1920 4.7659e+00    156.101    3.58508 1.0030e+00     0.0003     0.0002     4.7659     1.5481     1.3252     0.0002  1025.8100    25.6764     30.064    5.71348    14.8971    34.5876    1506.38    231.384    230.728 -9.990e-29
     29.999  42.382533    14.9016     30.247       1921 4.7546e+00    156.061    3.58414 9.9440e-01     0.0003     0.0003     4.7546     1.5479     1.3233     0.0002  1025.8096    25.6763     30.024    5.71349    14.8971    34.5874    1506.38    231.397    230.742 -9.990e-29
     29.984  42.382363    14.9015     30.247       1922 4.7304e+00    156.028    3.58339 9.8997e-01     0.0003     0.0003     4.7304     1.5477     1.3223     0.0002  1025.8096    25.6763     30.024    5.71350    14.8970    34.5873    1506.38    231.399    230.745 -9.990e-29
     29.963  42.382169    14.9014     30.184       1923 4.7116e+00    156.006    3.58289 9.8865e-01     0.0003     0.0002     4.7116     1.5475     1.3220     0.0002  1025.8093    25.6762     29.961    5.71351    14.8969    34.5872    1506.38    231.400    230.747 -9.990e-29
     29.942  42.381933    14.9007     30.121       1924 4.7185e+00    155.997    3.58267 9.8818e-01     0.0003     0.0002     4.7185     1.5474     1.3218     0.0003  1025.8095    25.6767     29.899    5.71358    14.8962    34.5877    1506.38    231.352    230.701 -9.990e-29
     29.932  42.381742    14.9002     30.059       1925 4.7278e+00    156.005    3.58285 9.8613e-01     0.0003     0.0002     4.7278     1.5474     1.3213     0.0003  1025.8096    25.6770     29.837    5.71363    14.8957    34.5880    1506.38    231.318    230.669 -9.990e-29
     29.947  42.381678    14.9004     30.017       1926 4.7167e+00    156.037    3.58358 9.7990e-01     0.0002     0.0002     4.7167     1.5475     1.3197     0.0003  1025.8092    25.6768     29.796    5.71361    14.8959    34.5877    1506.38    231.338    230.689 -9.990e-29
     29.995  42.381745    14.9007     30.079       1927 4.7028e+00    156.103    3.58512 9.6665e-01     0.0002     0.0002     4.7028     1.5477     1.3164     0.0003  1025.8092    25.6766     29.857    5.71358    14.8962    34.5875    1506.38    231.362    230.712 -9.990e-29
     30.077  42.381842    14.9011     30.184       1928 4.7100e+00    156.208    3.58752 9.4403e-01     0.0001     0.0002     4.7100     1.5481     1.3109     0.0003  1025.8093    25.6763     29.961    5.71355    14.8966    34.5872    1506.38    231.396    230.743 -9.990e-29
     30.195  42.381856    14.9011     30.205       1929 4.7264e+00    156.337    3.59047 9.1001e-01     0.0001     0.0002     4.7264     1.5485     1.3024     0.0002  1025.8094    25.6763     29.982    5.71355    14.8966    34.5872    1506.38    231.397    230.743 -9.990e-29
     30.361  42.381735    14.9008     30.372       1930 4.7291e+00    156.477    3.59370 8.6398e-01     0.0001     0.0002     4.7291     1.5490     1.2908     0.0002  1025.8103    25.6764     30.148    5.71358    14.8963    34.5873    1506.38    231.389    230.730 0.0000e+00
     30.578  42.381454    14.9007     30.622       1931 4.7266e+00    156.641    3.59746 8.0686e-01     0.0001     0.0002     4.7266     1.5496     1.2760     0.0002  1025.8112    25.6762     30.396    5.71360    14.8961    34.5870    1506.39    231.413    230.748 0.0000e+00
     30.841  42.380957    14.9005     30.914       1932 4.7327e+00    156.846    3.60217 7.4062e-01     0.0002     0.0002     4.7327     1.5504     1.2584     0.0002  1025.8123    25.6760     30.686    5.71364    14.8959    34.5866    1506.39    231.446    230.772 0.0000e+00
     31.141  42.380169    14.8998     31.269       1933 4.7343e+00    157.079    3.60753 6.6857e-01     0.0002     0.0001     4.7343     1.5513     1.2386     0.0002  1025.8138    25.6760     31.038    5.71373    14.8951    34.5864    1506.39    231.459    230.776 0.0000e+00
     31.466  42.378991    14.8993     31.665       1934 4.7246e+00    157.312    3.61288 5.9444e-01     0.0001     0.0001     4.7246     1.5522     1.2174     0.0002  1025.8151    25.6755     31.431    5.71381    14.8946    34.5856    1506.40    231.518    230.823 0.0000e+00
     31.801  42.377278    14.8979     32.041       1935 4.7221e+00    157.527    3.61782 5.2215e-01     0.0001     0.0001     4.7221     1.5531     1.1960     0.0002  1025.8167    25.6754     31.804    5.71399    14.8931    34.5851    1506.40    231.534    230.829 0.0000e+00
     32.135  42.374882    14.8945     32.437       1936 4.7340e+00    157.718    3.62220 4.5503e-01     0.0001     0.0001     4.7340     1.5539     1.1753     0.0003  1025.8197    25.6767     32.197    5.71436    14.8897    34.5858    1506.40    231.426    230.709 0.0000e+00
     32.454  42.371961    14.8917     32.792       1937 4.7454e+00    157.883    3.62598 3.9528e-01     0.0001     0.0001     4.7454     1.5547     1.1562     0.0003  1025.8216    25.6771     32.550    5.71469    14.8868    34.5855    1506.39    231.401    230.675 0.0000e+00
     32.749  42.368723    14.8886     33.125       1938 4.7472e+00    158.002    3.62870 3.4497e-01     0.0001     0.0001     4.7472     1.5553     1.1395     0.0003  1025.8235    25.6775     32.880    5.71506    14.8837    34.5851    1506.39    231.371    230.635 0.0000e+00
     33.014  42.365058    14.8843     33.397       1939 4.7450e+00    158.039    3.62956 3.0531e-01     0.0001     0.0001     4.7450     1.5556     1.1261     0.0003  1025.8260    25.6787     33.150    5.71554    14.8793    34.5855    1506.38    231.263    230.520 0.0000e+00
     33.246  42.361035    14.8807     33.605       1940 4.7443e+00    157.984    3.62829 2.7535e-01     0.0001     0.0001     4.7443     1.5556     1.1156     0.0002  1025.8272    25.6791     33.357    5.71598    14.8757    34.5849    1506.37    231.235    230.486 0.0000e+00
     33.449  42.356741    14.8775     33.814       1941 4.7375e+00    157.844    3.62508 2.5262e-01     0.0001     0.0001     4.7375     1.5553     1.1075     0.0002  1025.8280    25.6789     33.564    5.71639    14.8725    34.5838    1506.36    231.260    230.505 0.0000e+00
     33.627  42.351826    14.8736     33.939       1942 4.7135e+00    157.636    3.62030 2.3434e-01     0.0001     0.0001     4.7135     1.5547     1.1006     0.0002  1025.8285    25.6789     33.688    5.71688    14.8685    34.5827    1506.35    231.261    230.503 0.0000e+00
     33.789  42.345831    14.8683     34.064       1943 4.6936e+00    157.386    3.61457 2.1786e-01     0.0001     0.0001     4.6936     1.5540     1.0942     0.0001  1025.8296    25.6794     33.812    5.71752    14.8632    34.5819    1506.33    231.215    230.454 0.0000e+00
     33.945  42.338506    14.8623     34.168       1944 4.7008e+00    157.128    3.60863 2.0061e-01     0.0001     0.0002     4.7008     1.5533     1.0871     0.0001  1025.8303    25.6797     33.916    5.71826    14.8572    34.5805    1506.32    231.196    230.432 0.0000e+00
     34.110  42.329663    14.8554     34.273       1945 4.7141e+00    156.887    3.60309 1.8049e-01     0.0000     0.0002     4.7141     1.5525     1.0785     0.0002  1025.8307    25.6796     34.020    5.71912    14.8503    34.5785    1506.29    231.202    230.436 0.0000e+00
     34.296  42.318826    14.8475     34.419       1946 4.7146e+00    156.684    3.59844 1.5697e-01     0.0000     0.0001     4.7146     1.5518     1.0679     0.0002  1025.8308    25.6791     34.165    5.72014    14.8424    34.5755    1506.27    231.258    230.488 0.0000e+00
     34.511  42.305115    14.8380     34.648       1947 4.6968e+00    156.548    3.59530 1.3070e-01     0.0001     0.0001     4.6968     1.5512     1.0553     0.0002  1025.8307    25.6779     34.392    5.72138    14.8328    34.5714    1506.24    231.374    230.598 0.0000e+00
     34.756  42.287166    14.8194     34.898       1948 4.6575e+00    156.504    3.59428 1.0203e-01     0.0001     0.0002     4.6575     1.5508     1.0404     0.0002  1025.8359    25.6820     34.640    5.72353    14.8142    34.5714    1506.18    230.995    230.213 0.0000e+00
     35.029  42.264663    14.7953     35.211       1949 4.6106e+00    156.550    3.59532 7.2282e-02     0.0001     0.0002     4.6106     1.5506     1.0230     0.0002  1025.8431    25.6878     34.951    5.72629    14.7901    34.5721    1506.11    230.453    229.663 0.0000e+00
     35.321  42.239110    14.7734     35.545       1950 4.5856e+00    156.652    3.59767 4.6132e-02     0.0001     0.0002     4.5856     1.5505     1.0039     0.0002  1025.8462    25.6894     35.282    5.72897    14.7681    34.5680    1506.04    230.306    229.508 0.0000e+00
     35.620  42.210662    14.7460     35.921       1951 4.5837e+00    156.759    3.60013 2.7831e-02     0.0002     0.0002     4.5837     1.5502     0.9847     0.0002  1025.8524    25.6940     35.655    5.73221    14.7407    34.5662    1505.96    229.885    229.078 0.0000e+00
     35.909  42.178163    14.7181     36.317       1952 4.5618e+00    156.818    3.60148 1.6698e-02     0.0002     0.0002     4.5618     1.5496     0.9663     0.0002  1025.8563    25.6961     36.048    5.73562    14.7127    34.5611    1505.87    229.696    228.879 0.0000e+00
     36.166  42.140483    14.6744     36.630       1953 4.5423e+00    156.808    3.60125 1.0019e-02     0.0001     0.0002     4.5423     1.5488     0.9496     0.0002  1025.8704    25.7088     36.359    5.74055    14.6690    34.5653    1505.74    228.495    227.671 0.0000e+00
     36.378  42.098158    14.6142     36.859       1954 4.5684e+00    156.748    3.59985 6.0115e-03     0.0001     0.0002     4.5684     1.5478     0.9358     0.0002  1025.8958    25.7331     36.586    5.74703    14.6088    34.5800    1505.57    226.188    225.360 0.0000e+00
     36.535  42.057393    14.5518     37.068       1955 4.5867e+00    156.656    3.59777 3.6069e-03     0.0001     0.0002     4.5867     1.5468     0.9260     0.0003  1025.9241    25.7605     36.794    5.75367    14.5463    34.5981    1505.39    223.587    222.755 0.0000e+00
     36.630  42.026698    14.5088     37.172       1956 4.5809e+00    156.540    3.59514 2.1642e-03     0.0001     0.0002     4.5809     1.5458     0.9202     0.0003  1025.9417    25.7775     36.897    5.75833    14.5033    34.6082    1505.27    221.969    221.136 0.0000e+00
     36.660  42.011508    14.4946     37.172       1957 4.5887e+00    156.393    3.59183 1.2985e-03     0.0002     0.0001     4.5887     1.5448     0.9180     0.0003  1025.9437    25.7796     36.897    5.76004    14.4891    34.6069    1505.22    221.774    220.942 -9.990e-29
     36.632  42.012035    14.5002     37.109       1958 4.6012e+00    156.214    3.58782 7.7909e-04     0.0002     0.0001     4.6012     1.5438     0.9187     0.0003  1025.9388    25.7749     36.835    5.75954    14.4948    34.6024    1505.23    222.216    221.386 -9.990e-29
     36.556  42.024080    14.5205     36.942       1959 4.6131e+00    156.018    3.58340 4.6745e-04     0.0001     0.0002     4.6131     1.5427     0.9220     0.0003  1025.9283    25.7652     36.669    5.75742    14.5151    34.5955    1505.29    223.138    222.311 -9.990e-29
     36.449  42.043290    14.5466     36.776       1960 4.6389e+00    155.820    3.57891 2.8047e-04     0.0001     0.0002     4.6389     1.5417     0.9269     0.0003  1025.9176    25.7553     36.504    5.75456    14.5412    34.5899    1505.36    224.075    223.252 -9.990e-29
     36.327  42.066073    14.5768     36.629       1961 4.6763e+00    155.624    3.57444 1.6828e-04     0.0001     0.0003     4.6763     1.5407     0.9321     0.0003  1025.9059    25.7442     36.358    5.75125    14.5714    34.5840    1505.45    225.124    224.304 -9.990e-29
     36.200  42.089213    14.6080     36.442       1962 4.7017e+00    155.431    3.57001 1.0097e-04     0.0001     0.0003     4.7017     1.5398     0.9362     0.0004  1025.8933    25.7325     36.173    5.74784    14.6026    34.5775    1505.54    226.234    225.418 -9.990e-29
     36.082  42.109841    14.6329     36.212       1963 4.7000e+00    155.252    3.56590 6.0581e-05     0.0001     0.0002     4.7000     1.5390     0.9383     0.0004  1025.8845    25.7247     35.944    5.74506    14.6276    34.5743    1505.61    226.970    226.159 -9.990e-29
     35.995  42.125937    14.6530     36.066       1964 4.6723e+00    155.100    3.56238 3.6349e-05     0.0002     0.0002     4.6723     1.5383     0.9379     0.0004  1025.8771    25.7180     35.799    5.74283    14.6477    34.5713    1505.67    227.604    226.797 -9.990e-29
     35.954  42.137008    14.6700     36.024       1965 4.6138e+00    154.971    3.55938 2.1809e-05     0.0002     0.0002     4.6138     1.5376     0.9346     0.0004  1025.8694    25.7105     35.758    5.74102    14.6647    34.5663    1505.72    228.316    227.510 -9.990e-29
     35.964  42.142256    14.6810     36.003       1966 4.5324e+00    154.862    3.55684 1.3086e-05     0.0001     0.0002     4.5324     1.5369     0.9280     0.0004  1025.8631    25.7042     35.737    5.73992    14.6757    34.5613    1505.75    228.906    228.100 -9.990e-29
     36.027  42.140065    14.6859     36.087       1967 4.4481e+00    154.785    3.55503 7.8514e-06     0.0001     0.0002     4.4481     1.5363     0.9182     0.0004  1025.8575    25.6983     35.820    5.73958    14.6806    34.5549    1505.76    229.479    228.670 -9.990e-29
     36.144  42.128808    14.6844     36.191       1968 4.3792e+00    154.765    3.55454 4.7108e-06     0.0002     0.0002     4.3792     1.5358     0.9052     0.0004  1025.8513    25.6916     35.923    5.74007    14.6790    34.5459    1505.74    230.113    229.301 -9.990e-29
     36.312  42.106136    14.6711     36.400       1969 4.3137e+00    154.828    3.55594 2.8265e-06     0.0002     0.0002     4.3137     1.5356     0.8893     0.0003  1025.8481    25.6875     36.131    5.74193    14.6657    34.5368    1505.69    230.508    229.691 -9.990e-29
     36.527  42.069345    14.6398     36.650       1970 4.2060e+00    154.982    3.55941 1.6959e-06     0.0002     0.0003     4.2060     1.5357     0.8714     0.0003  1025.8514    25.6896     36.379    5.74579    14.6344    34.5308    1505.59    230.312    229.490 -9.990e-29
     36.777  42.016783    14.5676     36.942       1971 4.0439e+00    155.222    3.56486 1.0176e-06     0.0002     0.0003     4.0439     1.5359     0.8528     0.0002  1025.8805    25.7174     36.669    5.75364    14.5622    34.5467    1505.38    227.674    226.847 -9.990e-29
