inst/extdata/S285_ctd/S285-005-HC.cnv
* Sea-Bird SBE19plus Data File:
* FileName = C:\Data\CTD\Hex\S285-005-HC.hex
* Software Version 1.25
* Temperature SN =  7706
* Conductivity SN =  7706
* System UpLoad Time = Apr 03 2019 14:02:42
** StationS285-HC
** UTC (Time)10:43
** Latitude:43 37.9'S
** Longitude:176 57.7'E
** Bottom Depth [m]412
** Chief ScientistBen Harden
** General Locale
** Carousel - SN:7706
** Voltage Channels:	Instrument Name:	Instrument SN:
** Voltage 0	Free	x
** Voltage 1	Free	x
** Voltage 2	Seapoint Chl-a	SCF3735
** Voltage 3	Dissolved O2	3329
** Voltage 4	Par	70623
** Voltage 5	Free	X
** 
# nquan = 25                                
# nvalues = 7517                        
# units = specified
# name 0 = depSM: Depth [salt water, m]
# name 1 = c0mS/cm: Conductivity [mS/cm]
# name 2 = tv290C: Temperature [ITS-90, deg C]
# name 3 = prdM: Pressure, Strain Gauge [db]
# name 4 = scan: Scan Count
# name 5 = flSP: Fluorescence, Seapoint
# name 6 = sbeox0Mm/Kg: Oxygen, SBE 43 [umol/Kg]
# name 7 = sbeox0ML/L: Oxygen, SBE 43 [ml/l]
# name 8 = par: PAR/Irradiance, Biospherical/Licor
# name 9 = v0: Voltage 0
# name 10 = v1: Voltage 1
# name 11 = v2: Voltage 2
# name 12 = v3: Voltage 3
# name 13 = v4: Voltage 4
# name 14 = v5: Voltage 5
# name 15 = density00: Density [density, Kg/m^3]
# name 16 = sigma-é00: Density [sigma-theta, Kg/m^3]
# name 17 = depSM: Depth [salt water, m], lat = -36
# name 18 = oxsatML/L: Oxygen Saturation [ml/l]
# name 19 = potemp090C: Potential Temperature [ITS-90, deg C]
# name 20 = sal00: Salinity [PSU]
# name 21 = svCM: Sound Velocity [Chen-Millero, m/s]
# name 22 = sva: Specific Volume Anomaly [10^-8 * m^3/Kg]
# name 23 = tsa: Thermosteric Anomaly [10^-8 * m^3/Kg]
# name 24 = flag: flag
# span 0 =     -0.009,    353.709       
# span 1 =   0.002321,  43.151083       
# span 2 =     9.5207,    15.6178       
# span 3 =     -0.044,    356.812       
# span 4 =          1,       7517       
# span 5 = 5.1686e-02, 4.7068e+00       
# span 6 =    138.610,    320.853       
# span 7 =    3.18305,    7.36777       
# span 8 = 1.0000e-12, 9.8213e+02       
# span 9 =     0.0000,     0.0005       
# span 10 =     0.0000,     0.0005      
# span 11 =     0.0517,     4.7068      
# span 12 =     1.3335,     2.4982      
# span 13 =     0.0019,     4.0368      
# span 14 =     0.0001,     0.0007      
# span 15 =   999.3602,  1028.3775      
# span 16 =    -0.6398,    26.7716      
# span 17 =     -0.044,    353.899      
# span 18 =    5.63008,    7.34667      
# span 19 =     9.4804,    15.6135      
# span 20 =     0.0073,    34.8653      
# span 21 =    1459.17,    1508.90      
# span 22 =    133.774,   2797.816      
# span 23 =    127.276,   2798.020      
# span 24 = 0.0000e+00, 0.0000e+00      
# interval = seconds: 0.25                        
# start_time = Apr 02 2019 14:39:31
# bad_flag = -9.990e-29
*END*
[from data line 464]
      0.023   0.002884    13.1178      0.040        465 7.6239e-02    196.221    4.39089 6.4652e+02     0.0003     0.0002     0.0762     1.4987     3.8555     0.0003   999.3698    -0.6303      0.040    7.34517    13.1178     0.0075    1459.20   2796.869   2797.074 -9.990e-29
      0.019   0.002871    13.1175     -0.002        466 7.6688e-02    196.206    4.39055 6.4857e+02     0.0003     0.0002     0.0767     1.4987     3.8569     0.0003   999.3697    -0.6303     -0.002    7.34522    13.1175     0.0075    1459.20   2796.866   2797.070 -9.990e-29
      0.016   0.002858    13.1177      0.019        467 7.6947e-02    196.191    4.39023 6.5063e+02     0.0002     0.0003     0.0770     1.4987     3.8582     0.0002   999.3698    -0.6303      0.019    7.34518    13.1177     0.0075    1459.20   2796.869   2797.073 -9.990e-29
      0.016   0.002843    13.1181     -0.023        468 7.6852e-02    196.181    4.39000 6.5278e+02     0.0002     0.0002     0.0769     1.4987     3.8597     0.0003   999.3695    -0.6304     -0.023    7.34512    13.1181     0.0075    1459.20   2796.875   2797.079 -9.990e-29
      0.019   0.002832    13.1181      0.040        469 7.6604e-02    196.172    4.38980 6.5524e+02     0.0003     0.0002     0.0766     1.4986     3.8613     0.0003   999.3698    -0.6304      0.040    7.34512    13.1181     0.0075    1459.20   2796.874   2797.079 -9.990e-29
      0.021   0.002825    13.1181      0.040        470 7.6490e-02    196.157    4.38945 6.5816e+02     0.0003     0.0002     0.0765     1.4986     3.8632     0.0003   999.3698    -0.6304      0.040    7.34512    13.1181     0.0075    1459.20   2796.874   2797.079 -9.990e-29
      0.020   0.002820    13.1183      0.019        471 7.6457e-02    196.132    4.38890 6.6152e+02     0.0003     0.0003     0.0765     1.4985     3.8654     0.0003   999.3697    -0.6304      0.019    7.34509    13.1183     0.0075    1459.20   2796.878   2797.082 -9.990e-29
      0.017   0.002816    13.1188      0.019        472 7.6316e-02    196.102    4.38823 6.6518e+02     0.0003     0.0003     0.0763     1.4984     3.8678     0.0003   999.3696    -0.6305      0.019    7.34500    13.1188     0.0075    1459.21   2796.884   2797.089 -9.990e-29
      0.014   0.002811    13.1193      0.019        473 7.6038e-02    196.074    4.38761 6.6907e+02     0.0002     0.0003     0.0761     1.4983     3.8703     0.0003   999.3695    -0.6306      0.019    7.34492    13.1193     0.0075    1459.21   2796.891   2797.095 -9.990e-29
      0.010   0.002805    13.1199      0.019        474 7.5742e-02    196.055    4.38717 6.7309e+02     0.0002     0.0002     0.0758     1.4983     3.8729     0.0003   999.3695    -0.6306      0.019    7.34482    13.1199     0.0075    1459.21   2796.899   2797.103 -9.990e-29
      0.007   0.002800    13.1206     -0.023        475 7.5553e-02    196.048    4.38701 6.7736e+02     0.0001     0.0002     0.0756     1.4983     3.8757     0.0003   999.3692    -0.6307     -0.023    7.34471    13.1206     0.0075    1459.21   2796.909   2797.112 -9.990e-29
      0.005   0.002798    13.1211      0.019        476 7.5532e-02    196.060    4.38729 6.8196e+02     0.0001     0.0001     0.0755     1.4983     3.8786     0.0003   999.3693    -0.6308      0.019    7.34463    13.1211     0.0075    1459.21   2796.914   2797.119 -9.990e-29
      0.004   0.002794    13.1216     -0.002        477 7.5602e-02    196.085    4.38783 6.8653e+02     0.0001     0.0001     0.0756     1.4984     3.8815     0.0003   999.3691    -0.6309     -0.002    7.34454    13.1216     0.0075    1459.22   2796.921   2797.125 -9.990e-29
      0.003   0.002788    13.1224     -0.002        478 7.5641e-02    196.106    4.38831 6.9053e+02     0.0001     0.0001     0.0756     1.4984     3.8840     0.0002   999.3690    -0.6310     -0.002    7.34441    13.1224     0.0075    1459.22   2796.932   2797.135 -9.990e-29
      0.004   0.002782    13.1229     -0.002        479 7.5692e-02    196.129    4.38883 6.9363e+02     0.0001     0.0001     0.0757     1.4985     3.8860     0.0002   999.3690    -0.6310     -0.002    7.34433    13.1229     0.0075    1459.22   2796.938   2797.142 -9.990e-29
      0.006   0.002775    13.1238     -0.002        480 7.5797e-02    196.145    4.38919 6.9559e+02     0.0001     0.0001     0.0758     1.4985     3.8872     0.0002   999.3689    -0.6311     -0.002    7.34418    13.1238     0.0075    1459.22   2796.950   2797.154 -9.990e-29
      0.009   0.002767    13.1243      0.019        481 7.5977e-02    196.147    4.38924 6.9622e+02     0.0002     0.0002     0.0760     1.4984     3.8876     0.0002   999.3689    -0.6312      0.019    7.34410    13.1243     0.0075    1459.23   2796.956   2797.160 -9.990e-29
      0.011   0.002762    13.1247      0.019        482 7.6200e-02    196.143    4.38914 6.9564e+02     0.0002     0.0002     0.0762     1.4984     3.8873     0.0002   999.3688    -0.6313      0.019    7.34404    13.1247     0.0075    1459.23   2796.961   2797.166 -9.990e-29
      0.011   0.002757    13.1250      0.019        483 7.6412e-02    196.132    4.38890 6.9416e+02     0.0003     0.0002     0.0764     1.4984     3.8863     0.0002   999.3688    -0.6313      0.019    7.34399    13.1250     0.0074    1459.23   2796.965   2797.170 -9.990e-29
      0.008   0.002755    13.1256      0.019        484 7.6549e-02    196.119    4.38861 6.9223e+02     0.0003     0.0002     0.0766     1.4984     3.8851     0.0001   999.3687    -0.6314      0.019    7.34389    13.1256     0.0074    1459.23   2796.973   2797.177 -9.990e-29
      0.005   0.002755    13.1262     -0.023        485 7.6616e-02    196.115    4.38851 6.9012e+02     0.0003     0.0002     0.0766     1.4984     3.8838     0.0001   999.3684    -0.6315     -0.023    7.34379    13.1262     0.0074    1459.23   2796.982   2797.185 -9.990e-29
      0.007   0.002755    13.1267     -0.023        486 7.6723e-02    196.118    4.38858 6.8782e+02     0.0002     0.0002     0.0767     1.4984     3.8823     0.0002   999.3684    -0.6315     -0.023    7.34371    13.1267     0.0074    1459.23   2796.988   2797.192 -9.990e-29
      0.013   0.002756    13.1271      0.019        487 7.6755e-02    196.124    4.38871 6.8523e+02     0.0002     0.0002     0.0768     1.4985     3.8807     0.0002   999.3685    -0.6316      0.019    7.34364    13.1271     0.0074    1459.24   2796.992   2797.197 -9.990e-29
      0.020   0.002757    13.1272      0.040        488 7.6702e-02    196.120    4.38863 6.8220e+02     0.0001     0.0002     0.0767     1.4985     3.8788     0.0003   999.3686    -0.6316      0.040    7.34362    13.1272     0.0075    1459.24   2796.993   2797.198 -9.990e-29
      0.023   0.002749    13.1260      0.040        489 7.6625e-02    196.103    4.38824 6.7863e+02     0.0001     0.0002     0.0766     1.4984     3.8765     0.0003   999.3688    -0.6314      0.040    7.34382    13.1260     0.0074    1459.23   2796.978   2797.183 -9.990e-29
      0.023   0.002738    13.1247      0.019        490 7.6355e-02    196.087    4.38789 6.7447e+02     0.0001     0.0002     0.0763     1.4983     3.8738     0.0003   999.3688    -0.6313      0.019    7.34404    13.1247     0.0074    1459.23   2796.962   2797.166 -9.990e-29
      0.023   0.002732    13.1246      0.019        491 7.6011e-02    196.083    4.38781 6.6991e+02     0.0002     0.0002     0.0760     1.4983     3.8709     0.0003   999.3688    -0.6313      0.019    7.34405    13.1246     0.0074    1459.23   2796.961   2797.165 -9.990e-29
      0.022   0.002731    13.1249      0.040        492 7.5910e-02    196.108    4.38836 6.6544e+02     0.0002     0.0001     0.0759     1.4984     3.8680     0.0003   999.3689    -0.6313      0.040    7.34400    13.1249     0.0074    1459.23   2796.964   2797.169 -9.990e-29
      0.019   0.002725    13.1257      0.019        493 7.6018e-02    196.162    4.38958 6.6135e+02     0.0002     0.0001     0.0760     1.4986     3.8653     0.0002   999.3687    -0.6314      0.019    7.34387    13.1257     0.0074    1459.23   2796.975   2797.180 -9.990e-29
      0.017   0.002714    13.1263     -0.002        494 7.6143e-02    196.214    4.39073 6.5765e+02     0.0003     0.0001     0.0762     1.4988     3.8629     0.0002   999.3685    -0.6315     -0.002    7.34377    13.1263     0.0074    1459.23   2796.984   2797.188 -9.990e-29
      0.015   0.002702    13.1270      0.040        495 7.6339e-02    196.236    4.39124 6.5456e+02     0.0003     0.0001     0.0763     1.4988     3.8608     0.0003   999.3686    -0.6316      0.040    7.34366    13.1270     0.0074    1459.24   2796.992   2797.197 -9.990e-29
      0.013   0.002694    13.1280     -0.002        496 7.6638e-02    196.229    4.39107 6.5248e+02     0.0002     0.0001     0.0766     1.4987     3.8595     0.0003   999.3683    -0.6317     -0.002    7.34349    13.1280     0.0074    1459.24   2797.006   2797.210 -9.990e-29
      0.011   0.002691    13.1287     -0.002        497 7.6841e-02    196.196    4.39034 6.5148e+02     0.0002     0.0001     0.0768     1.4986     3.8588     0.0003   999.3682    -0.6318     -0.002    7.34338    13.1287     0.0074    1459.24   2797.015   2797.219 -9.990e-29
      0.012   0.002689    13.1292      0.018        498 7.6939e-02    196.137    4.38902 6.5116e+02     0.0002     0.0001     0.0769     1.4984     3.8586     0.0003   999.3682    -0.6319      0.018    7.34330    13.1292     0.0074    1459.24   2797.021   2797.226 -9.990e-29
      0.013   0.002682    13.1297      0.019        499 7.6996e-02    196.057    4.38721 6.5123e+02     0.0002     0.0001     0.0770     1.4983     3.8586     0.0002   999.3682    -0.6319      0.019    7.34322    13.1297     0.0074    1459.25   2797.028   2797.232 -9.990e-29
      0.013   0.002675    13.1303      0.019        500 7.6935e-02    195.999    4.38592 6.5153e+02     0.0002     0.0001     0.0769     1.4982     3.8588     0.0002   999.3681    -0.6320      0.019    7.34312    13.1303     0.0074    1459.25   2797.036   2797.240 -9.990e-29
      0.011   0.002671    13.1310      0.019        501 7.6800e-02    196.000    4.38593 6.5191e+02     0.0002     0.0001     0.0768     1.4983     3.8591     0.0002   999.3680    -0.6321      0.019    7.34300    13.1310     0.0074    1459.25   2797.045   2797.249 -9.990e-29
      0.010   0.002671    13.1318     -0.023        502 7.6724e-02    196.053    4.38712 6.5251e+02     0.0002     0.0001     0.0767     1.4986     3.8595     0.0002   999.3677    -0.6322     -0.023    7.34287    13.1318     0.0074    1459.25   2797.056   2797.259 -9.990e-29
      0.012   0.002669    13.1326      0.019        503 7.6726e-02    196.133    4.38893 6.5298e+02     0.0002     0.0001     0.0767     1.4988     3.8598     0.0002   999.3678    -0.6323      0.019    7.34274    13.1326     0.0074    1459.26   2797.065   2797.270 -9.990e-29
      0.014   0.002667    13.1333      0.019        504 7.6736e-02    196.209    4.39062 6.5304e+02     0.0002     0.0002     0.0767     1.4989     3.8599     0.0002   999.3677    -0.6324      0.019    7.34262    13.1333     0.0074    1459.26   2797.074   2797.279 -9.990e-29
      0.016   0.002662    13.1340      0.019        505 7.6767e-02    196.264    4.39185 6.5326e+02     0.0003     0.0002     0.0767     1.4990     3.8600     0.0002   999.3676    -0.6325      0.019    7.34251    13.1340     0.0074    1459.26   2797.084   2797.288 -9.990e-29
      0.016   0.002659    13.1347      0.019        506 7.6899e-02    196.297    4.39259 6.5390e+02     0.0003     0.0003     0.0769     1.4990     3.8604     0.0002   999.3675    -0.6326      0.019    7.34239    13.1347     0.0074    1459.26   2797.093   2797.297 -9.990e-29
      0.016   0.002659    13.1354      0.019        507 7.7049e-02    196.295    4.39254 6.5496e+02     0.0002     0.0003     0.0770     1.4990     3.8611     0.0002   999.3674    -0.6327      0.019    7.34228    13.1354     0.0074    1459.27   2797.102   2797.306 -9.990e-29
      0.015   0.002663    13.1361      0.019        508 7.7069e-02    196.251    4.39156 6.5645e+02     0.0002     0.0003     0.0771     1.4989     3.8621     0.0002   999.3673    -0.6327      0.019    7.34216    13.1361     0.0074    1459.27   2797.110   2797.315 -9.990e-29
      0.013   0.002667    13.1367      0.019        509 7.6986e-02    196.179    4.38995 6.5809e+02     0.0002     0.0002     0.0770     1.4988     3.8632     0.0002   999.3673    -0.6328      0.019    7.34207    13.1367     0.0074    1459.27   2797.118   2797.322 -9.990e-29
      0.009   0.002670    13.1373      0.019        510 7.6900e-02    196.097    4.38811 6.5967e+02     0.0001     0.0002     0.0769     1.4986     3.8642     0.0002   999.3672    -0.6329      0.019    7.34197    13.1373     0.0074    1459.27   2797.126   2797.330 -9.990e-29
      0.005   0.002672    13.1380     -0.023        511 7.6801e-02    196.030    4.38661 6.6110e+02     0.0001     0.0001     0.0768     1.4985     3.8652     0.0002   999.3669    -0.6330     -0.023    7.34185    13.1380     0.0074    1459.28   2797.135   2797.339 -9.990e-29
      0.006   0.002670    13.1384     -0.023        512 7.6613e-02    196.005    4.38604 6.6241e+02     0.0001     0.0001     0.0766     1.4985     3.8660     0.0003   999.3669    -0.6330     -0.023    7.34179    13.1384     0.0074    1459.28   2797.141   2797.344 -9.990e-29
      0.010   0.002662    13.1391      0.040        513 7.6246e-02    196.037    4.38677 6.6367e+02     0.0001     0.0001     0.0762     1.4987     3.8668     0.0003   999.3671    -0.6331      0.040    7.34167    13.1391     0.0074    1459.28   2797.149   2797.353 -9.990e-29
      0.012   0.002655    13.1397      0.019        514 7.5785e-02    196.117    4.38855 6.6473e+02     0.0001     0.0001     0.0758     1.4990     3.8675     0.0003   999.3669    -0.6332      0.019    7.34157    13.1397     0.0074    1459.28   2797.157   2797.361 -9.990e-29
      0.011   0.002651    13.1404      0.019        515 7.5549e-02    196.212    4.39068 6.6575e+02     0.0001     0.0001     0.0756     1.4992     3.8682     0.0004   999.3668    -0.6333      0.019    7.34146    13.1404     0.0074    1459.28   2797.166   2797.370 -9.990e-29
      0.008   0.002648    13.1410      0.019        516 7.5678e-02    196.287    4.39236 6.6672e+02     0.0001     0.0001     0.0757     1.4993     3.8688     0.0004   999.3667    -0.6334      0.019    7.34136    13.1410     0.0074    1459.29   2797.174   2797.378 -9.990e-29
      0.005   0.002646    13.1413     -0.023        517 7.5989e-02    196.307    4.39280 6.6752e+02     0.0001     0.0001     0.0760     1.4993     3.8694     0.0004   999.3665    -0.6334     -0.023    7.34131    13.1413     0.0074    1459.29   2797.179   2797.382 -9.990e-29
      0.004   0.002645    13.1420      0.019        518 7.6249e-02    196.270    4.39198 6.6783e+02     0.0001     0.0002     0.0763     1.4991     3.8696     0.0003   999.3666    -0.6335      0.019    7.34120    13.1420     0.0074    1459.29   2797.187   2797.391 -9.990e-29
      0.004   0.002643    13.1425     -0.023        519 7.6532e-02    196.202    4.39047 6.6672e+02     0.0001     0.0002     0.0766     1.4989     3.8688     0.0003   999.3663    -0.6336     -0.023    7.34111    13.1425     0.0074    1459.29   2797.194   2797.398 -9.990e-29
      0.007   0.002640    13.1428     -0.002        520 7.6905e-02    196.136    4.38899 6.6419e+02     0.0001     0.0003     0.0769     1.4988     3.8672     0.0002   999.3664    -0.6336     -0.002    7.34107    13.1428     0.0074    1459.29   2797.198   2797.401 -9.990e-29
      0.012   0.002636    13.1433      0.040        521 7.7099e-02    196.103    4.38825 6.6111e+02     0.0002     0.0003     0.0771     1.4989     3.8652     0.0002   999.3665    -0.6337      0.040    7.34098    13.1433     0.0074    1459.30   2797.203   2797.408 -9.990e-29
