inst/extdata/S285_ctd/S285-005-HC.cnv
* Sea-Bird SBE19plus Data File:
* FileName = C:\Data\CTD\Hex\S285-005-HC.hex
* Software Version 1.25
* Temperature SN =  7706
* Conductivity SN =  7706
* System UpLoad Time = Apr 03 2019 14:02:42
** StationS285-HC
** UTC (Time)10:43
** Latitude:43 37.9'S
** Longitude:176 57.7'E
** Bottom Depth [m]412
** Chief ScientistBen Harden
** General Locale
** Carousel - SN:7706
** Voltage Channels:	Instrument Name:	Instrument SN:
** Voltage 0	Free	x
** Voltage 1	Free	x
** Voltage 2	Seapoint Chl-a	SCF3735
** Voltage 3	Dissolved O2	3329
** Voltage 4	Par	70623
** Voltage 5	Free	X
** 
# nquan = 25                                
# nvalues = 7517                        
# units = specified
# name 0 = depSM: Depth [salt water, m]
# name 1 = c0mS/cm: Conductivity [mS/cm]
# name 2 = tv290C: Temperature [ITS-90, deg C]
# name 3 = prdM: Pressure, Strain Gauge [db]
# name 4 = scan: Scan Count
# name 5 = flSP: Fluorescence, Seapoint
# name 6 = sbeox0Mm/Kg: Oxygen, SBE 43 [umol/Kg]
# name 7 = sbeox0ML/L: Oxygen, SBE 43 [ml/l]
# name 8 = par: PAR/Irradiance, Biospherical/Licor
# name 9 = v0: Voltage 0
# name 10 = v1: Voltage 1
# name 11 = v2: Voltage 2
# name 12 = v3: Voltage 3
# name 13 = v4: Voltage 4
# name 14 = v5: Voltage 5
# name 15 = density00: Density [density, Kg/m^3]
# name 16 = sigma-é00: Density [sigma-theta, Kg/m^3]
# name 17 = depSM: Depth [salt water, m], lat = -36
# name 18 = oxsatML/L: Oxygen Saturation [ml/l]
# name 19 = potemp090C: Potential Temperature [ITS-90, deg C]
# name 20 = sal00: Salinity [PSU]
# name 21 = svCM: Sound Velocity [Chen-Millero, m/s]
# name 22 = sva: Specific Volume Anomaly [10^-8 * m^3/Kg]
# name 23 = tsa: Thermosteric Anomaly [10^-8 * m^3/Kg]
# name 24 = flag: flag
# span 0 =     -0.009,    353.709       
# span 1 =   0.002321,  43.151083       
# span 2 =     9.5207,    15.6178       
# span 3 =     -0.044,    356.812       
# span 4 =          1,       7517       
# span 5 = 5.1686e-02, 4.7068e+00       
# span 6 =    138.610,    320.853       
# span 7 =    3.18305,    7.36777       
# span 8 = 1.0000e-12, 9.8213e+02       
# span 9 =     0.0000,     0.0005       
# span 10 =     0.0000,     0.0005      
# span 11 =     0.0517,     4.7068      
# span 12 =     1.3335,     2.4982      
# span 13 =     0.0019,     4.0368      
# span 14 =     0.0001,     0.0007      
# span 15 =   999.3602,  1028.3775      
# span 16 =    -0.6398,    26.7716      
# span 17 =     -0.044,    353.899      
# span 18 =    5.63008,    7.34667      
# span 19 =     9.4804,    15.6135      
# span 20 =     0.0073,    34.8653      
# span 21 =    1459.17,    1508.90      
# span 22 =    133.774,   2797.816      
# span 23 =    127.276,   2798.020      
# span 24 = 0.0000e+00, 0.0000e+00      
# interval = seconds: 0.25                        
# start_time = Apr 02 2019 14:39:31
# bad_flag = -9.990e-29
*END*
[from data line 6609]
      8.562  43.113840    15.5963      8.861       6610 3.7398e+00    187.794    4.31245 6.4671e+01     0.0002     0.0001     3.7398     1.7792     2.8596     0.0002  1025.6047    25.5657      8.796    5.63253    15.5949    34.6443    1508.28    241.246    241.190 -9.990e-29
      8.495  43.113521    15.5962      8.819       6611 3.6251e+00    187.763    4.31174 6.5582e+01     0.0002     0.0001     3.6251     1.7786     2.8649     0.0002  1025.6044    25.5656      8.754    5.63255    15.5948    34.6441    1508.28    241.256    241.201 -9.990e-29
      8.367  43.113123    15.5956      8.653       6612 3.5213e+00    187.756    4.31160 6.7417e+01     0.0002     0.0001     3.5213     1.7783     2.8759     0.0003  1025.6039    25.5659      8.590    5.63261    15.5943    34.6444    1508.27    241.221    241.171 -9.990e-29
      8.182  43.112613    15.5949      8.444       6613 3.4460e+00    187.883    4.31450 7.0215e+01     0.0002     0.0002     3.4460     1.7789     2.8925     0.0003  1025.6034    25.5662      8.382    5.63268    15.5936    34.6446    1508.27    241.183    241.139 -9.990e-29
      7.950  43.112070    15.5943      8.152       6614 3.4160e+00    188.247    4.32288 7.3927e+01     0.0002     0.0002     3.4160     1.7806     2.9138     0.0003  1025.6023    25.5665      8.092    5.63274    15.5930    34.6448    1508.26    241.150    241.114 -9.990e-29
      7.682  43.111624    15.5940      7.818       6615 3.4671e+00    188.993    4.34000 7.8357e+01     0.0002     0.0002     3.4671     1.7840     2.9383     0.0003  1025.6009    25.5665      7.761    5.63278    15.5928    34.6448    1508.25    241.134    241.108 -9.990e-29
      7.392  43.111296    15.5938      7.505       6616 3.5954e+00    190.206    4.36786 8.3262e+01     0.0002     0.0002     3.5954     1.7892     2.9643     0.0003  1025.5996    25.5666      7.450    5.63280    15.5926    34.6448    1508.25    241.120    241.104 -9.990e-29
      7.092  43.111058    15.5935      7.109       6617 3.7067e+00    191.778    4.40396 8.8490e+01     0.0002     0.0002     3.7067     1.7956     2.9906     0.0003  1025.5980    25.5668      7.057    5.63282    15.5924    34.6450    1508.24    241.087    241.082 -9.990e-29
      6.799  43.110917    15.5935      6.734       6618 3.7187e+00    193.547    4.44459 9.3825e+01     0.0002     0.0001     3.7187     1.8025     3.0163     0.0004  1025.5964    25.5668      6.685    5.63282    15.5925    34.6450    1508.23    241.074    241.080 0.0000e+00
      6.534  43.110871    15.5936      6.421       6619 3.6279e+00    195.385    4.48680 9.8803e+01     0.0001     0.0001     3.6279     1.8096     3.0394     0.0004  1025.5950    25.5667      6.374    5.63281    15.5926    34.6450    1508.23    241.067    241.083 0.0000e+00
      6.306  43.110892    15.5938      6.171       6620 3.4910e+00    197.162    4.52762 1.0291e+02     0.0001     0.0001     3.4910     1.8167     3.0578     0.0004  1025.5938    25.5666      6.126    5.63279    15.5928    34.6449    1508.23    241.069    241.091 0.0000e+00
      6.124  43.110966    15.5940      5.962       6621 3.3573e+00    198.773    4.56460 1.0586e+02     0.0001     0.0000     3.3573     1.8236     3.0708     0.0004  1025.5928    25.5666      5.918    5.63277    15.5931    34.6449    1508.22    241.069    241.097 0.0000e+00
      5.988  43.111097    15.5946      5.879       6622 3.2521e+00    200.157    4.59639 1.0778e+02     0.0001     0.0000     3.2521     1.8302     3.0791     0.0003  1025.5920    25.5661      5.836    5.63272    15.5937    34.6445    1508.22    241.107    241.138 0.0000e+00
      5.899  43.111204    15.5949      5.712       6623 3.2024e+00    201.237    4.62119 1.0909e+02     0.0001     0.0001     3.2024     1.8362     3.0847     0.0003  1025.5911    25.5660      5.670    5.63269    15.5940    34.6444    1508.22    241.116    241.152 0.0000e+00
      5.860  43.111179    15.5945      5.712       6624 3.2069e+00    201.926    4.63700 1.0992e+02     0.0001     0.0001     3.2069     1.8411     3.0881     0.0003  1025.5915    25.5663      5.670    5.63272    15.5936    34.6448    1508.22    241.083    241.119 -9.990e-29
      5.869  43.111054    15.5942      5.733       6625 3.2489e+00    202.281    4.64515 1.1005e+02     0.0001     0.0001     3.2489     1.8449     3.0886     0.0004  1025.5917    25.5665      5.691    5.63275    15.5933    34.6449    1508.22    241.067    241.102 -9.990e-29
      5.925  43.110992    15.5936      5.775       6626 3.3096e+00    202.414    4.64820 1.0925e+02     0.0001     0.0001     3.3096     1.8481     3.0853     0.0004  1025.5924    25.5670      5.733    5.63280    15.5927    34.6454    1508.22    241.022    241.056 -9.990e-29
      6.027  43.111149    15.5939      5.900       6627 3.3544e+00    202.355    4.64686 1.0750e+02     0.0001     0.0001     3.3544     1.8506     3.0781     0.0004  1025.5927    25.5668      5.857    5.63277    15.5930    34.6452    1508.22    241.044    241.075 -9.990e-29
      6.167  43.111525    15.5945      6.129       6628 3.3398e+00    202.146    4.64207 1.0487e+02     0.0001     0.0001     3.3398     1.8525     3.0670     0.0003  1025.5934    25.5665      6.084    5.63271    15.5936    34.6449    1508.23    241.085    241.108 -9.990e-29
      6.332  43.111970    15.5952      6.317       6629 3.2887e+00    201.866    4.63562 1.0151e+02     0.0001     0.0001     3.2887     1.8540     3.0526     0.0003  1025.5939    25.5661      6.271    5.63265    15.5942    34.6446    1508.23    241.126    241.145 -9.990e-29
      6.512  43.112330    15.5955      6.526       6630 3.3141e+00    201.527    4.62784 9.7672e+01     0.0001     0.0001     3.3141     1.8550     3.0357     0.0002  1025.5947    25.5660      6.478    5.63261    15.5945    34.6446    1508.24    241.141    241.153 -9.990e-29
      6.702  43.112549    15.5954      6.713       6631 3.4143e+00    201.104    4.61812 9.3743e+01     0.0002     0.0001     3.4143     1.8553     3.0179     0.0002  1025.5957    25.5662      6.664    5.63262    15.5944    34.6448    1508.24    241.128    241.135 -9.990e-29
      6.900  43.112660    15.5956      6.943       6632 3.4903e+00    200.638    4.60743 9.0035e+01     0.0002     0.0002     3.4903     1.8550     3.0005     0.0002  1025.5966    25.5660      6.892    5.63260    15.5945    34.6446    1508.24    241.152    241.152 -9.990e-29
      7.099  43.112770    15.5956      7.172       6633 3.5412e+00    200.194    4.59722 8.6558e+01     0.0002     0.0002     3.5412     1.8545     2.9835     0.0002  1025.5976    25.5661      7.119    5.63260    15.5945    34.6446    1508.25    241.158    241.151 -9.990e-29
      7.292  43.112947    15.5957      7.422       6634 3.5961e+00    199.801    4.58819 8.3136e+01     0.0002     0.0002     3.5961     1.8541     2.9661     0.0003  1025.5986    25.5660      7.368    5.63259    15.5946    34.6446    1508.25    241.169    241.155 -9.990e-29
      7.468  43.113127    15.5957      7.610       6635 3.6620e+00    199.400    4.57899 7.9706e+01     0.0002     0.0002     3.6620     1.8534     2.9480     0.0003  1025.5995    25.5661      7.554    5.63259    15.5945    34.6447    1508.26    241.169    241.149 -9.990e-29
      7.622  43.113247    15.5959      7.777       6636 3.7432e+00    198.883    4.56713 7.6384e+01     0.0001     0.0002     3.7432     1.8518     2.9299     0.0003  1025.6001    25.5659      7.720    5.63257    15.5947    34.6446    1508.26    241.188    241.163 -9.990e-29
      7.751  43.113299    15.5961      7.923       6637 3.8375e+00    198.242    4.55241 7.3386e+01     0.0001     0.0002     3.8375     1.8494     2.9130     0.0003  1025.6006    25.5658      7.865    5.63255    15.5949    34.6444    1508.26    241.210    241.181 -9.990e-29
      7.851  43.113254    15.5960      8.069       6638 3.8972e+00    197.534    4.53616 7.0944e+01     0.0002     0.0002     3.8972     1.8467     2.8989     0.0004  1025.6013    25.5658      8.010    5.63256    15.5948    34.6444    1508.26    241.213    241.180 -9.990e-29
      7.915  43.113098    15.5959      8.110       6639 3.7975e+00    196.792    4.51911 6.9187e+01     0.0002     0.0002     3.7975     1.8436     2.8886     0.0004  1025.6014    25.5658      8.051    5.63258    15.5946    34.6443    1508.26    241.217    241.183 -9.990e-29
      7.943  43.112852    15.5954      8.131       6640 3.5713e+00    196.020    4.50138 6.8104e+01     0.0002     0.0002     3.5713     1.8404     2.8822     0.0003  1025.6018    25.5660      8.071    5.63263    15.5941    34.6445    1508.26    241.191    241.157 -9.990e-29
      7.942  43.112565    15.5949      8.090       6641 3.4076e+00    195.252    4.48375 6.7630e+01     0.0002     0.0002     3.4076     1.8372     2.8795     0.0003  1025.6019    25.5663      8.031    5.63268    15.5937    34.6447    1508.26    241.165    241.131 -9.990e-29
      7.915  43.112312    15.5946      8.069       6642 3.3733e+00    194.591    4.46855 6.7735e+01     0.0003     0.0002     3.3733     1.8344     2.8802     0.0004  1025.6019    25.5664      8.010    5.63271    15.5934    34.6448    1508.26    241.155    241.122 -9.990e-29
      7.866  43.112117    15.5945      8.006       6643 3.4017e+00    194.146    4.45834 6.8392e+01     0.0003     0.0002     3.4017     1.8323     2.8843     0.0004  1025.6016    25.5664      7.947    5.63272    15.5933    34.6447    1508.26    241.155    241.124 -9.990e-29
      7.797  43.111947    15.5945      7.923       6644 3.4411e+00    193.969    4.45427 6.9508e+01     0.0003     0.0002     3.4411     1.8310     2.8911     0.0004  1025.6011    25.5663      7.865    5.63273    15.5933    34.6446    1508.26    241.162    241.133 -9.990e-29
      7.711  43.111756    15.5945      7.818       6645 3.5546e+00    194.091    4.45707 7.0970e+01     0.0003     0.0002     3.5546     1.8307     2.8999     0.0004  1025.6005    25.5662      7.761    5.63273    15.5933    34.6444    1508.26    241.168    241.142 -9.990e-29
      7.612  43.111516    15.5943      7.714       6646 3.6978e+00    194.532    4.46721 7.2687e+01     0.0002     0.0002     3.6978     1.8316     2.9100     0.0004  1025.6001    25.5662      7.657    5.63275    15.5931    34.6444    1508.25    241.161    241.138 -9.990e-29
      7.503  43.111225    15.5939      7.568       6647 3.7928e+00    195.197    4.48247 7.4593e+01     0.0002     0.0002     3.7928     1.8332     2.9210     0.0005  1025.5997    25.5664      7.513    5.63279    15.5927    34.6446    1508.25    241.137    241.119 -9.990e-29
      7.389  43.110903    15.5935      7.464       6648 3.9045e+00    195.914    4.49894 7.6710e+01     0.0002     0.0002     3.9045     1.8347     2.9328     0.0005  1025.5994    25.5666      7.409    5.63283    15.5923    34.6447    1508.25    241.118    241.102 -9.990e-29
      7.271  43.110579    15.5934      7.339       6649 3.9624e+00    196.568    4.51396 7.9092e+01     0.0002     0.0002     3.9624     1.8359     2.9457     0.0004  1025.5987    25.5665      7.285    5.63285    15.5923    34.6445    1508.24    241.123    241.112 -9.990e-29
      7.150  43.110282    15.5930      7.193       6650 3.8971e+00    197.101    4.52621 8.1775e+01     0.0002     0.0001     3.8971     1.8370     2.9598     0.0004  1025.5983    25.5667      7.140    5.63289    15.5919    34.6447    1508.24    241.100    241.093 -9.990e-29
      7.030  43.110012    15.5930      7.088       6651 3.7918e+00    197.529    4.53602 8.4809e+01     0.0002     0.0001     3.7918     1.8380     2.9754     0.0004  1025.5977    25.5665      7.036    5.63290    15.5919    34.6445    1508.24    241.111    241.107 -9.990e-29
      6.912  43.109738    15.5924      6.922       6652 3.6548e+00    197.849    4.54337 8.8122e+01     0.0001     0.0001     3.6548     1.8391     2.9919     0.0003  1025.5973    25.5669      6.871    5.63295    15.5913    34.6448    1508.23    241.068    241.069 -9.990e-29
      6.803  43.109480    15.5922      6.776       6653 3.4802e+00    197.993    4.54669 9.1403e+01     0.0001     0.0002     3.4802     1.8398     3.0078     0.0003  1025.5967    25.5670      6.726    5.63298    15.5912    34.6448    1508.23    241.060    241.065 -9.990e-29
      6.709  43.109284    15.5921      6.713       6654 3.3327e+00    198.036    4.54767 9.4194e+01     0.0001     0.0002     3.3327     1.8404     3.0211     0.0003  1025.5964    25.5669      6.664    5.63299    15.5911    34.6448    1508.23    241.060    241.067 -9.990e-29
      6.632  43.109119    15.5922      6.588       6655 3.2353e+00    198.247    4.55252 9.6132e+01     0.0001     0.0002     3.2353     1.8421     3.0302     0.0003  1025.5957    25.5668      6.540    5.63298    15.5912    34.6446    1508.23    241.072    241.083 -9.990e-29
      6.577  43.108884    15.5921      6.483       6656 3.1869e+00    198.784    4.56484 9.7153e+01     0.0002     0.0002     3.1869     1.8452     3.0350     0.0002  1025.5952    25.5667      6.436    5.63300    15.5911    34.6445    1508.23    241.073    241.087 -9.990e-29
      6.554  43.108495    15.5915      6.483       6657 3.1627e+00    199.472    4.58065 9.7337e+01     0.0002     0.0002     3.1627     1.8486     3.0360     0.0002  1025.5955    25.5670      6.436    5.63306    15.5905    34.6447    1508.22    241.047    241.061 -9.990e-29
      6.560  43.107985    15.5906      6.504       6658 3.1373e+00    200.028    4.59340 9.6774e+01     0.0002     0.0001     3.1373     1.8510     3.0336     0.0003  1025.5960    25.5674      6.456    5.63315    15.5896    34.6450    1508.22    241.005    241.018 -9.990e-29
      6.591  43.107514    15.5898      6.567       6659 3.1571e+00    200.375    4.60139 9.5641e+01     0.0002     0.0001     3.1571     1.8523     3.0285     0.0003  1025.5967    25.5678      6.519    5.63323    15.5888    34.6453    1508.22    240.971    240.982 -9.990e-29
      6.643  43.107250    15.5895      6.609       6660 3.2560e+00    200.653    4.60776 9.4150e+01     0.0002     0.0001     3.2560     1.8536     3.0217     0.0003  1025.5969    25.5679      6.561    5.63326    15.5885    34.6453    1508.22    240.965    240.975 -9.990e-29
      6.711  43.107237    15.5894      6.734       6661 3.4394e+00    201.000    4.61573 9.2423e+01     0.0002     0.0001     3.4394     1.8555     3.0136     0.0003  1025.5975    25.5679      6.685    5.63327    15.5884    34.6453    1508.22    240.965    240.971 -9.990e-29
      6.789  43.107430    15.5899      6.817       6662 3.6429e+00    201.480    4.62676 9.0560e+01     0.0001     0.0001     3.6429     1.8583     3.0048     0.0003  1025.5976    25.5676      6.767    5.63323    15.5888    34.6450    1508.22    241.000    241.003 -9.990e-29
      6.874  43.107745    15.5901      6.901       6663 3.7160e+00    201.992    4.63852 8.8622e+01     0.0001     0.0001     3.7160     1.8616     2.9954     0.0002  1025.5979    25.5676      6.850    5.63320    15.5890    34.6451    1508.23    241.001    241.002 -9.990e-29
      6.963  43.108093    15.5905      7.005       6664 3.6145e+00    202.200    4.64329 8.6581e+01     0.0002     0.0001     3.6145     1.8633     2.9854     0.0002  1025.5983    25.5675      6.954    5.63316    15.5894    34.6450    1508.23    241.018    241.017 -9.990e-29
      7.057  43.108451    15.5911      7.088       6665 3.3983e+00    201.872    4.63576 8.4450e+01     0.0002     0.0001     3.3983     1.8622     2.9746     0.0002  1025.5983    25.5671      7.036    5.63310    15.5900    34.6448    1508.23    241.051    241.047 -9.990e-29
      7.153  43.108796    15.5915      7.213       6666 3.1589e+00    201.109    4.61824 8.2333e+01     0.0002     0.0001     3.1589     1.8592     2.9637     0.0002  1025.5987    25.5670      7.160    5.63306    15.5904    34.6447    1508.24    241.070    241.062 -9.990e-29
