inst/extdata/S285_ctd/S285-017-HC.ros
* Sea-Bird SBE19plus Data File:
* FileName = C:\Data\CTD\Hex\S285-017-HC.hex
* Software Version 1.25
* Temperature SN =  7706
* Conductivity SN =  7706
* System UpLoad Time = Apr 10 2019 03:20:07
** StationS285-017-HC
** UTC (Time)09:22
** Latitude:38 58.5'S
** Longitude:174 18.4'W 
** Bottom Depth [m]5187
** Chief ScientistBen Harden 
** General Locale
** Carousel - SN:7706
** Voltage Channels:	Instrument Name:	Instrument SN:
** Voltage 0	Free	x
** Voltage 1	Free	x
** Voltage 2	Seapoint Chl-a	SCF3735
** Voltage 3	Dissolved O2	3329
** Voltage 4	Par	70623
** Voltage 5	Free	X
** 
# nquan = 17
# nvalues = 108                     
# units = specified
# name 0 = depSM: Depth [salt water, m]
# name 1 = c0mS/cm: Conductivity [mS/cm]
# name 2 = tv290C: Temperature [ITS-90, deg C]
# name 3 = prdM: Pressure, Strain Gauge [db]
# name 4 = scan: Scan Count
# name 5 = flSP: Fluorescence, Seapoint
# name 6 = sbeox0Mm/Kg: Oxygen, SBE 43 [umol/Kg]
# name 7 = sbeox0ML/L: Oxygen, SBE 43 [ml/l]
# name 8 = par: PAR/Irradiance, Biospherical/Licor
# name 9 = v0: Voltage 0
# name 10 = v1: Voltage 1
# name 11 = v2: Voltage 2
# name 12 = v3: Voltage 3
# name 13 = v4: Voltage 4
# name 14 = v5: Voltage 5
# name 15 = nbf: number of bottles fired
# name 16 = flag:  0.000e+00
# interval = seconds: 0.25                        
# start_time = Apr 10 2019 02:19:48
*END*
[from data line 86]
     25.983  48.021932    19.7085     26.175       7970 1.3306e-01    125.318    2.87644 1.0000e-12     0.0004     0.0005     0.1331     1.4351     0.0017     0.0003         10  0.000e+00
     26.024  48.021654    19.7083     26.217       7971 1.3069e-01    125.397    2.87824 1.0000e-12     0.0004     0.0000     0.1307     1.4354     0.0019     0.0000         10  0.000e+00
     26.127  48.020960    19.7079     26.321       7972 1.3725e-01    125.416    2.87869 1.0000e-12     0.0005     0.0003     0.1373     1.4354     0.0022     0.0000         10  0.000e+00
     26.127  48.022558    19.7079     26.321       7973 1.3573e-01    125.497    2.88055 1.0000e-12     0.0002     0.0005     0.1357     1.4359     0.0025     0.0000         10  0.000e+00
     10.657  48.015471    19.7105     10.735       8154 1.5991e-01    126.263    2.89811 1.0000e-12     0.0003     0.0002     0.1599     1.4443     0.0027     0.0007         11  0.000e+00
     10.470  48.014845    19.7102     10.548       8155 1.2856e-01    126.260    2.89805 1.0000e-12     0.0000     0.0001     0.1286     1.4443     0.0022     0.0004         11  0.000e+00
     10.346  48.014498    19.7097     10.423       8156 1.3794e-01    126.217    2.89706 1.0000e-12     0.0001     0.0000     0.1379     1.4439     0.0021     0.0003         11  0.000e+00
     10.139  48.014219    19.7094     10.214       8157 1.3771e-01    126.315    2.89932 1.0000e-12     0.0001     0.0000     0.1377     1.4445     0.0025     0.0005         11  0.000e+00
      9.973  48.014218    19.7089     10.047       8158 1.3710e-01    126.239    2.89756 1.0000e-12     0.0000     0.0002     0.1371     1.4440     0.0023     0.0005         11  0.000e+00
      9.870  48.013593    19.7088      9.942       8159 1.2215e-01    126.087    2.89408 1.0000e-12     0.0001     0.0002     0.1221     1.4434     0.0024     0.0007         11  0.000e+00
      9.787  48.011648    19.7083      9.859       8160 1.1879e-01    126.075    2.89380 1.0000e-12     0.0000     0.0000     0.1188     1.4434     0.0024     0.0000         11  0.000e+00
      9.766  48.010398    19.7076      9.838       8161 1.2894e-01    126.027    2.89269 1.0000e-12     0.0007     0.0002     0.1289     1.4433     0.0021     0.0002         11  0.000e+00
      9.704  48.010051    19.7063      9.775       8162 1.3359e-01    126.127    2.89499 1.0000e-12     0.0001     0.0003     0.1336     1.4438     0.0020     0.0005         11  0.000e+00
      2.666  48.006199    19.7043      2.686       8557 1.5518e-01    153.921    3.53295 1.0000e-12     0.0000     0.0000     0.1552     1.6312     0.3234     0.0005         12  0.000e+00
      2.500  48.006198    19.7043      2.519       8558 1.3680e-01    154.192    3.53917 1.0000e-12     0.0005     0.0003     0.1368     1.6326     0.2040     0.0005         12  0.000e+00
      2.355  48.007170    19.7044      2.373       8559 1.3489e-01    154.442    3.54491 1.0000e-12     0.0001     0.0000     0.1349     1.6345     0.0578     0.0004         12  0.000e+00
      2.169  48.006822    19.7048      2.185       8560 1.3062e-01    154.185    3.53901 1.0000e-12     0.0002     0.0000     0.1306     1.6345     0.2481     0.0000         12  0.000e+00
      2.003  48.006821    19.7053      2.018       8561 1.3565e-01    153.973    3.53416 1.0000e-12     0.0000     0.0006     0.1357     1.6349     0.0859     0.0003         12  0.000e+00
      1.796  48.007167    19.7054      1.809       8562 1.3703e-01    154.351    3.54282 1.0000e-12     0.0000     0.0002     0.1370     1.6397     0.0922     0.0002         12  0.000e+00
      1.610  48.007166    19.7056      1.621       8563 1.4054e-01    155.053    3.55894 1.0000e-12     0.0002     0.0000     0.1405     1.6464     0.1305     0.0002         12  0.000e+00
      1.506  48.007443    19.7059      1.517       8564 1.1734e-01    157.187    3.60791 1.0000e-12     0.0000     0.0008     0.1173     1.6593     0.0663     0.0002         12  0.000e+00
      1.527  48.008763    19.7059      1.538       8565 1.1078e-01    159.302    3.65648 1.0000e-12     0.0002     0.0003     0.1108     1.6699     0.0266     0.0005         12  0.000e+00
