inst/extdata/S285_ctd/S285-017-HC.cnv
* Sea-Bird SBE19plus Data File:
* FileName = C:\Data\CTD\Hex\S285-017-HC.hex
* Software Version 1.25
* Temperature SN =  7706
* Conductivity SN =  7706
* System UpLoad Time = Apr 10 2019 03:20:07
** StationS285-017-HC
** UTC (Time)09:22
** Latitude:38 58.5'S
** Longitude:174 18.4'W 
** Bottom Depth [m]5187
** Chief ScientistBen Harden 
** General Locale
** Carousel - SN:7706
** Voltage Channels:	Instrument Name:	Instrument SN:
** Voltage 0	Free	x
** Voltage 1	Free	x
** Voltage 2	Seapoint Chl-a	SCF3735
** Voltage 3	Dissolved O2	3329
** Voltage 4	Par	70623
** Voltage 5	Free	X
** 
# nquan = 25                                
# nvalues = 8971                        
# units = specified
# name 0 = depSM: Depth [salt water, m]
# name 1 = c0mS/cm: Conductivity [mS/cm]
# name 2 = tv290C: Temperature [ITS-90, deg C]
# name 3 = prdM: Pressure, Strain Gauge [db]
# name 4 = scan: Scan Count
# name 5 = flSP: Fluorescence, Seapoint
# name 6 = sbeox0Mm/Kg: Oxygen, SBE 43 [umol/Kg]
# name 7 = sbeox0ML/L: Oxygen, SBE 43 [ml/l]
# name 8 = par: PAR/Irradiance, Biospherical/Licor
# name 9 = v0: Voltage 0
# name 10 = v1: Voltage 1
# name 11 = v2: Voltage 2
# name 12 = v3: Voltage 3
# name 13 = v4: Voltage 4
# name 14 = v5: Voltage 5
# name 15 = density00: Density [density, Kg/m^3]
# name 16 = sigma-é00: Density [sigma-theta, Kg/m^3]
# name 17 = depSM: Depth [salt water, m], lat = -36
# name 18 = oxsatML/L: Oxygen Saturation [ml/l]
# name 19 = potemp090C: Potential Temperature [ITS-90, deg C]
# name 20 = sal00: Salinity [PSU]
# name 21 = svCM: Sound Velocity [Chen-Millero, m/s]
# name 22 = sva: Specific Volume Anomaly [10^-8 * m^3/Kg]
# name 23 = tsa: Thermosteric Anomaly [10^-8 * m^3/Kg]
# name 24 = flag: flag
# span 0 =     -0.132,    385.714       
# span 1 =   0.000439,  48.045872       
# span 2 =     8.7698,    19.7208       
# span 3 =     -0.199,    389.104       
# span 4 =          1,       8971       
# span 5 = 4.7070e-02, 5.0115e-01       
# span 6 =    118.261,    254.328       
# span 7 =    2.71444,    5.83729       
# span 8 = 1.0000e-12, 1.8391e-01       
# span 9 =     0.0000,     0.0004       
# span 10 =     0.0000,     0.0005      
# span 11 =     0.0470,     0.5012      
# span 12 =     1.3041,     2.1857      
# span 13 =     0.0019,     1.0016      
# span 14 =     0.0000,     0.0006      
# span 15 =   998.6480,  1028.5816      
# span 16 =    -1.3514,    26.8241      
# span 17 =     -0.198,    385.898      
# span 18 =    5.18212,    6.75121      
# span 19 =     8.7280,    19.7146      
# span 20 =     0.0090,    35.4051      
# span 21 =    1472.85,    1521.99      
# span 22 =    129.355,   2869.123      
# span 23 =    122.285,   2869.326      
# span 24 = 0.0000e+00, 0.0000e+00      
# interval = seconds: 0.25                        
# start_time = Apr 10 2019 02:19:48
# bad_flag = -9.990e-29
*END*
[from data line 6841]
    156.589  40.162306    12.1820    157.888       6842 1.6825e-01    132.574    3.04719 1.0000e-12     0.0002     0.0002     0.1682     1.3296     0.0023     0.0003  1027.1989    26.4958    156.674    6.03099    12.1612    34.9198    1499.96    156.911    153.186 0.0000e+00
    156.392  40.171252    12.1892    157.679       6843 1.6855e-01    132.561    3.04691 1.0000e-12     0.0002     0.0003     0.1685     1.3296     0.0023     0.0004  1027.1981    26.4961    156.467    6.02999    12.1685    34.9218    1499.98    156.889    153.166 0.0000e+00
    156.181  40.181927    12.1976    157.387       6844 1.6950e-01    132.554    3.04674 1.0000e-12     0.0002     0.0003     0.1695     1.3297     0.0023     0.0004  1027.1972    26.4965    156.177    6.02882    12.1769    34.9245    1500.01    156.843    153.125 0.0000e+00
    155.969  40.194805    12.2122    157.136       6845 1.7130e-01    132.543    3.04650 1.0000e-12     0.0002     0.0002     0.1713     1.3298     0.0023     0.0004  1027.1924    26.4929    155.928    6.02700    12.1915    34.9235    1500.05    157.182    153.468 0.0000e+00
    155.765  40.209509    12.2274    156.928       6846 1.7347e-01    132.513    3.04581 1.0000e-12     0.0002     0.0002     0.1735     1.3299     0.0023     0.0004  1027.1887    26.4901    155.722    6.02506    12.2067    34.9236    1500.10    157.447    153.734 0.0000e+00
    155.573  40.224641    12.2399    156.698       6847 1.7558e-01    132.457    3.04454 1.0000e-12     0.0002     0.0002     0.1756     1.3298     0.0023     0.0003  1027.1876    26.4901    155.494    6.02335    12.2192    34.9268    1500.14    157.444    153.734 0.0000e+00
    155.399  40.239827    12.2551    156.531       6848 1.7765e-01    132.398    3.04316 1.0000e-12     0.0001     0.0003     0.1776     1.3298     0.0023     0.0003  1027.1843    26.4876    155.328    6.02140    12.2344    34.9274    1500.19    157.678    153.967 0.0000e+00
    155.243  40.255397    12.2746    156.364       6849 1.7987e-01    132.363    3.04235 1.0000e-12     0.0001     0.0003     0.1798     1.3299     0.0023     0.0002  1027.1774    26.4815    155.163    6.01903    12.2539    34.9244    1500.25    158.258    154.548 0.0000e+00
    155.107  40.269955    12.2925    156.218       6850 1.8292e-01    132.364    3.04238 1.0000e-12     0.0002     0.0002     0.1829     1.3302     0.0023     0.0002  1027.1713    26.4761    155.018    6.01685    12.2718    34.9218    1500.31    158.774    155.063 0.0000e+00
    154.992  40.281368    12.3034    156.114       6851 1.8548e-01    132.386    3.04286 1.0000e-12     0.0002     0.0002     0.1855     1.3305     0.0024     0.0002  1027.1694    26.4747    154.915    6.01544    12.2827    34.9228    1500.34    158.905    155.195 0.0000e+00
    154.897  40.289271    12.3096    156.009       6852 1.8553e-01    132.403    3.04325 1.0000e-12     0.0002     0.0002     0.1855     1.3307     0.0024     0.0002  1027.1692    26.4750    154.811    6.01458    12.2890    34.9247    1500.36    158.877    155.167 0.0000e+00
    154.822  40.294864    12.3146    155.946       6853 1.8461e-01    132.407    3.04333 1.0000e-12     0.0003     0.0002     0.1846     1.3307     0.0024     0.0003  1027.1686    26.4746    154.748    6.01391    12.2940    34.9255    1500.38    158.911    155.202 0.0000e+00
    154.766  40.299005    12.3181    155.905       6854 1.8401e-01    132.407    3.04331 1.0000e-12     0.0003     0.0002     0.1840     1.3308     0.0024     0.0003  1027.1683    26.4745    154.707    6.01344    12.2975    34.9263    1500.39    158.919    155.210 0.0000e+00
    154.726  40.302106    12.3174    155.863       6855 1.8336e-01    132.420    3.04360 1.0000e-12     0.0003     0.0001     0.1834     1.3309     0.0023     0.0004  1027.1711    26.4775    154.666    6.01339    12.2968    34.9299    1500.39    158.635    154.926 0.0000e+00
    154.699  40.305292    12.3179    155.863       6856 1.8333e-01    132.444    3.04414 1.0000e-12     0.0003     0.0001     0.1833     1.3311     0.0023     0.0004  1027.1730    26.4795    154.666    6.01323    12.2973    34.9325    1500.40    158.452    154.743 -9.990e-29
    154.681  40.310044    12.3256    155.863       6857 1.8387e-01    132.462    3.04456 1.0000e-12     0.0003     0.0002     0.1839     1.3313     0.0023     0.0003  1027.1695    26.4760    154.666    6.01235    12.3050    34.9300    1500.42    158.785    155.074 -9.990e-29
    154.667  40.316007    12.3324    155.863       6858 1.8390e-01    132.461    3.04453 1.0000e-12     0.0003     0.0002     0.1839     1.3314     0.0023     0.0003  1027.1677    26.4742    154.666    6.01151    12.3117    34.9294    1500.44    158.954    155.241 -9.990e-29
    154.653  40.321547    12.3374    155.884       6859 1.8358e-01    132.443    3.04413 1.0000e-12     0.0003     0.0002     0.1836     1.3315     0.0023     0.0002  1027.1674    26.4738    154.687    6.01085    12.3167    34.9301    1500.46    158.997    155.283 -9.990e-29
    154.632  40.326197    12.3428    155.863       6860 1.8456e-01    132.417    3.04352 1.0000e-12     0.0003     0.0002     0.1845     1.3315     0.0023     0.0003  1027.1658    26.4723    154.666    6.01019    12.3221    34.9296    1500.48    159.135    155.421 -9.990e-29
    154.599  40.329985    12.3483    155.884       6861 1.8796e-01    132.378    3.04262 1.0000e-12     0.0003     0.0002     0.1879     1.3314     0.0023     0.0003  1027.1637    26.4701    154.687    6.00955    12.3276    34.9281    1500.50    159.347    155.630 -9.990e-29
    154.548  40.332374    12.3487    155.842       6862 1.9180e-01    132.332    3.04157 1.0000e-12     0.0003     0.0001     0.1918     1.3313     0.0023     0.0004  1027.1649    26.4716    154.645    6.00942    12.3280    34.9301    1500.50    159.209    155.494 0.0000e+00
    154.470  40.333273    12.3443    155.800       6863 1.9269e-01    132.291    3.04062 1.0000e-12     0.0002     0.0001     0.1927     1.3313     0.0023     0.0004  1027.1695    26.4763    154.603    6.00979    12.3236    34.9351    1500.49    158.760    155.045 0.0000e+00
    154.362  40.334470    12.3441    155.675       6864 1.9202e-01    132.247    3.03959 1.0000e-12     0.0002     0.0001     0.1920     1.3313     0.0024     0.0005  1027.1700    26.4774    154.479    6.00976    12.3235    34.9365    1500.49    158.650    154.938 0.0000e+00
    154.222  40.337850    12.3465    155.571       6865 1.9155e-01    132.194    3.03838 1.0000e-12     0.0002     0.0002     0.1916     1.3312     0.0024     0.0005  1027.1699    26.4778    154.376    6.00942    12.3259    34.9375    1500.50    158.613    154.903 0.0000e+00
    154.046  40.343385    12.3515    155.383       6866 1.8922e-01    132.152    3.03742 1.0000e-12     0.0002     0.0002     0.1892     1.3311     0.0023     0.0005  1027.1687    26.4774    154.190    6.00876    12.3309    34.9383    1500.51    158.645    154.938 0.0000e+00
    153.834  40.350664    12.3600    155.153       6867 1.8628e-01    132.123    3.03678 1.0000e-12     0.0002     0.0002     0.1863     1.3311     0.0023     0.0004  1027.1654    26.4751    153.961    6.00771    12.3394    34.9375    1500.54    158.855    155.152 0.0000e+00
    153.593  40.359106    12.3684    154.861       6868 1.8511e-01    132.097    3.03618 1.0000e-12     0.0002     0.0002     0.1851     1.3310     0.0023     0.0004  1027.1628    26.4739    153.672    6.00663    12.3478    34.9380    1500.56    158.970    155.273 0.0000e+00
    153.335  40.367804    12.3776    154.506       6869 1.8492e-01    132.068    3.03552 1.0000e-12     0.0002     0.0002     0.1849     1.3310     0.0023     0.0003  1027.1594    26.4721    153.320    6.00547    12.3571    34.9380    1500.58    159.134    155.444 0.0000e+00
    153.077  40.376312    12.3849    154.214       6870 1.8460e-01    132.038    3.03482 1.0000e-12     0.0002     0.0002     0.1846     1.3310     0.0023     0.0003  1027.1579    26.4718    153.030    6.00449    12.3644    34.9396    1500.61    159.149    155.464 0.0000e+00
    152.833  40.384733    12.3947    153.901       6871 1.8443e-01    132.022    3.03444 1.0000e-12     0.0002     0.0002     0.1844     1.3310     0.0023     0.0003  1027.1539    26.4693    152.720    6.00328    12.3742    34.9387    1500.63    159.388    155.708 0.0000e+00
    152.617  40.392883    12.4039    153.630       6872 1.8439e-01    132.041    3.03487 1.0000e-12     0.0003     0.0002     0.1844     1.3312     0.0023     0.0003  1027.1504    26.4670    152.451    6.00214    12.3835    34.9381    1500.66    159.595    155.921 0.0000e+00
    152.437  40.399793    12.4078    153.484       6873 1.8354e-01    132.088    3.03596 1.0000e-12     0.0003     0.0002     0.1835     1.3314     0.0022     0.0004  1027.1514    26.4687    152.306    6.00153    12.3874    34.9412    1500.67    159.436    155.764 0.0000e+00
    152.292  40.405834    12.4143    153.338       6874 1.8168e-01    132.137    3.03708 1.0000e-12     0.0003     0.0002     0.1817     1.3317     0.0022     0.0004  1027.1493    26.4673    152.161    6.00071    12.3939    34.9411    1500.69    159.566    155.896 0.0000e+00
    152.180  40.411888    12.4222    153.212       6875 1.8065e-01    132.178    3.03802 1.0000e-12     0.0003     0.0002     0.1806     1.3318     0.0022     0.0004  1027.1461    26.4646    152.036    5.99977    12.4018    34.9396    1500.72    159.817    156.149 0.0000e+00
    152.103  40.417135    12.4263    153.150       6876 1.8130e-01    132.208    3.03871 1.0000e-12     0.0002     0.0001     0.1813     1.3320     0.0022     0.0004  1027.1460    26.4648    151.975    5.99920    12.4059    34.9409    1500.73    159.799    156.131 0.0000e+00
    152.057  40.421233    12.4302    153.129       6877 1.8173e-01    132.230    3.03921 1.0000e-12     0.0002     0.0001     0.1817     1.3321     0.0022     0.0004  1027.1454    26.4643    151.954    5.99870    12.4098    34.9413    1500.74    159.847    156.178 0.0000e+00
    152.035  40.424882    12.4343    153.150       6878 1.8182e-01    132.250    3.03966 1.0000e-12     0.0002     0.0001     0.1818     1.3322     0.0022     0.0004  1027.1444    26.4633    151.975    5.99819    12.4139    34.9410    1500.76    159.946    156.276 -9.990e-29
    152.031  40.428120    12.4376    153.150       6879 1.8210e-01    132.254    3.03974 1.0000e-12     0.0002     0.0001     0.1821     1.3324     0.0022     0.0004  1027.1438    26.4627    151.975    5.99777    12.4172    34.9410    1500.77    160.004    156.334 -9.990e-29
    152.039  40.430652    12.4400    153.192       6880 1.8179e-01    132.241    3.03944 1.0000e-12     0.0002     0.0001     0.1818     1.3324     0.0022     0.0004  1027.1437    26.4624    152.016    5.99746    12.4196    34.9412    1500.78    160.036    156.364 -9.990e-29
    152.053  40.432440    12.4416    153.233       6881 1.8183e-01    132.214    3.03882 1.0000e-12     0.0002     0.0001     0.1818     1.3324     0.0022     0.0003  1027.1437    26.4622    152.057    5.99725    12.4212    34.9414    1500.78    160.051    156.377 -9.990e-29
    152.069  40.433588    12.4426    153.233       6882 1.8302e-01    132.172    3.03786 1.0000e-12     0.0001     0.0001     0.1830     1.3324     0.0022     0.0003  1027.1436    26.4622    152.057    5.99712    12.4222    34.9416    1500.79    160.057    156.383 -9.990e-29
    152.088  40.434272    12.4432    153.233       6883 1.8469e-01    132.127    3.03682 1.0000e-12     0.0001     0.0001     0.1847     1.3323     0.0022     0.0003  1027.1436    26.4621    152.057    5.99704    12.4228    34.9417    1500.79    160.060    156.386 -9.990e-29
    152.110  40.434635    12.4434    153.317       6884 1.8628e-01    132.091    3.03598 1.0000e-12     0.0001     0.0001     0.1863     1.3322     0.0022     0.0003  1027.1440    26.4622    152.140    5.99701    12.4230    34.9418    1500.79    160.057    156.381 -9.990e-29
    152.125  40.434698    12.4435    153.401       6885 1.8700e-01    132.073    3.03557 1.0000e-12     0.0002     0.0001     0.1870     1.3323     0.0022     0.0003  1027.1443    26.4621    152.224    5.99700    12.4231    34.9418    1500.79    160.066    156.387 -9.990e-29
    152.116  40.434442    12.4434    153.442       6886 1.8679e-01    132.078    3.03568 1.0000e-12     0.0002     0.0002     0.1868     1.3324     0.0023     0.0003  1027.1444    26.4620    152.264    5.99702    12.4229    34.9416    1500.79    160.078    156.398 -9.990e-29
    152.072  40.433893    12.4429    153.401       6887 1.8599e-01    132.100    3.03617 1.0000e-12     0.0002     0.0002     0.1860     1.3325     0.0023     0.0003  1027.1443    26.4621    152.224    5.99709    12.4225    34.9415    1500.79    160.071    156.392 -9.990e-29
    151.987  40.433052    12.4415    153.380       6888 1.8429e-01    132.124    3.03672 1.0000e-12     0.0002     0.0002     0.1843     1.3326     0.0023     0.0003  1027.1449    26.4627    152.203    5.99724    12.4211    34.9420    1500.79    160.007    156.330 -9.990e-29
    151.847  40.431976    12.4391    153.317       6889 1.8239e-01    132.141    3.03713 1.0000e-12     0.0002     0.0003     0.1824     1.3326     0.0022     0.0003  1027.1460    26.4641    152.140    5.99750    12.4187    34.9433    1500.78    159.871    156.195 -9.990e-29
    151.644  40.431070    12.4367    153.025       6890 1.8167e-01    132.152    3.03738 1.0000e-12     0.0002     0.0003     0.1817     1.3326     0.0022     0.0004  1027.1463    26.4657    151.851    5.99775    12.4163    34.9448    1500.77    159.709    156.041 0.0000e+00
    151.385  40.431051    12.4354    152.753       6891 1.8227e-01    132.159    3.03753 1.0000e-12     0.0002     0.0004     0.1823     1.3326     0.0022     0.0004  1027.1464    26.4670    151.581    5.99786    12.4150    34.9461    1500.76    159.582    155.921 0.0000e+00
    151.082  40.432496    12.4362    152.356       6892 1.8328e-01    132.163    3.03764 1.0000e-12     0.0002     0.0004     0.1833     1.3326     0.0022     0.0004  1027.1451    26.4675    151.187    5.99773    12.4159    34.9469    1500.76    159.527    155.875 0.0000e+00
    150.747  40.435622    12.4387    152.022       6893 1.8352e-01    132.166    3.03771 1.0000e-12     0.0002     0.0004     0.1835     1.3327     0.0023     0.0003  1027.1437    26.4676    150.856    5.99738    12.4184    34.9477    1500.76    159.504    155.860 0.0000e+00
    150.393  40.440384    12.4440    151.542       6894 1.8301e-01    132.170    3.03781 1.0000e-12     0.0002     0.0003     0.1830     1.3328     0.0023     0.0003  1027.1405    26.4665    150.380    5.99672    12.4238    34.9476    1500.77    159.601    155.968 0.0000e+00
    150.040  40.446457    12.4509    151.083       6895 1.8269e-01    132.173    3.03787 1.0000e-12     0.0002     0.0003     0.1827     1.3329     0.0023     0.0003  1027.1368    26.4648    149.924    5.99586    12.4308    34.9472    1500.79    159.745    156.122 0.0000e+00
    149.714  40.453267    12.4586    150.707       6896 1.8242e-01    132.183    3.03811 1.0000e-12     0.0002     0.0002     0.1824     1.3331     0.0023     0.0003  1027.1332    26.4630    149.551    5.99491    12.4385    34.9468    1500.81    159.912    156.297 0.0000e+00
    149.427  40.460143    12.4619    150.373       6897 1.8140e-01    132.212    3.03879 1.0000e-12     0.0002     0.0001     0.1814     1.3333     0.0023     0.0003  1027.1339    26.4652    149.220    5.99435    12.4418    34.9505    1500.82    159.693    156.085 0.0000e+00
    149.189  40.467498    12.4683    150.143       6898 1.8012e-01    132.249    3.03964 1.0000e-12     0.0002     0.0001     0.1801     1.3335     0.0023     0.0003  1027.1326    26.4649    148.992    5.99350    12.4483    34.9518    1500.84    159.716    156.113 0.0000e+00
