inst/extdata/S285_ctd/S285-009-HC.cnv
* Sea-Bird SBE19plus Data File:
* FileName = C:\Data\CTD\Hex\S285-009-HC.hex
* Software Version 1.25
* Temperature SN =  7706
* Conductivity SN =  7706
* System UpLoad Time = Apr 05 2019 16:24:13
** StationS285-009-HC
** UTC (Time)10:11
** Latitude:44 06.7'S
** Longitude:177 33.4'W
** Bottom Depth [m]463
** Chief ScientistBen Harden
** General Locale
** Carousel - SN:7706
** Voltage Channels:	Instrument Name:	Instrument SN:
** Voltage 0	Free	x
** Voltage 1	Free	x
** Voltage 2	Seapoint Chl-a	SCF3735
** Voltage 3	Dissolved O2	3329
** Voltage 4	Par	70623
** Voltage 5	Free	X
** 
# nquan = 25                                
# nvalues = 7067                        
# units = specified
# name 0 = depSM: Depth [salt water, m]
# name 1 = c0mS/cm: Conductivity [mS/cm]
# name 2 = tv290C: Temperature [ITS-90, deg C]
# name 3 = prdM: Pressure, Strain Gauge [db]
# name 4 = scan: Scan Count
# name 5 = flSP: Fluorescence, Seapoint
# name 6 = sbeox0Mm/Kg: Oxygen, SBE 43 [umol/Kg]
# name 7 = sbeox0ML/L: Oxygen, SBE 43 [ml/l]
# name 8 = par: PAR/Irradiance, Biospherical/Licor
# name 9 = v0: Voltage 0
# name 10 = v1: Voltage 1
# name 11 = v2: Voltage 2
# name 12 = v3: Voltage 3
# name 13 = v4: Voltage 4
# name 14 = v5: Voltage 5
# name 15 = density00: Density [density, Kg/m^3]
# name 16 = sigma-é00: Density [sigma-theta, Kg/m^3]
# name 17 = depSM: Depth [salt water, m], lat = -36
# name 18 = oxsatML/L: Oxygen Saturation [ml/l]
# name 19 = potemp090C: Potential Temperature [ITS-90, deg C]
# name 20 = sal00: Salinity [PSU]
# name 21 = svCM: Sound Velocity [Chen-Millero, m/s]
# name 22 = sva: Specific Volume Anomaly [10^-8 * m^3/Kg]
# name 23 = tsa: Thermosteric Anomaly [10^-8 * m^3/Kg]
# name 24 = flag: flag
# span 0 =     -0.056,    392.055       
# span 1 =   0.007554,  45.258047       
# span 2 =     7.9325,    17.3811       
# span 3 =     -0.100,    395.430       
# span 4 =          1,       7067       
# span 5 = 2.2465e-03, 6.7949e-01       
# span 6 =    130.212,    280.213       
# span 7 =    2.98999,    6.43222       
# span 8 = 1.0000e-12, 1.8477e+03       
# span 9 =     0.0000,     0.0004       
# span 10 =     0.0000,     0.0005      
# span 11 =     0.0022,     0.6795      
# span 12 =     1.3423,     2.3359      
# span 13 =     0.0020,     4.3111      
# span 14 =     0.0000,     0.0006      
# span 15 =   999.1894,  1028.6571      
# span 16 =    -0.8103,    26.8642      
# span 17 =     -0.099,    392.166      
# span 18 =    5.42833,    7.13325      
# span 19 =     7.8925,    17.3758      
# span 20 =     0.0101,    35.0533      
# span 21 =    1463.98,    1514.86      
# span 22 =    124.929,   2814.890      
# span 23 =    118.426,   2815.093      
# span 24 = 0.0000e+00, 0.0000e+00      
# interval = seconds: 0.25                        
# start_time = Apr 04 2019 14:09:49
# bad_flag = -9.990e-29
*END*
[from data line 2145]
    171.517  39.012411    11.0814    172.914       2146 5.6563e-02    139.047    3.19632 1.0000e-12     0.0001     0.0001     0.0566     1.3478     0.0023     0.0002  1027.3960    26.6221    171.579    6.17834    11.0600    34.8170    1496.29    144.972    141.191 0.0000e+00
    171.553  39.015830    11.0836    173.039       2147 5.6722e-02    139.018    3.19567 1.0000e-12     0.0001     0.0001     0.0567     1.3476     0.0023     0.0003  1027.3971    26.6227    171.703    6.17800    11.0622    34.8183    1496.30    144.920    141.136 0.0000e+00
    171.559  39.021830    11.0920    173.018       2148 5.6742e-02    138.978    3.19474 1.0000e-12     0.0001     0.0001     0.0567     1.3474     0.0023     0.0003  1027.3939    26.6197    171.682    6.17696    11.0706    34.8163    1496.33    145.212    141.426 -9.990e-29
    171.534  39.029984    11.1066    172.976       2149 5.6803e-02    138.932    3.19370 1.0000e-12     0.0001     0.0001     0.0568     1.3472     0.0022     0.0003  1027.3866    26.6126    171.640    6.17523    11.0852    34.8106    1496.37    145.885    142.098 -9.990e-29
    171.482  39.037962    11.1151    172.913       2150 5.7204e-02    138.894    3.19283 1.0000e-12     0.0001     0.0001     0.0572     1.3471     0.0022     0.0002  1027.3847    26.6110    171.578    6.17411    11.0937    34.8105    1496.40    146.039    142.250 -9.990e-29
    171.411  39.043603    11.1195    172.767       2151 5.7800e-02    138.872    3.19232 1.0000e-12     0.0001     0.0001     0.0578     1.3470     0.0022     0.0002  1027.3844    26.6114    171.433    6.17346    11.0981    34.8121    1496.41    146.001    142.214 -9.990e-29
    171.329  39.047282    11.1227    172.684       2152 5.8168e-02    138.861    3.19207 1.0000e-12     0.0001     0.0001     0.0582     1.3470     0.0023     0.0002  1027.3840    26.6113    171.351    6.17301    11.1013    34.8127    1496.42    146.006    142.220 -9.990e-29
    171.246  39.049909    11.1244    172.517       2153 5.8036e-02    138.848    3.19177 1.0000e-12     0.0001     0.0001     0.0580     1.3469     0.0023     0.0002  1027.3837    26.6118    171.185    6.17274    11.1030    34.8138    1496.43    145.953    142.170 -9.990e-29
    171.175  39.051732    11.1266    172.433       2154 5.7552e-02    138.829    3.19132 1.0000e-12     0.0001     0.0001     0.0576     1.3468     0.0023     0.0002  1027.3828    26.6112    171.102    6.17246    11.1053    34.8136    1496.43    146.006    142.225 -9.990e-29
    171.124  39.052913    11.1288    172.329       2155 5.7162e-02    138.808    3.19084 1.0000e-12     0.0001     0.0002     0.0572     1.3467     0.0023     0.0002  1027.3812    26.6102    170.998    6.17220    11.1075    34.8127    1496.44    146.106    142.327 -9.990e-29
    171.106  39.053190    11.1311    172.245       2156 5.7112e-02    138.790    3.19043 1.0000e-12     0.0001     0.0002     0.0571     1.3466     0.0022     0.0002  1027.3790    26.6083    170.915    6.17196    11.1098    34.8109    1496.44    146.282    142.504 -9.990e-29
    171.132  39.051964    11.1329    172.266       2157 5.7159e-02    138.782    3.19022 1.0000e-12     0.0001     0.0002     0.0572     1.3465     0.0022     0.0002  1027.3764    26.6057    170.936    6.17184    11.1116    34.8079    1496.45    146.530    142.752 -9.990e-29
    171.207  39.048354    11.1321    172.329       2158 5.7047e-02    138.797    3.19055 1.0000e-12     0.0001     0.0002     0.0571     1.3465     0.0021     0.0003  1027.3747    26.6036    170.998    6.17206    11.1108    34.8051    1496.44    146.728    142.949 -9.990e-29
    171.334  39.041326    11.1242    172.454       2159 5.6955e-02    138.845    3.19165 1.0000e-12     0.0002     0.0002     0.0570     1.3466     0.0021     0.0004  1027.3770    26.6054    171.122    6.17309    11.1029    34.8055    1496.42    146.561    142.781 -9.990e-29
    171.512  39.030959    11.1102    172.642       2160 5.7071e-02    138.933    3.19364 1.0000e-12     0.0002     0.0002     0.0571     1.3468     0.0022     0.0004  1027.3827    26.6101    171.309    6.17484    11.0888    34.8083    1496.37    146.110    142.329 -9.990e-29
    171.741  39.019120    11.0953    172.893       2161 5.7250e-02    139.057    3.19649 1.0000e-12     0.0003     0.0001     0.0573     1.3471     0.0022     0.0004  1027.3883    26.6146    171.558    6.17674    11.0739    34.8105    1496.33    145.692    141.909 -9.990e-29
    172.016  39.007923    11.0828    173.185       2162 5.7213e-02    139.198    3.19972 1.0000e-12     0.0003     0.0001     0.0572     1.3474     0.0021     0.0004  1027.3923    26.6173    171.847    6.17838    11.0614    34.8111    1496.29    145.438    141.652 0.0000e+00
    172.332  38.998456    11.0722    173.540       2163 5.6878e-02    139.341    3.20302 1.0000e-12     0.0003     0.0002     0.0569     1.3477     0.0021     0.0004  1027.3962    26.6196    172.200    6.17978    11.0508    34.8115    1496.26    145.228    141.437 0.0000e+00
    172.680  38.991083    11.0642    173.958       2164 5.6620e-02    139.478    3.20619 1.0000e-12     0.0003     0.0002     0.0566     1.3479     0.0022     0.0003  1027.3996    26.6210    172.614    6.18084    11.0427    34.8116    1496.24    145.094    141.295 0.0000e+00
    173.045  38.986022    11.0593    174.375       2165 5.6587e-02    139.596    3.20892 1.0000e-12     0.0003     0.0002     0.0566     1.3482     0.0022     0.0003  1027.4019    26.6215    173.028    6.18152    11.0378    34.8110    1496.23    145.061    141.254 0.0000e+00
    173.416  38.983207    11.0609    174.772       2166 5.6478e-02    139.702    3.21137 1.0000e-12     0.0004     0.0003     0.0565     1.3485     0.0023     0.0002  1027.3999    26.6177    173.422    6.18148    11.0393    34.8065    1496.23    145.429    141.614 0.0000e+00
    173.785  38.981137    11.0632    175.169       2167 5.6180e-02    139.807    3.21377 1.0000e-12     0.0004     0.0003     0.0562     1.3489     0.0023     0.0001  1027.3978    26.6139    173.815    6.18135    11.0416    34.8021    1496.24    145.804    141.980 0.0000e+00
    174.147  38.977020    11.0626    175.565       2168 5.5726e-02    139.900    3.21593 1.0000e-12     0.0004     0.0003     0.0557     1.3492     0.0023     0.0001  1027.3968    26.6111    174.208    6.18157    11.0409    34.7984    1496.24    146.076    142.244 0.0000e+00
    174.497  38.968896    11.0558    175.899       2169 5.5292e-02    139.984    3.21785 1.0000e-12     0.0004     0.0003     0.0553     1.3495     0.0023     0.0002  1027.3982    26.6109    174.539    6.18255    11.0341    34.7966    1496.22    146.097    142.260 0.0000e+00
    174.832  38.956458    11.0418    176.275       2170 5.4953e-02    140.072    3.21985 1.0000e-12     0.0003     0.0003     0.0550     1.3498     0.0023     0.0002  1027.4030    26.6140    174.912    6.18439    11.0201    34.7972    1496.18    145.810    141.968 0.0000e+00
    175.149  38.940848    11.0230    176.588       2171 5.4649e-02    140.158    3.22181 1.0000e-12     0.0003     0.0003     0.0547     1.3500     0.0023     0.0002  1027.4095    26.6190    175.223    6.18682    11.0013    34.7993    1496.12    145.334    141.489 0.0000e+00
    175.448  38.924045    11.0043    176.902       2172 5.4418e-02    140.217    3.22317 1.0000e-12     0.0003     0.0002     0.0544     1.3502     0.0023     0.0002  1027.4150    26.6231    175.534    6.18928    10.9826    34.8002    1496.06    144.954    141.108 0.0000e+00
    175.726  38.907755    10.9871    177.173       2173 5.4243e-02    140.238    3.22364 1.0000e-12     0.0003     0.0002     0.0543     1.3502     0.0023     0.0002  1027.4193    26.6261    175.803    6.19159    10.9653    34.8001    1496.01    144.666    140.818 0.0000e+00
    175.983  38.892823    10.9701    177.445       2174 5.4067e-02    140.232    3.22352 1.0000e-12     0.0003     0.0002     0.0541     1.3501     0.0023     0.0003  1027.4245    26.6300    176.073    6.19382    10.9483    34.8012    1495.95    144.296    140.446 0.0000e+00
    176.219  38.879844    10.9557    177.674       2175 5.3848e-02    140.212    3.22307 1.0000e-12     0.0002     0.0002     0.0538     1.3501     0.0022     0.0003  1027.4287    26.6331    176.300    6.19572    10.9339    34.8018    1495.91    144.007    140.156 0.0000e+00
    176.436  38.869662    10.9457    177.883       2176 5.3716e-02    140.165    3.22200 1.0000e-12     0.0002     0.0002     0.0537     1.3499     0.0022     0.0003  1027.4308    26.6343    176.507    6.19709    10.9239    34.8010    1495.87    143.895    140.043 0.0000e+00
    176.633  38.862490    10.9392    178.092       2177 5.3824e-02    140.082    3.22010 1.0000e-12     0.0002     0.0001     0.0538     1.3496     0.0023     0.0002  1027.4321    26.6346    176.714    6.19800    10.9174    34.7999    1495.85    143.867    140.012 0.0000e+00
    176.809  38.857843    10.9347    178.301       2178 5.4069e-02    139.977    3.21771 1.0000e-12     0.0002     0.0001     0.0541     1.3493     0.0023     0.0002  1027.4335    26.6351    176.922    6.19863    10.9129    34.7994    1495.84    143.828    139.970 0.0000e+00
    176.958  38.855267    10.9319    178.447       2179 5.4292e-02    139.874    3.21534 1.0000e-12     0.0002     0.0002     0.0543     1.3490     0.0023     0.0002  1027.4347    26.6356    177.067    6.19900    10.9101    34.7994    1495.83    143.781    139.921 0.0000e+00
    177.079  38.854588    10.9300    178.573       2180 5.4599e-02    139.787    3.21336 1.0000e-12     0.0002     0.0002     0.0546     1.3487     0.0023     0.0002  1027.4364    26.6368    177.192    6.19921    10.9081    34.8005    1495.83    143.673    139.809 0.0000e+00
    177.175  38.855997    10.9293    178.635       2181 5.5071e-02    139.715    3.21173 1.0000e-12     0.0002     0.0002     0.0550     1.3484     0.0022     0.0002  1027.4384    26.6385    177.253    6.19923    10.9074    34.8025    1495.83    143.511    139.646 0.0000e+00
    177.251  38.860070    10.9312    178.698       2182 5.5397e-02    139.646    3.21016 1.0000e-12     0.0002     0.0002     0.0554     1.3482     0.0022     0.0002  1027.4401    26.6399    177.316    6.19889    10.9093    34.8048    1495.84    143.381    139.513 0.0000e+00
    177.310  38.867447    10.9352    178.739       2183 5.5130e-02    139.584    3.20875 1.0000e-12     0.0002     0.0001     0.0551     1.3480     0.0022     0.0002  1027.4423    26.6419    177.356    6.19821    10.9133    34.8083    1495.86    143.189    139.318 0.0000e+00
    177.357  38.878861    10.9505    178.781       2184 5.4391e-02    139.535    3.20763 1.0000e-12     0.0002     0.0001     0.0544     1.3478     0.0023     0.0002  1027.4373    26.6367    177.398    6.19628    10.9286    34.8052    1495.91    143.687    139.812 0.0000e+00
    177.394  38.893928    10.9748    178.802       2185 5.3727e-02    139.493    3.20669 1.0000e-12     0.0002     0.0001     0.0538     1.3476     0.0023     0.0002  1027.4267    26.6261    177.419    6.19334    10.9529    34.7972    1495.99    144.700    140.819 0.0000e+00
    177.425  38.909128    10.9925    178.823       2186 5.3271e-02    139.454    3.20580 1.0000e-12     0.0002     0.0002     0.0533     1.3475     0.0023     0.0002  1027.4223    26.6217    177.440    6.19104    10.9705    34.7956    1496.05    145.128    141.242 0.0000e+00
    177.454  38.920885    11.0064    178.823       2187 5.2936e-02    139.412    3.20482 1.0000e-12     0.0002     0.0002     0.0529     1.3473     0.0022     0.0002  1027.4186    26.6181    177.440    6.18924    10.9844    34.7942    1496.09    145.476    141.587 -9.990e-29
    177.485  38.928345    11.0116    178.844       2188 5.2766e-02    139.375    3.20395 1.0000e-12     0.0002     0.0003     0.0528     1.3472     0.0022     0.0003  1027.4197    26.6191    177.460    6.18844    10.9896    34.7967    1496.12    145.383    141.491 0.0000e+00
    177.521  38.932046    11.0144    178.885       2189 5.2684e-02    139.352    3.20341 1.0000e-12     0.0002     0.0003     0.0527     1.3471     0.0021     0.0003  1027.4201    26.6194    177.501    6.18803    10.9924    34.7977    1496.13    145.358    141.464 0.0000e+00
    177.564  38.933047    11.0196    178.906       2190 5.2608e-02    139.339    3.20310 1.0000e-12     0.0002     0.0003     0.0526     1.3470     0.0021     0.0004  1027.4162    26.6154    177.522    6.18749    10.9976    34.7938    1496.14    145.739    141.844 0.0000e+00
    177.619  38.931081    11.0240    178.906       2191 5.2614e-02    139.339    3.20308 1.0000e-12     0.0002     0.0002     0.0526     1.3469     0.0021     0.0004  1027.4106    26.6098    177.522    6.18714    11.0020    34.7876    1496.15    146.267    142.372 -9.990e-29
    177.694  38.924081    11.0183    179.011       2192 5.2795e-02    139.357    3.20346 1.0000e-12     0.0002     0.0002     0.0528     1.3469     0.0021     0.0004  1027.4109    26.6096    177.626    6.18797    10.9963    34.7860    1496.13    146.290    142.395 0.0000e+00
    177.790  38.911039    11.0042    179.074       2193 5.3098e-02    139.392    3.20425 1.0000e-12     0.0001     0.0001     0.0531     1.3469     0.0021     0.0004  1027.4140    26.6123    177.688    6.18984    10.9822    34.7863    1496.08    146.022    142.129 0.0000e+00
    177.907  38.893202    10.9770    179.220       2194 5.3324e-02    139.454    3.20565 1.0000e-12     0.0001     0.0001     0.0533     1.3469     0.0022     0.0004  1027.4258    26.6234    177.833    6.19317    10.9550    34.7942    1496.00    144.969    141.078 0.0000e+00
    178.045  38.873696    10.9501    179.345       2195 5.3451e-02    139.542    3.20766 1.0000e-12     0.0001     0.0001     0.0535     1.3470     0.0022     0.0004  1027.4360    26.6329    177.957    6.19653    10.9281    34.8002    1495.91    144.063    140.177 0.0000e+00
    178.203  38.856801    10.9325    179.533       2196 5.3514e-02    139.643    3.20996 1.0000e-12     0.0001     0.0001     0.0535     1.3471     0.0023     0.0003  1027.4398    26.6359    178.144    6.19890    10.9105    34.7999    1495.85    143.781    139.895 0.0000e+00
    178.378  38.844565    10.9222    179.700       2197 5.3530e-02    139.741    3.21225 1.0000e-12     0.0001     0.0001     0.0535     1.3472     0.0023     0.0003  1027.4405    26.6357    178.309    6.20038    10.9002    34.7974    1495.82    143.793    139.907 0.0000e+00
    178.571  38.835990    10.9163    179.867       2198 5.3568e-02    139.819    3.21404 1.0000e-12     0.0001     0.0002     0.0536     1.3473     0.0024     0.0003  1027.4400    26.6344    178.475    6.20129    10.8943    34.7943    1495.80    143.918    140.031 0.0000e+00
    178.785  38.829463    10.9121    180.118       2199 5.3577e-02    139.862    3.21506 1.0000e-12     0.0001     0.0002     0.0536     1.3472     0.0024     0.0003  1027.4398    26.6331    178.724    6.20196    10.8901    34.7917    1495.78    144.047    140.156 0.0000e+00
    179.016  38.823704    10.9085    180.347       2200 5.3514e-02    139.898    3.21588 1.0000e-12     0.0001     0.0002     0.0535     1.3472     0.0024     0.0003  1027.4396    26.6319    178.951    6.20254    10.8865    34.7892    1495.77    144.169    140.275 0.0000e+00
    179.260  38.817891    10.9031    180.640       2201 5.3430e-02    139.943    3.21694 1.0000e-12     0.0001     0.0003     0.0534     1.3473     0.0023     0.0003  1027.4413    26.6322    179.242    6.20329    10.8810    34.7884    1495.76    144.143    140.243 0.0000e+00
    179.513  38.811791    10.8969    180.869       2202 5.3468e-02    139.992    3.21806 1.0000e-12     0.0002     0.0003     0.0535     1.3474     0.0023     0.0004  1027.4432    26.6331    179.469    6.20414    10.8748    34.7881    1495.74    144.064    140.161 0.0000e+00
