inst/extdata/initial_example/ctd/Cnv/C285C-002-HC.ros
* Sea-Bird SBE19plus Data File:
* FileName = C:\Data\CTD\Hex\C285C-002-HC.hex
* Software Version 1.24
* Temperature SN =  4447
* Conductivity SN =  4447
* System UpLoad Time = Jun 14 2019 08:05:35
** Station = C285C-002-HC
** NMEA (UTC) Time = 0646
** NMEA Latitude = 41 01.9'N
** NMEA Longitude = 071 17.5'W
** Bottom Depth = 45
** Date = 14 June 19
** Chief Scientist = Ben Harden
** General Locale = 
** C:\Data\CTD\Hex\4447201903_Tx0_CDOM1_DO2_Chl3_PAR4.con
** 4447 CTD 	Instrument	S/N	DWG #
** Voltage 0	Transmiss	CST-779PR	X
** Voltage 1	CDOM	WSCD-1258ad	X
** Voltage 2	DO	3328	x
** Voltage 3	Chl-a	SCF-3149	x
** Voltage 4	PAR	70187	x
** Voltage 5	Free	x	x
** 
# nquan = 19
# nvalues = 108                     
# units = specified
# name 0 = depSM: Depth [salt water, m]
# name 1 = c0mS/cm: Conductivity [mS/cm]
# name 2 = tv290C: Temperature [ITS-90, deg C]
# name 3 = prdM: Pressure, Strain Gauge [db]
# name 4 = scan: Scan Count
# name 5 = flSP: Fluorescence, Seapoint
# name 6 = sbeox0Mm/Kg: Oxygen, SBE 43 [umol/Kg]
# name 7 = sbeox0ML/L: Oxygen, SBE 43 [ml/l]
# name 8 = bat: Beam Attenuation, Chelsea/Seatech/Wetlab CStar [1/m]
# name 9 = wetCDOM: Fluorescence, Wetlab CDOM [mg/m^3]
# name 10 = par: PAR/Irradiance, Biospherical/Licor
# name 11 = v0: Voltage 0
# name 12 = v1: Voltage 1
# name 13 = v2: Voltage 2
# name 14 = v3: Voltage 3
# name 15 = v4: Voltage 4
# name 16 = v5: Voltage 5
# name 17 = nbf: number of bottles fired
# name 18 = flag:  0.000e+00
# interval = seconds: 0.25                        
# start_time = Jun 13 2019 23:44:41
*END*
[from data line 77]
     11.503  39.057789    14.4297     11.567       2934 1.1845e+00    268.124    6.14629    55.2620     1.3488 1.0000e-12     3.7081     0.1525     3.1310     0.3948     0.0114     0.0007          9  0.000e+00
     11.706  39.051884    14.4236     11.771       2935 1.2149e+00    267.938    6.14202    55.2620     1.3275 1.0000e-12     3.7084     0.1514     3.1302     0.4050     0.0119     0.0000          9  0.000e+00
     11.930  39.046313    14.4127     11.997       2936 1.3223e+00    267.683    6.13622    55.2620     1.3559 1.0000e-12     3.7086     0.1529     3.1286     0.4408     0.0115     0.0002          9  0.000e+00
     12.048  39.034438    14.4003     12.115       2937 1.5228e+00    267.512    6.13231    55.2620     1.3530 2.0129e-05     3.7223     0.1527     3.1274     0.5076     0.0122     0.0003          9  0.000e+00
     10.799  39.045516    14.3817     10.859       2951 1.1433e+00    266.566    6.11077    55.2620     1.3289 1.0000e-12     3.7335     0.1514     3.1173     0.3811     0.0109     0.0004         10  0.000e+00
     10.735  39.052350    14.3889     10.794       2952 1.1117e+00    266.648    6.11264    55.2620     1.3246 5.8017e-06     3.7334     0.1512     3.1179     0.3706     0.0121     0.0008         10  0.000e+00
     10.681  39.056860    14.3988     10.740       2953 1.1151e+00    266.494    6.10907    55.2620     1.3317 1.0000e-12     3.7332     0.1516     3.1166     0.3717     0.0119     0.0000         10  0.000e+00
     10.638  39.060642    14.4086     10.697       2954 1.1476e+00    266.569    6.11076    55.2620     1.3402 1.0000e-12     3.7385     0.1521     3.1176     0.3825     0.0109     0.0000         10  0.000e+00
     10.585  39.070794    14.4187     10.644       2955 1.2028e+00    266.295    6.10447    55.2620     1.3459 1.0000e-12     3.7394     0.1524     3.1160     0.4009     0.0114     0.0000         10  0.000e+00
     10.542  39.080217    14.4313     10.601       2956 1.0920e+00    266.303    6.10463    55.2620     1.3317 1.0000e-12     3.7381     0.1516     3.1171     0.3640     0.0114     0.0000         10  0.000e+00
     10.500  39.083999    14.4455     10.558       2957 1.0639e+00    265.943    6.09633    55.2620     1.3204 5.8017e-06     3.7409     0.1510     3.1151     0.3546     0.0121     0.0000         10  0.000e+00
     10.500  39.088047    14.4563     10.558       2958 1.1515e+00    265.898    6.09526    55.2620     1.3246 1.0000e-12     3.7419     0.1512     3.1157     0.3838     0.0116     0.0000         10  0.000e+00
     10.510  39.089705    14.4645     10.569       2959 1.1403e+00    265.737    6.09152    55.2620     1.3431 1.0000e-12     3.7421     0.1522     3.1146     0.3801     0.0114     0.0003         10  0.000e+00
      2.796  39.270303    14.7287      2.812       3352 1.0176e+00    258.979    5.93607    55.2620    -1.4880 9.1801e-05     3.8353     0.0000     3.0610     0.3392     0.0126     0.0000         11  0.000e+00
      2.678  39.270768    14.7293      2.693       3353 1.0121e+00    258.920    5.93472    55.2620    -1.4880 1.0000e-12     3.8347     0.0000     3.0606     0.3374     0.0117     0.0000         11  0.000e+00
      2.571  39.270501    14.7297      2.586       3354 1.0307e+00    259.086    5.93851    55.2620    -1.4880 1.7789e-04     3.8284     0.0000     3.0618     0.3436     0.0130     0.0000         11  0.000e+00
      2.497  39.270035    14.7301      2.510       3355 9.3133e-01    259.201    5.94114    55.2620    -1.4880 1.0000e-12     3.8287     0.0000     3.0629     0.3104     0.0120     0.0000         11  0.000e+00
      2.411  39.269569    14.7298      2.424       3356 9.7276e-01    259.434    5.94649    55.2620    -1.4880 1.0000e-12     3.8287     0.0000     3.0645     0.3243     0.0115     0.0000         11  0.000e+00
      2.357  39.270301    14.7295      2.370       3357 9.6567e-01    259.622    5.95079    55.2620    -1.4880 6.3125e-05     3.8286     0.0000     3.0655     0.3219     0.0124     0.0000         11  0.000e+00
      2.368  39.270301    14.7294      2.381       3358 1.0176e+00    259.971    5.95881    55.2620     1.2778 5.8017e-06     3.8342     0.1487     3.0674     0.3392     0.0121     0.0000         11  0.000e+00
      2.314  39.270301    14.7295      2.327       3359 9.1165e-01    259.963    5.95862    55.2620     1.3246 1.0000e-12     3.8342     0.1512     3.0670     0.3039     0.0114     0.0000         11  0.000e+00
      2.272  39.270301    14.7295      2.284       3360 1.2168e+00    260.072    5.96112    55.2620     1.3246 7.7462e-05     3.8350     0.1512     3.0678     0.4056     0.0125     0.0000         11  0.000e+00
      2.196  39.269369    14.7295      2.209       3362 1.0330e+00    260.394    5.96850    55.2620     1.3275 1.0614e-04     3.8356     0.1514     3.0711     0.3443     0.0127     0.0000         12  0.000e+00
      2.143  39.268837    14.7290      2.155       3363 9.8146e-01    259.858    5.95622    55.2620     1.3275 1.0000e-12     3.8359     0.1514     3.0673     0.3272     0.0115     0.0000         12  0.000e+00
      2.111  39.269568    14.7291      2.122       3364 1.1328e+00    260.329    5.96701    55.2620     1.3431 1.0000e-12     3.8352     0.1522     3.0719     0.3776     0.0113     0.0000         12  0.000e+00
      2.078  39.270765    14.7290      2.090       3365 1.0991e+00    260.450    5.96978    55.2620     1.3190 1.2049e-04     3.8367     0.1509     3.0728     0.3664     0.0127     0.0000         12  0.000e+00
      2.046  39.270499    14.7294      2.058       3366 9.6201e-01    260.275    5.96578    55.2620     1.3019 9.1801e-05     3.8361     0.1500     3.0715     0.3207     0.0126     0.0000         12  0.000e+00
      2.036  39.270632    14.7298      2.047       3367 9.0455e-01    260.347    5.96743    55.2620     1.3218 1.0000e-12     3.8363     0.1511     3.0721     0.3015     0.0114     0.0000         12  0.000e+00
      2.078  39.270499    14.7301      2.090       3368 1.0506e+00    260.269    5.96562    55.2620     1.3090 1.3484e-04     3.8345     0.1504     3.0719     0.3502     0.0128     0.0000         12  0.000e+00
      2.067  39.270765    14.7301      2.079       3369 9.8810e-01    259.708    5.95277    55.2620     1.3033 1.3484e-04     3.8356     0.1501     3.0682     0.3294     0.0128     0.0000         12  0.000e+00
      2.078  39.270765    14.7303      2.089       3370 1.0140e+00    260.186    5.96373    55.2620     1.3062 6.3125e-05     3.8344     0.1502     3.0732     0.3380     0.0124     0.0000         12  0.000e+00
