inst/extdata/initial_example/ctd/Cnv/C285C-006-HC.cnv
* Sea-Bird SBE19plus Data File:
* FileName = C:\Data\CTD\Hex\C285C-006-HC.hex
* Software Version 1.24
* Temperature SN =  4447
* Conductivity SN =  4447
* System UpLoad Time = Jun 15 2019 08:50:24
** Station = C285C-006-HC
** NMEA (UTC) Time = 07:54
** NMEA Latitude = 41 12.6 N
** NMEA Longitude = 70 53.4 W
** Bottom Depth = 31
** Date = 15 June 19
** Chief Scientist = Ben Harden
** General Locale = 
** C:\Data\CTD\Hex\4447201903_Tx0_CDOM1_DO2_Chl3_PAR4.con
** 4447 CTD 	Instrument	S/N	DWG #
** Voltage 0	Transmiss	CST-779PR	X
** Voltage 1	CDOM	WSCD-1258ad	X
** Voltage 2	DO	3328	x
** Voltage 3	Chl-a	SCF-3149	x
** Voltage 4	PAR	70187	x
** Voltage 5	Free	x	x
** 
# nquan = 27                                
# nvalues = 3738                        
# units = specified
# name 0 = depSM: Depth [salt water, m]
# name 1 = c0mS/cm: Conductivity [mS/cm]
# name 2 = tv290C: Temperature [ITS-90, deg C]
# name 3 = prdM: Pressure, Strain Gauge [db]
# name 4 = scan: Scan Count
# name 5 = flSP: Fluorescence, Seapoint
# name 6 = sbeox0Mm/Kg: Oxygen, SBE 43 [umol/Kg]
# name 7 = sbeox0ML/L: Oxygen, SBE 43 [ml/l]
# name 8 = bat: Beam Attenuation, Chelsea/Seatech/Wetlab CStar [1/m]
# name 9 = wetCDOM: Fluorescence, Wetlab CDOM [mg/m^3]
# name 10 = par: PAR/Irradiance, Biospherical/Licor
# name 11 = v0: Voltage 0
# name 12 = v1: Voltage 1
# name 13 = v2: Voltage 2
# name 14 = v3: Voltage 3
# name 15 = v4: Voltage 4
# name 16 = v5: Voltage 5
# name 17 = density00: Density [density, Kg/m^3]
# name 18 = sigma-é00: Density [sigma-theta, Kg/m^3]
# name 19 = depSM: Depth [salt water, m], lat = 30
# name 20 = oxsatML/L: Oxygen Saturation [ml/l]
# name 21 = potemp090C: Potential Temperature [ITS-90, deg C]
# name 22 = sal00: Salinity [PSU]
# name 23 = svCM: Sound Velocity [Chen-Millero, m/s]
# name 24 = sva: Specific Volume Anomaly [10^-8 * m^3/Kg]
# name 25 = tsa: Thermosteric Anomaly [10^-8 * m^3/Kg]
# name 26 = flag: flag
# span 0 =      0.128,     25.177       
# span 1 =   0.002956,  38.402204       
# span 2 =    12.3701,    15.6211       
# span 3 =      0.102,     25.532       
# span 4 =          1,       3738       
# span 5 = 8.4529e-02, 1.1631e+00       
# span 6 =    212.831,    297.368       
# span 7 =    4.87483,    6.65194       
# span 8 =    55.2620,    55.2620       
# span 9 =    -1.4880,     3.8733       
# span 10 = 1.5420e-09, 1.4775e-02      
# span 11 =     0.3396,     4.3099      
# span 12 =     0.0000,     0.2883      
# span 13 =     2.6133,     3.1804      
# span 14 =     0.0282,     0.3877      
# span 15 =     0.0113,     0.0824      
# span 16 =     0.0000,     0.0005      
# span 17 =   999.0127,  1024.0833      
# span 18 =    -0.9880,    23.9693      
# span 19 =      0.101,     25.357      
# span 20 =    5.86262,    7.10100      
# span 21 =    12.3669,    15.6211      
# span 22 =     0.0086,    31.7135      
# span 23 =    1464.92,    1501.20      
# span 24 =    393.569,   2832.688      
# span 25 =    393.233,   2832.894      
# span 26 = 0.0000e+00, 0.0000e+00      
# interval = seconds: 0.25                        
# start_time = Jun 15 2019 00:55:31
# bad_flag = -9.990e-29
*END*
[from data line 1558]
      4.436  38.274394    14.5157      4.506       1559 8.3909e-01    241.082    5.52306    55.2620     1.7823 9.3303e-06     4.3011     0.1759     2.8637     0.2797     0.0119 4.2119e-10  1023.1560    23.1360      4.475    5.87987    14.5151    31.1865    1500.75    472.630    472.727 -9.990e-29
      4.446  38.274664    14.5159      4.517       1560 8.4018e-01    241.108    5.52363    55.2620     1.7846 5.7628e-06     4.3012     0.1760     2.8638     0.2801     0.0118 2.5271e-10  1023.1561    23.1361      4.486    5.87985    14.5153    31.1866    1500.75    472.628    472.725 -9.990e-29
      4.445  38.274906    14.5165      4.506       1561 8.3308e-01    241.118    5.52387    55.2620     1.7870 3.7321e-06     4.3015     0.1761     2.8638     0.2777     0.0118 1.5163e-10  1023.1557    23.1357      4.475    5.87978    14.5159    31.1864    1500.76    472.659    472.756 -9.990e-29
      4.436  38.275119    14.5166      4.474       1562 8.1979e-01    241.102    5.52351    55.2620     1.7881 2.6966e-06     4.3018     0.1761     2.8637     0.2733     0.0118 9.0975e-11  1023.1557    23.1358      4.444    5.87977    14.5160    31.1865    1500.76    472.651    472.749 -9.990e-29
      4.423  38.275323    14.5168      4.441       1563 8.1035e-01    241.056    5.52246    55.2620     1.7882 2.3803e-06     4.3023     0.1761     2.8634     0.2701     0.0119 5.4586e-11  1023.1555    23.1358      4.411    5.87974    14.5162    31.1865    1500.76    472.651    472.750 -9.990e-29
      4.412  38.275544    14.5170      4.409       1564 8.0665e-01    240.993    5.52101    55.2620     1.7879 2.6986e-06     4.3032     0.1761     2.8631     0.2689     0.0119 3.2752e-11  1023.1554    23.1358      4.379    5.87972    14.5164    31.1866    1500.76    472.651    472.750 -9.990e-29
      4.407  38.275777    14.5175      4.388       1565 7.9743e-01    240.938    5.51975    55.2620     1.7869 3.7366e-06     4.3045     0.1761     2.8628     0.2658     0.0119 1.9651e-11  1023.1550    23.1355      4.358    5.87966    14.5169    31.1864    1500.76    472.673    472.774 -9.990e-29
      4.412  38.276012    14.5179      4.388       1566 7.7912e-01    240.900    5.51887    55.2620     1.7855 5.7711e-06     4.3055     0.1760     2.8627     0.2597     0.0119 1.1791e-11  1023.1549    23.1354      4.358    5.87962    14.5173    31.1863    1500.76    472.689    472.789 -9.990e-29
      4.431  38.276223    14.5181      4.388       1567 7.5838e-01    240.874    5.51830    55.2620     1.7853 7.0473e-06     4.3061     0.1760     2.8627     0.2528     0.0119 7.0744e-12  1023.1548    23.1354      4.358    5.87959    14.5175    31.1863    1500.76    472.691    472.791 -9.990e-29
      4.464  38.276387    14.5184      4.431       1568 7.4007e-01    240.875    5.51831    55.2620     1.7859 5.6082e-06     4.3065     0.1761     2.8627     0.2467     0.0119 4.2446e-12  1023.1549    23.1352      4.401    5.87956    14.5178    31.1862    1500.76    472.706    472.805 -9.990e-29
      4.511  38.276465    14.5185      4.495       1569 7.2746e-01    240.904    5.51899    55.2620     1.7861 3.3673e-06     4.3067     0.1761     2.8628     0.2425     0.0118 2.5468e-12  1023.1551    23.1352      4.464    5.87955    14.5179    31.1862    1500.76    472.712    472.810 -9.990e-29
      4.571  38.276434    14.5185      4.538       1570 7.2419e-01    240.944    5.51989    55.2620     1.7866 2.0246e-06     4.3068     0.1761     2.8629     0.2414     0.0118 1.5281e-12  1023.1553    23.1351      4.507    5.87955    14.5179    31.1861    1500.76    472.716    472.813 -9.990e-29
      4.642  38.276306    14.5184      4.635       1571 7.2758e-01    240.986    5.52086    55.2620     1.7873 1.2217e-06     4.3067     0.1761     2.8630     0.2425     0.0118 9.1684e-13  1023.1557    23.1351      4.603    5.87957    14.5177    31.1861    1500.76    472.722    472.816 -9.990e-29
      4.723  38.276092    14.5176      4.710       1572 7.3623e-01    241.037    5.52202    55.2620     1.7863 7.4457e-07     4.3066     0.1760     2.8632     0.2454     0.0118 5.5010e-13  1023.1565    23.1356      4.678    5.87965    14.5169    31.1865    1500.76    472.677    472.769 -9.990e-29
      4.814  38.275853    14.5170      4.807       1573 7.4850e-01    241.080    5.52302    55.2620     1.7830 4.6601e-07     4.3064     0.1759     2.8633     0.2495     0.0117 3.3006e-13  1023.1572    23.1359      4.774    5.87971    14.5163    31.1867    1500.76    472.650    472.740 -9.990e-29
      4.912  38.275696    14.5168      4.915       1574 7.5651e-01    241.096    5.52338    55.2620     1.7793 3.1172e-07     4.3062     0.1757     2.8633     0.2521     0.0117 1.9804e-13  1023.1577    23.1359      4.881    5.87974    14.5161    31.1867    1500.76    472.650    472.738 -9.990e-29
      5.018  38.275676    14.5167      5.012       1575 7.5831e-01    241.079    5.52298    55.2620     1.7778 2.4055e-07     4.3060     0.1756     2.8632     0.2528     0.0117 1.1882e-13  1023.1582    23.1360      4.978    5.87975    14.5160    31.1867    1500.77    472.649    472.734 -9.990e-29
      5.131  38.275774    14.5167      5.141       1576 7.5707e-01    241.049    5.52229    55.2620     1.7774 2.3353e-07     4.3056     0.1756     2.8630     0.2524     0.0118 7.1294e-14  1023.1588    23.1360      5.106    5.87975    14.5160    31.1868    1500.77    472.649    472.731 -9.990e-29
      5.249  38.275937    14.5168      5.270       1577 7.5896e-01    241.036    5.52200    55.2620     1.7764 2.8878e-07     4.3052     0.1755     2.8630     0.2530     0.0118 4.2776e-14  1023.1594    23.1360      5.234    5.87973    14.5160    31.1868    1500.77    472.653    472.732 -9.990e-29
      5.368  38.276130    14.5170      5.409       1578 7.7086e-01    241.041    5.52213    55.2620     1.7767 4.2105e-07     4.3048     0.1755     2.8631     0.2570     0.0118 2.5666e-14  1023.1600    23.1359      5.372    5.87971    14.5162    31.1867    1500.77    472.663    472.738 -9.990e-29
      5.484  38.276356    14.5176      5.560       1579 7.9210e-01    241.047    5.52226    55.2620     1.7790 6.6559e-07     4.3043     0.1757     2.8632     0.2640     0.0118 1.5399e-14  1023.1602    23.1356      5.522    5.87965    14.5168    31.1864    1500.78    472.703    472.775 -9.990e-29
      5.588  38.276583    14.5180      5.700       1580 8.0513e-01    241.050    5.52232    55.2620     1.7814 1.0876e-06     4.3037     0.1758     2.8632     0.2684     0.0119 9.2397e-15  1023.1607    23.1354      5.661    5.87961    14.5172    31.1862    1500.78    472.726    472.795 -9.990e-29
      5.672  38.276734    14.5183      5.807       1581 8.0026e-01    241.057    5.52249    55.2620     1.7820 1.4129e-06     4.3030     0.1758     2.8632     0.2668     0.0119 5.5438e-15  1023.1610    23.1352      5.767    5.87958    14.5175    31.1861    1500.78    472.745    472.812 -9.990e-29
      5.733  38.276772    14.5181      5.872       1582 7.9540e-01    241.062    5.52260    55.2620     1.7808 1.3414e-06     4.3023     0.1758     2.8632     0.2651     0.0118 3.3262e-15  1023.1614    23.1354      5.832    5.87960    14.5173    31.1863    1500.78    472.730    472.795 -9.990e-29
      5.765  38.276701    14.5180      5.926       1583 7.9749e-01    241.055    5.52243    55.2620     1.7787 1.2408e-06     4.3017     0.1757     2.8631     0.2658     0.0118 1.9957e-15  1023.1617    23.1354      5.886    5.87961    14.5172    31.1863    1500.78    472.730    472.794 -9.990e-29
      5.767  38.276565    14.5179      5.926       1584 8.0210e-01    241.028    5.52182    55.2620     1.7770 1.4711e-06     4.3014     0.1756     2.8629     0.2674     0.0118 1.1974e-15  1023.1617    23.1354      5.886    5.87962    14.5171    31.1862    1500.78    472.731    472.795 -9.990e-29
      5.740  38.276393    14.5176      5.872       1585 8.0817e-01    240.989    5.52093    55.2620     1.7759 1.7069e-06     4.3013     0.1755     2.8627     0.2694     0.0118 7.1846e-16  1023.1616    23.1355      5.832    5.87965    14.5168    31.1863    1500.78    472.716    472.781 -9.990e-29
      5.688  38.276187    14.5172      5.786       1586 8.0924e-01    240.952    5.52006    55.2620     1.7747 1.6244e-06     4.3012     0.1754     2.8625     0.2698     0.0118 4.3108e-16  1023.1614    23.1357      5.747    5.87970    14.5164    31.1865    1500.78    472.694    472.761 -9.990e-29
      5.618  38.275972    14.5169      5.689       1587 8.0535e-01    240.914    5.51919    55.2620     1.7746 1.5882e-06     4.3013     0.1754     2.8623     0.2685     0.0119 2.5865e-16  1023.1611    23.1358      5.650    5.87973    14.5161    31.1866    1500.78    472.680    472.749 -9.990e-29
      5.540  38.275782    14.5167      5.571       1588 7.9295e-01    240.872    5.51823    55.2620     1.7757 1.5888e-06     4.3014     0.1754     2.8621     0.2643     0.0119 1.5519e-16  1023.1606    23.1359      5.533    5.87975    14.5159    31.1866    1500.77    472.670    472.742 -9.990e-29
      5.463  38.275611    14.5165      5.431       1589 7.6790e-01    240.841    5.51752    55.2620     1.7751 1.2394e-06     4.3015     0.1754     2.8619     0.2560     0.0119 9.3115e-17  1023.1601    23.1360      5.394    5.87977    14.5157    31.1867    1500.77    472.659    472.734 -9.990e-29
      5.400  38.275431    14.5164      5.313       1590 7.4206e-01    240.832    5.51733    55.2620     1.7740 8.3384e-07     4.3016     0.1754     2.8619     0.2473     0.0119 5.5869e-17  1023.1596    23.1360      5.277    5.87979    14.5156    31.1866    1500.77    472.657    472.735 -9.990e-29
      5.363  38.275260    14.5161      5.281       1591 7.2336e-01    240.838    5.51745    55.2620     1.7757 6.5059e-07     4.3014     0.1755     2.8619     0.2411     0.0119 3.3521e-17  1023.1596    23.1361      5.245    5.87982    14.5153    31.1867    1500.77    472.643    472.722 -9.990e-29
      5.355  38.275131    14.5161      5.259       1592 7.1127e-01    240.856    5.51787    55.2620     1.7790 6.4085e-07     4.3012     0.1756     2.8619     0.2371     0.0119 2.0113e-17  1023.1594    23.1360      5.223    5.87982    14.5154    31.1866    1500.77    472.650    472.730 -9.990e-29
      5.379  38.275053    14.5160      5.259       1593 7.0534e-01    240.895    5.51877    55.2620     1.7814 8.0199e-07     4.3008     0.1758     2.8621     0.2351     0.0119 1.2068e-17  1023.1594    23.1360      5.223    5.87983    14.5153    31.1866    1500.77    472.648    472.727 -9.990e-29
      5.438  38.275020    14.5159      5.334       1594 7.0423e-01    240.947    5.51995    55.2620     1.7833 1.1770e-06     4.3004     0.1759     2.8623     0.2347     0.0118 7.2405e-18  1023.1598    23.1361      5.298    5.87985    14.5151    31.1866    1500.77    472.646    472.724 -9.990e-29
      5.529  38.275021    14.5158      5.453       1595 7.0636e-01    240.985    5.52083    55.2620     1.7862 1.8659e-06     4.2998     0.1761     2.8624     0.2354     0.0118 4.3443e-18  1023.1604    23.1361      5.416    5.87986    14.5150    31.1867    1500.77    472.644    472.719 -9.990e-29
      5.647  38.275072    14.5159      5.603       1596 7.1293e-01    240.998    5.52112    55.2620     1.7882 3.0523e-06     4.2990     0.1762     2.8623     0.2376     0.0118 2.6066e-18  1023.1609    23.1361      5.565    5.87985    14.5151    31.1866    1500.77    472.656    472.727 -9.990e-29
      5.784  38.275180    14.5158      5.765       1597 7.2543e-01    241.002    5.52123    55.2620     1.7878 5.0527e-06     4.2982     0.1761     2.8623     0.2418     0.0119 1.5639e-18  1023.1618    23.1362      5.726    5.87986    14.5150    31.1867    1500.78    472.649    472.717 -9.990e-29
      5.933  38.275325    14.5159      5.947       1598 7.3706e-01    241.011    5.52144    55.2620     1.7877 7.0585e-06     4.2975     0.1761     2.8623     0.2457     0.0119 9.3835e-19  1023.1625    23.1361      5.906    5.87984    14.5151    31.1867    1500.78    472.657    472.720 -9.990e-29
      6.086  38.275521    14.5160      6.130       1599 7.4111e-01    241.020    5.52163    55.2620     1.7896 8.2627e-06     4.2968     0.1762     2.8624     0.2470     0.0120 5.6302e-19  1023.1634    23.1362      6.088    5.87983    14.5151    31.1867    1500.78    472.661    472.720 0.0000e+00
      6.235  38.275811    14.5164      6.345       1600 7.3717e-01    241.022    5.52169    55.2620     1.7920 1.0328e-05     4.2965     0.1764     2.8624     0.2457     0.0120 3.3782e-19  1023.1641    23.1360      6.302    5.87979    14.5155    31.1866    1500.79    472.684    472.738 0.0000e+00
      6.368  38.276209    14.5169      6.496       1601 7.2693e-01    241.018    5.52161    55.2620     1.7938 1.1896e-05     4.2968     0.1765     2.8624     0.2423     0.0120 2.0269e-19  1023.1646    23.1358      6.452    5.87973    14.5160    31.1865    1500.79    472.705    472.755 0.0000e+00
      6.479  38.276681    14.5176      6.624       1602 7.1681e-01    241.006    5.52132    55.2620     1.7950 1.0130e-05     4.2977     0.1765     2.8624     0.2389     0.0119 1.2162e-19  1023.1649    23.1355      6.579    5.87965    14.5167    31.1863    1500.79    472.735    472.782 0.0000e+00
      6.564  38.277148    14.5183      6.689       1603 7.1200e-01    240.977    5.52066    55.2620     1.7947 7.8128e-06     4.2990     0.1765     2.8622     0.2373     0.0119 7.2969e-20  1023.1649    23.1352      6.643    5.87958    14.5173    31.1861    1500.80    472.763    472.808 0.0000e+00
      6.626  38.277558    14.5188      6.754       1604 7.1170e-01    240.940    5.51981    55.2620     1.7933 7.5791e-06     4.3000     0.1764     2.8619     0.2372     0.0120 4.3781e-20  1023.1651    23.1351      6.708    5.87952    14.5178    31.1861    1500.80    472.778    472.822 0.0000e+00
      6.668  38.277919    14.5193      6.775       1605 7.1581e-01    240.913    5.51919    55.2620     1.7911 9.3665e-06     4.3006     0.1763     2.8618     0.2386     0.0120 2.6268e-20  1023.1650    23.1349      6.729    5.87946    14.5183    31.1860    1500.80    472.795    472.838 0.0000e+00
      6.692  38.278239    14.5194      6.775       1606 7.2236e-01    240.898    5.51883    55.2620     1.7877 1.3652e-05     4.3009     0.1761     2.8618     0.2408     0.0121 1.5761e-20  1023.1652    23.1351      6.729    5.87944    14.5184    31.1862    1500.80    472.781    472.825 -9.990e-29
      6.705  38.278531    14.5200      6.764       1607 7.2367e-01    240.890    5.51866    55.2620     1.7856 1.8325e-05     4.3010     0.1760     2.8618     0.2412     0.0121 9.4566e-21  1023.1648    23.1348      6.718    5.87938    14.5190    31.1860    1500.80    472.809    472.853 -9.990e-29
      6.713  38.278801    14.5203      6.732       1608 7.2113e-01    240.898    5.51883    55.2620     1.7853 2.0037e-05     4.3008     0.1760     2.8619     0.2404     0.0121 5.6740e-21  1023.1646    23.1347      6.686    5.87934    14.5193    31.1860    1500.81    472.813    472.857 -9.990e-29
      6.722  38.279042    14.5205      6.743       1609 7.2362e-01    240.923    5.51942    55.2620     1.7853 1.7903e-05     4.3005     0.1760     2.8620     0.2412     0.0120 3.4044e-21  1023.1647    23.1347      6.697    5.87931    14.5195    31.1861    1500.81    472.813    472.857 -9.990e-29
      6.736  38.279253    14.5209      6.754       1610 7.3352e-01    240.958    5.52021    55.2620     1.7863 1.2697e-05     4.3003     0.1760     2.8622     0.2445     0.0119 2.0427e-21  1023.1645    23.1345      6.708    5.87927    14.5199    31.1859    1500.81    472.831    472.875 -9.990e-29
