inst/extdata/initial_example/ctd/Cnv/C285C-005-HC.cnv
* Sea-Bird SBE19plus Data File:
* FileName = C:\Data\CTD\Hex\C285C-005-HC.hex
* Software Version 1.24
* Temperature SN =  4447
* Conductivity SN =  4447
* System UpLoad Time = Jun 15 2019 01:08:52
** Station = C285C-005-HC
** NMEA (UTC) Time = 0035
** NMEA Latitude = 41 02.2'N
** NMEA Longitude = 071 03.7'W
** Bottom Depth = 43
** Date = 14 June 2019
** Chief Scientist = Ben Harden
** General Locale = 
** C:\Data\CTD\Hex\4447201903_Tx0_CDOM1_DO2_Chl3_PAR4.con
** 4447 CTD 	Instrument	S/N	DWG #
** Voltage 0	Transmiss	CST-779PR	X
** Voltage 1	CDOM	WSCD-1258ad	X
** Voltage 2	DO	3328	x
** Voltage 3	Chl-a	SCF-3149	x
** Voltage 4	PAR	70187	x
** Voltage 5	Free	x	x
** 
# nquan = 27                                
# nvalues = 3096                        
# units = specified
# name 0 = depSM: Depth [salt water, m]
# name 1 = c0mS/cm: Conductivity [mS/cm]
# name 2 = tv290C: Temperature [ITS-90, deg C]
# name 3 = prdM: Pressure, Strain Gauge [db]
# name 4 = scan: Scan Count
# name 5 = flSP: Fluorescence, Seapoint
# name 6 = sbeox0Mm/Kg: Oxygen, SBE 43 [umol/Kg]
# name 7 = sbeox0ML/L: Oxygen, SBE 43 [ml/l]
# name 8 = bat: Beam Attenuation, Chelsea/Seatech/Wetlab CStar [1/m]
# name 9 = wetCDOM: Fluorescence, Wetlab CDOM [mg/m^3]
# name 10 = par: PAR/Irradiance, Biospherical/Licor
# name 11 = v0: Voltage 0
# name 12 = v1: Voltage 1
# name 13 = v2: Voltage 2
# name 14 = v3: Voltage 3
# name 15 = v4: Voltage 4
# name 16 = v5: Voltage 5
# name 17 = density00: Density [density, Kg/m^3]
# name 18 = sigma-é00: Density [sigma-theta, Kg/m^3]
# name 19 = depSM: Depth [salt water, m], lat = 30
# name 20 = oxsatML/L: Oxygen Saturation [ml/l]
# name 21 = potemp090C: Potential Temperature [ITS-90, deg C]
# name 22 = sal00: Salinity [PSU]
# name 23 = svCM: Sound Velocity [Chen-Millero, m/s]
# name 24 = sva: Specific Volume Anomaly [10^-8 * m^3/Kg]
# name 25 = tsa: Thermosteric Anomaly [10^-8 * m^3/Kg]
# name 26 = flag: flag
# span 0 =      0.076,     39.535       
# span 1 =   0.001662,  39.446019       
# span 2 =     8.9683,    15.5523       
# span 3 =      0.054,     39.820       
# span 4 =          1,       3096       
# span 5 = 6.8222e-02, 1.8969e+00       
# span 6 =    212.025,    345.639       
# span 7 =    4.86599,    7.92977       
# span 8 =    55.2620,    55.2620       
# span 9 =     0.7828,     3.1780       
# span 10 = 1.5601e-07, 3.7343e+00      
# span 11 =     0.9246,     4.5415      
# span 12 =     0.1221,     0.2509      
# span 13 =     2.3690,     3.5818      
# span 14 =     0.0227,     0.6323      
# span 15 =     0.0116,     1.6805      
# span 16 =     0.0000,     0.0003      
# span 17 =   999.0228,  1025.2539      
# span 18 =    -0.9776,    25.0801      
# span 19 =      0.054,     39.545      
# span 20 =    5.81604,    7.03681      
# span 21 =     8.9648,    15.5523      
# span 22 =     0.0082,    32.3917      
# span 23 =    1466.46,    1502.66      
# span 24 =    287.693,   2831.651      
# span 25 =    287.397,   2831.856      
# span 26 = 0.0000e+00, 0.0000e+00      
# interval = seconds: 0.25                        
# start_time = Jun 14 2019 17:33:39
# bad_flag = -9.990e-29
*END*
[from data line 2578]
      6.256  39.354867    14.7016      6.313       2579 1.0128e+00    244.758    5.61057    55.2620     1.2746 7.5831e-03     3.9024     0.1485     2.9221     0.3376     0.0503 1.5924e-20  1023.7628    23.7349      6.270    5.82792    14.7007    32.0142    1502.35    415.514    415.560 -9.990e-29
      6.220  39.355865    14.7056      6.281       2580 9.9814e-01    244.741    5.61016    55.2620     1.2760 7.3735e-03     3.9025     0.1486     2.9219     0.3327     0.0493 9.5580e-21  1023.7600    23.7322      6.238    5.82753    14.7047    32.0118    1502.36    415.768    415.816 -9.990e-29
      6.177  39.357062    14.7106      6.238       2581 9.8483e-01    244.699    5.60919    55.2620     1.2781 7.2439e-03     3.9023     0.1487     2.9217     0.3283     0.0486 5.7414e-21  1023.7564    23.7288      6.195    5.82705    14.7097    32.0088    1502.37    416.090    416.138 -9.990e-29
      6.129  39.358329    14.7157      6.162       2582 9.7252e-01    244.642    5.60788    55.2620     1.2797 7.7711e-03     3.9015     0.1488     2.9214     0.3242     0.0511 3.4558e-21  1023.7527    23.7254      6.120    5.82655    14.7148    32.0058    1502.38    416.413    416.463 -9.990e-29
      6.081  39.359544    14.7197      6.087       2583 9.6351e-01    244.590    5.60668    55.2620     1.2809 8.9768e-03     3.9004     0.1488     2.9211     0.3212     0.0569 2.0918e-21  1023.7499    23.7229      6.045    5.82615    14.7188    32.0036    1502.39    416.651    416.703 -9.990e-29
      6.039  39.360697    14.7226      6.033       2584 9.5852e-01    244.550    5.60574    55.2620     1.2822 1.0740e-02     3.8995     0.1489     2.9210     0.3195     0.0652 1.2856e-21  1023.7480    23.7213      5.992    5.82586    14.7217    32.0023    1502.40    416.805    416.858 -9.990e-29
      6.007  39.361830    14.7257      5.990       2585 9.5770e-01    244.514    5.60490    55.2620     1.2821 1.2494e-02     3.8991     0.1489     2.9209     0.3192     0.0734 8.2217e-22  1023.7460    23.7194      5.949    5.82554    14.7248    32.0008    1502.41    416.978    417.032 0.0000e+00
      5.987  39.362895    14.7284      5.969       2586 9.6128e-01    244.495    5.60445    55.2620     1.2810 1.3401e-02     3.8989     0.1489     2.9209     0.3204     0.0777 5.7802e-22  1023.7443    23.7179      5.928    5.82527    14.7275    31.9995    1502.41    417.123    417.178 0.0000e+00
      5.981  39.363616    14.7286      5.947       2587 9.7134e-01    244.507    5.60473    55.2620     1.2806 1.3456e-02     3.8989     0.1488     2.9210     0.3238     0.0780 4.8800e-22  1023.7446    23.7182      5.906    5.82523    14.7277    32.0000    1502.41    417.090    417.146 0.0000e+00
      5.991  39.363810    14.7254      5.936       2588 9.8969e-01    244.539    5.60545    55.2620     1.2814 1.3101e-02     3.8990     0.1489     2.9211     0.3299     0.0765 5.2811e-22  1023.7474    23.7211      5.896    5.82551    14.7245    32.0029    1502.41    416.819    416.874 0.0000e+00
      6.021  39.363749    14.7237      5.979       2589 1.0159e+00    244.569    5.60614    55.2620     1.2827 1.2327e-02     3.8993     0.1489     2.9211     0.3386     0.0729 7.0905e-22  1023.7490    23.7225      5.938    5.82566    14.7228    32.0042    1502.40    416.688    416.742 -9.990e-29
      6.069  39.363745    14.7219      6.054       2590 1.0407e+00    244.571    5.60619    55.2620     1.2828 1.1213e-02     3.8995     0.1489     2.9210     0.3469     0.0677 1.0791e-21  1023.7508    23.7240      6.013    5.82582    14.7210    32.0056    1502.40    416.547    416.600 -9.990e-29
      6.129  39.363861    14.7202      6.151       2591 1.0624e+00    244.533    5.60532    55.2620     1.2824 1.0048e-02     3.8996     0.1489     2.9206     0.3541     0.0622 1.7369e-21  1023.7527    23.7255      6.109    5.82597    14.7193    32.0071    1502.40    416.407    416.457 -9.990e-29
      6.192  39.364236    14.7213      6.248       2592 1.0873e+00    244.465    5.60377    55.2620     1.2821 9.0451e-03     3.8994     0.1489     2.9201     0.3624     0.0574 2.8578e-21  1023.7524    23.7248      6.205    5.82586    14.7204    32.0065    1502.40    416.476    416.524 -9.990e-29
      6.249  39.364972    14.7255      6.345       2593 1.0942e+00    244.383    5.60190    55.2620     1.2819 8.2031e-03     3.8989     0.1489     2.9196     0.3647     0.0533 4.7408e-21  1023.7498    23.7217      6.302    5.82546    14.7246    32.0037    1502.41    416.771    416.816 -9.990e-29
      6.292  39.365839    14.7298      6.420       2594 1.0762e+00    244.299    5.59996    55.2620     1.2831 7.1157e-03     3.8982     0.1490     2.9192     0.3587     0.0479 7.8881e-21  1023.7471    23.7187      6.376    5.82505    14.7289    32.0009    1502.43    417.064    417.108 -9.990e-29
      6.313  39.366436    14.7321      6.452       2595 1.0583e+00    244.206    5.59782    55.2620     1.2841 5.9510e-03     3.8971     0.1491     2.9188     0.3527     0.0421 1.3139e-20  1023.7457    23.7171      6.408    5.82483    14.7312    31.9995    1502.43    417.212    417.254 -9.990e-29
      6.308  39.366512    14.7321      6.473       2596 1.0461e+00    244.106    5.59552    55.2620     1.2823 5.3795e-03     3.8953     0.1490     2.9182     0.3487     0.0392 2.1893e-20  1023.7458    23.7172      6.429    5.82483    14.7312    31.9996    1502.43    417.208    417.250 -9.990e-29
      6.272  39.366178    14.7313      6.419       2597 1.0419e+00    244.003    5.59317    55.2620     1.2803 5.3747e-03     3.8934     0.1489     2.9176     0.3473     0.0391 3.6486e-20  1023.7461    23.7176      6.375    5.82491    14.7304    32.0000    1502.43    417.163    417.206 -9.990e-29
      6.209  39.365778    14.7312      6.333       2598 1.0446e+00    243.895    5.59068    55.2620     1.2801 6.0414e-03     3.8927     0.1488     2.9168     0.3482     0.0422 6.0808e-20  1023.7455    23.7174      6.290    5.82493    14.7303    31.9997    1502.43    417.177    417.222 -9.990e-29
      6.125  39.365505    14.7310      6.215       2599 1.0331e+00    243.785    5.58814    55.2620     1.2806 7.5195e-03     3.8936     0.1489     2.9160     0.3444     0.0494 1.0135e-19  1023.7450    23.7175      6.173    5.82496    14.7301    31.9997    1502.42    417.172    417.221 -9.990e-29
      6.028  39.365333    14.7307      6.054       2600 1.0098e+00    243.684    5.58583    55.2620     1.2820 9.3707e-03     3.8955     0.1489     2.9153     0.3366     0.0584 1.6891e-19  1023.7445    23.7176      6.013    5.82499    14.7298    31.9998    1502.42    417.151    417.204 -9.990e-29
      5.933  39.365197    14.7301      5.903       2601 9.9257e-01    243.605    5.58402    55.2620     1.2840 1.1371e-02     3.8973     0.1490     2.9147     0.3309     0.0678 2.8151e-19  1023.7442    23.7181      5.863    5.82504    14.7292    32.0003    1502.42    417.104    417.160 0.0000e+00
      5.852  39.365110    14.7291      5.785       2602 9.7981e-01    243.550    5.58275    55.2620     1.2850 1.2748e-02     3.8985     0.1491     2.9143     0.3266     0.0742 4.6919e-19  1023.7445    23.7189      5.746    5.82513    14.7283    32.0010    1502.41    417.023    417.082 0.0000e+00
      5.795  39.365129    14.7282      5.688       2603 9.6603e-01    243.518    5.58204    55.2620     1.2854 1.2901e-02     3.8994     0.1491     2.9139     0.3220     0.0752 7.8198e-19  1023.7449    23.7197      5.649    5.82521    14.7274    32.0018    1502.41    416.944    417.005 0.0000e+00
      5.775  39.365369    14.7282      5.613       2604 9.5710e-01    243.515    5.58198    55.2620     1.2859 1.2537e-02     3.9001     0.1491     2.9137     0.3190     0.0737 1.3033e-18  1023.7448    23.7199      5.575    5.82520    14.7274    32.0021    1502.41    416.924    416.987 0.0000e+00
      5.798  39.365927    14.7292      5.645       2605 9.5570e-01    243.535    5.58244    55.2620     1.2874 1.2068e-02     3.9006     0.1492     2.9135     0.3186     0.0717 2.1722e-18  1023.7444    23.7194      5.607    5.82509    14.7284    32.0018    1502.41    416.969    417.032 -9.990e-29
      5.864  39.366569    14.7297      5.774       2606 9.6019e-01    243.568    5.58319    55.2620     1.2900 1.1515e-02     3.9012     0.1494     2.9134     0.3201     0.0692 3.6203e-18  1023.7450    23.7194      5.735    5.82503    14.7289    32.0019    1502.42    416.973    417.033 -9.990e-29
      5.961  39.366942    14.7297      5.935       2607 9.7333e-01    243.610    5.58415    55.2620     1.2937 1.0901e-02     3.9016     0.1496     2.9133     0.3245     0.0663 6.0338e-18  1023.7459    23.7196      5.895    5.82502    14.7288    32.0022    1502.42    416.957    417.013 -9.990e-29
      6.072  39.366986    14.7288      6.118       2608 9.9369e-01    243.660    5.58530    55.2620     1.2956 1.0092e-02     3.9020     0.1497     2.9133     0.3312     0.0625 1.0056e-17  1023.7475    23.7204      6.076    5.82510    14.7279    32.0029    1502.42    416.891    416.942 -9.990e-29
      6.181  39.366762    14.7272      6.290       2609 1.0231e+00    243.719    5.58666    55.2620     1.2944 9.3271e-03     3.9021     0.1496     2.9134     0.3410     0.0589 1.6761e-17  1023.7494    23.7215      6.247    5.82525    14.7263    32.0039    1502.42    416.786    416.833 -9.990e-29
      6.273  39.366338    14.7263      6.419       2610 1.0566e+00    243.780    5.58806    55.2620     1.2931 8.9520e-03     3.9020     0.1495     2.9136     0.3522     0.0571 2.7934e-17  1023.7504    23.7220      6.375    5.82535    14.7254    32.0042    1502.42    416.748    416.792 -9.990e-29
      6.340  39.365774    14.7250      6.483       2611 1.0719e+00    243.822    5.58902    55.2620     1.2918 8.8642e-03     3.9020     0.1494     2.9136     0.3573     0.0567 4.6557e-17  1023.7514    23.7226      6.439    5.82548    14.7241    32.0048    1502.42    416.685    416.726 -9.990e-29
      6.380  39.365044    14.7223      6.526       2612 1.0671e+00    243.830    5.58921    55.2620     1.2909 9.0224e-03     3.9018     0.1494     2.9135     0.3557     0.0574 7.7595e-17  1023.7533    23.7244      6.481    5.82575    14.7214    32.0063    1502.41    416.518    416.558 -9.990e-29
      6.392  39.364255    14.7203      6.558       2613 1.0562e+00    243.798    5.58847    55.2620     1.2924 9.2969e-03     3.9013     0.1495     2.9131     0.3521     0.0587 1.2933e-16  1023.7546    23.7255      6.513    5.82595    14.7194    32.0072    1502.40    416.410    416.451 -9.990e-29
      6.375  39.363627    14.7200      6.494       2614 1.0425e+00    243.725    5.58680    55.2620     1.2948 9.6845e-03     3.9007     0.1496     2.9126     0.3475     0.0605 2.1554e-16  1023.7541    23.7254      6.450    5.82600    14.7191    32.0069    1502.40    416.425    416.466 -9.990e-29
      6.338  39.363201    14.7202      6.418       2615 1.0331e+00    243.633    5.58469    55.2620     1.2959 1.0454e-02     3.9005     0.1497     2.9120     0.3443     0.0641 3.5924e-16  1023.7534    23.7249      6.374    5.82600    14.7193    32.0064    1502.40    416.465    416.509 -9.990e-29
      6.289  39.362850    14.7202      6.322       2616 1.0313e+00    243.540    5.58257    55.2620     1.2952 1.1119e-02     3.9008     0.1496     2.9116     0.3437     0.0674 5.9873e-16  1023.7527    23.7247      6.279    5.82601    14.7193    32.0061    1502.40    416.483    416.529 -9.990e-29
      6.242  39.362511    14.7199      6.214       2617 1.0337e+00    243.446    5.58042    55.2620     1.2942 1.1287e-02     3.9013     0.1496     2.9111     0.3445     0.0682 9.9788e-16  1023.7523    23.7248      6.172    5.82604    14.7190    32.0061    1502.40    416.476    416.525 -9.990e-29
      6.207  39.362254    14.7195      6.171       2618 1.0295e+00    243.357    5.57837    55.2620     1.2938 1.1185e-02     3.9019     0.1496     2.9107     0.3432     0.0677 1.6631e-15  1023.7523    23.7249      6.129    5.82608    14.7186    32.0062    1502.39    416.459    416.508 -9.990e-29
      6.190  39.362127    14.7183      6.138       2619 1.0147e+00    243.293    5.57692    55.2620     1.2935 1.0910e-02     3.9023     0.1496     2.9103     0.3382     0.0664 2.7719e-15  1023.7531    23.7259      6.096    5.82620    14.7174    32.0071    1502.39    416.369    416.419 -9.990e-29
      6.192  39.362112    14.7186      6.170       2620 1.0119e+00    243.268    5.57634    55.2620     1.2929 1.0201e-02     3.9027     0.1495     2.9100     0.3373     0.0630 4.6198e-15  1023.7529    23.7256      6.128    5.82617    14.7177    32.0068    1502.39    416.395    416.445 -9.990e-29
      6.208  39.362171    14.7195      6.213       2621 1.0381e+00    243.283    5.57669    55.2620     1.2922 9.0590e-03     3.9029     0.1495     2.9100     0.3460     0.0575 7.6997e-15  1023.7524    23.7249      6.171    5.82609    14.7186    32.0061    1502.40    416.466    416.515 -9.990e-29
      6.230  39.362186    14.7192      6.278       2622 1.0731e+00    243.334    5.57786    55.2620     1.2913 7.8646e-03     3.9031     0.1494     2.9101     0.3577     0.0517 1.2833e-14  1023.7529    23.7251      6.235    5.82612    14.7183    32.0064    1502.40    416.445    416.492 -9.990e-29
      6.249  39.362049    14.7182      6.321       2623 1.0801e+00    243.406    5.57951    55.2620     1.2914 6.5502e-03     3.9033     0.1494     2.9103     0.3601     0.0452 2.1388e-14  1023.7538    23.7258      6.278    5.82621    14.7173    32.0070    1502.39    416.375    416.421 -9.990e-29
      6.260  39.361742    14.7169      6.353       2624 1.0612e+00    243.492    5.58148    55.2620     1.2924 5.1467e-03     3.9035     0.1495     2.9106     0.3538     0.0383 3.5647e-14  1023.7549    23.7267      6.310    5.82634    14.7160    32.0078    1502.39    416.293    416.338 -9.990e-29
      6.259  39.361245    14.7152      6.342       2625 1.0403e+00    243.584    5.58361    55.2620     1.2942 3.9801e-03     3.9035     0.1496     2.9109     0.3468     0.0324 5.9411e-14  1023.7559    23.7278      6.299    5.82650    14.7143    32.0088    1502.39    416.188    416.234 -9.990e-29
      6.243  39.360586    14.7131      6.353       2626 1.0213e+00    243.675    5.58570    55.2620     1.2959 3.1867e-03     3.9032     0.1497     2.9112     0.3404     0.0283 9.9019e-14  1023.7573    23.7291      6.310    5.82671    14.7122    32.0099    1502.38    416.063    416.108 -9.990e-29
      6.210  39.359908    14.7113      6.310       2627 1.0098e+00    243.753    5.58748    55.2620     1.2959 2.9899e-03     3.9027     0.1497     2.9115     0.3366     0.0273 1.6503e-13  1023.7581    23.7302      6.267    5.82689    14.7104    32.0108    1502.38    415.961    416.007 -9.990e-29
      6.160  39.359382    14.7094      6.256       2628 1.0110e+00    243.800    5.58855    55.2620     1.2954 3.5783e-03     3.9024     0.1496     2.9116     0.3370     0.0302 2.7505e-13  1023.7592    23.7314      6.213    5.82708    14.7085    32.0119    1502.37    415.839    415.887 -9.990e-29
      6.098  39.359154    14.7086      6.148       2629 1.0216e+00    243.809    5.58875    55.2620     1.2947 4.7255e-03     3.9023     0.1496     2.9116     0.3405     0.0360 4.5842e-13  1023.7592    23.7320      6.106    5.82716    14.7077    32.0124    1502.37    415.784    415.835 -9.990e-29
      6.029  39.359355    14.7110      6.083       2630 1.0388e+00    243.792    5.58838    55.2620     1.2933 6.1653e-03     3.9022     0.1495     2.9116     0.3463     0.0431 7.6404e-13  1023.7571    23.7301      6.042    5.82693    14.7101    32.0106    1502.37    415.961    416.013 -9.990e-29
