inst/extdata/initial_example/ctd/Cnv/C285C-001-HC.cnv
* Sea-Bird SBE19plus Data File:
* FileName = C:\Data\CTD\Hex\C285C-001-HC.hex
* Software Version 1.24
* Temperature SN =  4447
* Conductivity SN =  4447
* System UpLoad Time = Jun 14 2019 01:00:10
** Station = C285C-001-HC
** NMEA (UTC) Time = 00:30
** NMEA Latitude = 41 12.7 N
** NMEA Longitude = 70 59.7 W
** Bottom Depth = 35
** Date = 14 June 2019
** Chief Scientist = Ben Harden
** General Locale = 
** C:\Data\CTD\Hex\4447201903_Tx0_CDOM1_DO2_Chl3_PAR4.con
** 4447 CTD 	Instrument	S/N	DWG #
** Voltage 0	Transmiss	CST-779PR	X
** Voltage 1	CDOM	WSCD-1258ad	X
** Voltage 2	DO	3328	x
** Voltage 3	Chl-a	SCF-3149	x
** Voltage 4	PAR	70187	x
** Voltage 5	Free	x	x
** 
# nquan = 27                                
# nvalues = 3562                        
# units = specified
# name 0 = depSM: Depth [salt water, m]
# name 1 = c0mS/cm: Conductivity [mS/cm]
# name 2 = tv290C: Temperature [ITS-90, deg C]
# name 3 = prdM: Pressure, Strain Gauge [db]
# name 4 = scan: Scan Count
# name 5 = flSP: Fluorescence, Seapoint
# name 6 = sbeox0Mm/Kg: Oxygen, SBE 43 [umol/Kg]
# name 7 = sbeox0ML/L: Oxygen, SBE 43 [ml/l]
# name 8 = bat: Beam Attenuation, Chelsea/Seatech/Wetlab CStar [1/m]
# name 9 = wetCDOM: Fluorescence, Wetlab CDOM [mg/m^3]
# name 10 = par: PAR/Irradiance, Biospherical/Licor
# name 11 = v0: Voltage 0
# name 12 = v1: Voltage 1
# name 13 = v2: Voltage 2
# name 14 = v3: Voltage 3
# name 15 = v4: Voltage 4
# name 16 = v5: Voltage 5
# name 17 = density00: Density [density, Kg/m^3]
# name 18 = sigma-é00: Density [sigma-theta, Kg/m^3]
# name 19 = depSM: Depth [salt water, m], lat = 30
# name 20 = oxsatML/L: Oxygen Saturation [ml/l]
# name 21 = potemp090C: Potential Temperature [ITS-90, deg C]
# name 22 = sal00: Salinity [PSU]
# name 23 = svCM: Sound Velocity [Chen-Millero, m/s]
# name 24 = sva: Specific Volume Anomaly [10^-8 * m^3/Kg]
# name 25 = tsa: Thermosteric Anomaly [10^-8 * m^3/Kg]
# name 26 = flag: flag
# span 0 =     -0.009,     29.879       
# span 1 =   0.010093,  38.433155       
# span 2 =    10.9069,    14.0299       
# span 3 =     -0.136,     30.203       
# span 4 =          1,       3562       
# span 5 = 7.7470e-02, 1.3847e+00       
# span 6 =    224.348,    328.854       
# span 7 =    5.14290,    7.35802       
# span 8 =    55.2620,    55.2620       
# span 9 =    -1.4880,     3.2782       
# span 10 = 9.5676e-07, 2.5579e+00      
# span 11 =     0.2653,     4.7222      
# span 12 =     0.0000,     0.2562      
# span 13 =     2.6508,     3.2488      
# span 14 =     0.0258,     0.4615      
# span 15 =     0.0114,     1.5222      
# span 16 =     0.0000,     0.0005      
# span 17 =   999.2505,  1024.6746      
# span 18 =    -0.7495,    24.5390      
# span 19 =     -0.135,     29.995      
# span 20 =    5.93290,    7.20370      
# span 21 =    10.9034,    14.0299      
# span 22 =     0.0111,    32.1056      
# span 23 =    1462.38,    1499.44      
# span 24 =    339.307,   2808.799      
# span 25 =    338.928,   2809.003      
# span 26 = 0.0000e+00, 0.0000e+00      
# interval = seconds: 0.25                        
# start_time = Jun 13 2019 17:27:37
# bad_flag = -9.990e-29
*END*
[from data line 3115]
      4.517  38.396853    13.8377      4.524       3116 1.1144e+00    278.043    6.37388    55.2620     1.3795 4.1371e-02     4.2633     0.1542     3.1981     0.3715     0.1900     0.0000  1023.8092    23.7890      4.493    5.93799    13.8371    31.8524    1499.32    410.288    410.385 0.0000e+00
      4.408  38.397925    13.8396      4.427       3117 1.0776e+00    278.043    6.37387    55.2620     1.3750 4.2838e-02     4.2618     0.1539     3.1981     0.3592     0.1952 1.7055e-08  1023.8079    23.7882      4.397    5.93778    13.8390    31.8518    1499.33    410.363    410.462 0.0000e+00
      4.305  38.399268    13.8414      4.266       3118 1.0307e+00    278.037    6.37375    55.2620     1.3676 4.3921e-02     4.2599     0.1535     3.1982     0.3436     0.1990 2.8424e-08  1023.8067    23.7877      4.237    5.93756    13.8408    31.8516    1499.33    410.408    410.511 0.0000e+00
      4.214  38.400560    13.8424      4.180       3119 9.9079e-01    278.037    6.37375    55.2620     1.3578 4.4644e-02     4.2587     0.1530     3.1982     0.3302     0.2014 4.7374e-08  1023.8064    23.7878      4.152    5.93742    13.8418    31.8520    1499.33    410.396    410.502 0.0000e+00
      4.140  38.401715    13.8435      4.072       3120 9.6432e-01    278.041    6.37384    55.2620     1.3457 4.4620e-02     4.2585     0.1524     3.1983     0.3214     0.2013 7.8957e-08  1023.8058    23.7877      4.044    5.93728    13.8429    31.8522    1499.33    410.400    410.508 0.0000e+00
      4.087  38.402889    13.8449      4.008       3121 9.5580e-01    278.039    6.37379    55.2620     1.3286 4.3942e-02     4.2595     0.1514     3.1983     0.3186     0.1989 1.3159e-07  1023.8052    23.7874      3.981    5.93711    13.8443    31.8522    1499.34    410.430    410.539 0.0000e+00
      4.059  38.404081    13.8463      3.965       3122 9.7001e-01    278.027    6.37351    55.2620     1.2999 4.2927e-02     4.2610     0.1499     3.1983     0.3233     0.1952 2.1932e-07  1023.8047    23.7871      3.938    5.93694    13.8458    31.8521    1499.34    410.459    410.570 0.0000e+00
      4.058  38.405241    13.8476      3.997       3123 9.9918e-01    278.009    6.37309    55.2620     1.2513 4.1247e-02     4.2621     0.1473     3.1983     0.3331     0.1891 3.6554e-07  1023.8046    23.7868      3.970    5.93678    13.8470    31.8521    1499.35    410.487    410.597 -9.990e-29
      4.079  38.406339    13.8484      4.019       3124 1.0293e+00    277.995    6.37277    55.2620     1.1728 3.8622e-02     4.2622     0.1431     3.1983     0.3431     0.1795 6.0923e-07  1023.8048    23.7869      3.992    5.93667    13.8478    31.8524    1499.35    410.478    410.587 -9.990e-29
      4.120  38.407401    13.8488      4.072       3125 1.0573e+00    278.001    6.37292    55.2620     1.0473 3.5418e-02     4.2618     0.1363     3.1984     0.3525     0.1676 7.4422e-07  1023.8054    23.7873      4.044    5.93660    13.8482    31.8531    1499.35    410.440    410.548 -9.990e-29
      4.178  38.408582    13.8498      4.158       3126 1.0824e+00    278.030    6.37358    55.2620     0.8417 3.2221e-02     4.2613     0.1253     3.1986     0.3608     0.1556 8.0649e-07  1023.8058    23.7873      4.130    5.93647    13.8492    31.8533    1499.36    410.445    410.551 -9.990e-29
      4.246  38.410060    13.8526      4.255       3127 1.1001e+00    278.062    6.37432    55.2620     0.5998 2.9301e-02     4.2610     0.1123     3.1989     0.3667     0.1443     0.0000  1023.8049    23.7860      4.226    5.93616    13.8520    31.8523    1499.37    410.575    410.679 -9.990e-29
      4.320  38.411633    13.8568      4.319       3128 1.1172e+00    278.092    6.37501    55.2620     0.5468 2.6888e-02     4.2608     0.1094     3.1991     0.3724     0.1349     0.0000  1023.8027    23.7835      4.290    5.93572    13.8562    31.8502    1499.38    410.809    410.912 -9.990e-29
      4.398  38.412457    13.8555      4.437       3129 1.1397e+00    278.125    6.37575    55.2620     0.7583 2.5351e-02     4.2607     0.1208     3.1992     0.3799     0.1289     0.0000  1023.8049    23.7852      4.407    5.93582    13.8549    31.8520    1499.38    410.655    410.754 -9.990e-29
      4.476  38.412183    13.8528      4.502       3130 1.1507e+00    278.157    6.37647    55.2620     1.0019 2.4502e-02     4.2605     0.1339     3.1994     0.3836     0.1256     0.0000  1023.8073    23.7872      4.471    5.93608    13.8522    31.8540    1499.37    410.460    410.557 -9.990e-29
      4.550  38.411611    13.8537      4.620       3131 1.1378e+00    278.192    6.37728    55.2620     1.1521 2.4264e-02     4.2602     0.1419     3.1996     0.3792     0.1247     0.0000  1023.8066    23.7860      4.589    5.93601    13.8531    31.8527    1499.38    410.577    410.672 -9.990e-29
      4.614  38.411050    13.8544      4.706       3132 1.1114e+00    278.232    6.37819    55.2620     1.2438 2.4786e-02     4.2600     0.1468     3.1998     0.3704     0.1268     0.0000  1023.8060    23.7850      4.674    5.93597    13.8537    31.8515    1499.38    410.676    410.769 -9.990e-29
      4.661  38.409919    13.8532      4.771       3133 1.0873e+00    278.264    6.37892    55.2620     1.2969 2.6043e-02     4.2605     0.1497     3.2001     0.3624     0.1317     0.0000  1023.8064    23.7852      4.738    5.93612    13.8525    31.8515    1499.38    410.660    410.751 -9.990e-29
      4.686  38.408049    13.8518      4.835       3134 1.0747e+00    278.288    6.37947    55.2620     1.3259 2.8008e-02     4.2617     0.1513     3.2003     0.3582     0.1394     0.0000  1023.8065    23.7850      4.802    5.93631    13.8511    31.8509    1499.37    410.678    410.767 -9.990e-29
      4.682  38.405535    13.8483      4.856       3135 1.0754e+00    278.315    6.38007    55.2620     1.3372 3.0445e-02     4.2634     0.1519     3.2004     0.3584     0.1488     0.0000  1023.8078    23.7862      4.823    5.93672    13.8476    31.8515    1499.36    410.568    410.657 -9.990e-29
      4.641  38.402440    13.8434      4.845       3136 1.0770e+00    278.337    6.38058    55.2620     1.3326 3.3272e-02     4.2648     0.1516     3.2005     0.3590     0.1595     0.0000  1023.8097    23.7881      4.812    5.93728    13.8427    31.8527    1499.35    410.383    410.473 -9.990e-29
      4.557  38.399335    13.8403      4.759       3137 1.0581e+00    278.335    6.38053    55.2620     1.3143 3.6389e-02     4.2655     0.1507     3.2005     0.3527     0.1709     0.0000  1023.8097    23.7886      4.727    5.93767    13.8396    31.8524    1499.34    410.341    410.432 -9.990e-29
      4.431  38.396690    13.8356      4.598       3138 1.0244e+00    278.294    6.37960    55.2620     1.2823 3.9715e-02     4.2658     0.1489     3.2002     0.3415     0.1828     0.0000  1023.8111    23.7907      4.567    5.93819    13.8350    31.8539    1499.32    410.134    410.229 -9.990e-29
      4.270  38.394713    13.8332      4.383       3139 9.9395e-01    278.221    6.37792    55.2620     1.2316 4.3720e-02     4.2657     0.1462     3.1998     0.3313     0.1967     0.0000  1023.8108    23.7913      4.353    5.93847    13.8326    31.8542    1499.31    410.064    410.165 -9.990e-29
      4.089  38.393865    13.8345      4.114       3140 9.7198e-01    278.133    6.37592    55.2620     1.1495 4.8524e-02     4.2652     0.1418     3.1994     0.3240     0.2130     0.0000  1023.8080    23.7897      4.086    5.93838    13.8339    31.8524    1499.31    410.212    410.319 -9.990e-29
      3.906  38.393916    13.8363      3.878       3141 9.6039e-01    278.058    6.37420    55.2620     1.0118 5.3280e-02     4.2641     0.1344     3.1992     0.3201     0.2287     0.0000  1023.8056    23.7883      3.852    5.93821    13.8358    31.8511    1499.31    410.341    410.454 0.0000e+00
      3.736  38.393982    13.8367      3.641       3142 9.5889e-01    278.013    6.37318    55.2620     0.7805 5.7384e-02     4.2627     0.1220     3.1991     0.3196     0.2420 9.4493e-09  1023.8043    23.7881      3.616    5.93817    13.8362    31.8509    1499.30    410.357    410.475 0.0000e+00
      3.592  38.393692    13.8375      3.459       3143 9.6262e-01    277.999    6.37285    55.2620     0.4947 6.0630e-02     4.2615     0.1066     3.1991     0.3209     0.2523 1.5749e-08  1023.8026    23.7872      3.435    5.93810    13.8370    31.8500    1499.30    410.431    410.554 0.0000e+00
      3.485  38.392959    13.8364      3.330       3144 9.7397e-01    278.024    6.37343    55.2620     0.2363 6.2230e-02     4.2607     0.0927     3.1993     0.3247     0.2575 2.6248e-08  1023.8025    23.7877      3.307    5.93822    13.8359    31.8503    1499.30    410.386    410.512 0.0000e+00
      3.419  38.391640    13.8330      3.287       3145 9.9947e-01    278.104    6.37526    55.2620    -0.0060 6.2072e-02     4.2601     0.0797     3.1997     0.3332     0.2573 4.3747e-08  1023.8042    23.7896      3.265    5.93858    13.8325    31.8519    1499.29    410.200    410.326 0.0000e+00
      3.391  38.390211    13.8305      3.286       3146 1.0345e+00    278.218    6.37788    55.2620    -0.2218 6.1067e-02     4.2597     0.0681     3.2001     0.3448     0.2543 7.2912e-08  1023.8053    23.7907      3.264    5.93886    13.8300    31.8527    1499.28    410.096    410.222 0.0000e+00
      3.392  38.389449    13.8294      3.340       3147 1.0696e+00    278.334    6.38054    55.2620    -0.3637 5.9533e-02     4.2596     0.0604     3.2006     0.3565     0.2497 1.2152e-07  1023.8059    23.7911      3.317    5.93899    13.8289    31.8529    1499.28    410.062    410.187 -9.990e-29
      3.412  38.389573    13.8292      3.383       3148 1.0911e+00    278.447    6.38314    55.2620    -0.3805 5.7813e-02     4.2596     0.0595     3.2010     0.3637     0.2443 2.0253e-07  1023.8064    23.7913      3.360    5.93900    13.8287    31.8531    1499.28    410.040    410.164 -9.990e-29
      3.441  38.390568    13.8321      3.480       3149 1.0934e+00    278.570    6.38596    55.2620    -0.2120 5.6585e-02     4.2595     0.0686     3.2016     0.3645     0.2405 3.3755e-07  1023.8050    23.7896      3.456    5.93870    13.8316    31.8516    1499.29    410.210    410.332 -9.990e-29
      3.468  38.392153    13.8347      3.523       3150 1.0812e+00    278.698    6.38891    55.2620     0.1305 5.5372e-02     4.2589     0.0870     3.2024     0.3604     0.2366 3.3757e-07  1023.8042    23.7885      3.499    5.93841    13.8342    31.8509    1499.29    410.314    410.435 -9.990e-29
      3.488  38.393724    13.8362      3.544       3151 1.0615e+00    278.816    6.39162    55.2620     0.5405 5.3181e-02     4.2575     0.1091     3.2032     0.3538     0.2295 2.0257e-07  1023.8041    23.7883      3.520    5.93822    13.8357    31.8511    1499.30    410.329    410.449 -9.990e-29
      3.497  38.395102    13.8373      3.577       3152 1.0470e+00    278.908    6.39373    55.2620     0.8654 5.0527e-02     4.2557     0.1265     3.2038     0.3490     0.2209 1.2160e-07  1023.8043    23.7884      3.553    5.93807    13.8368    31.8514    1499.30    410.325    410.445 -9.990e-29
      3.491  38.396479    13.8368      3.577       3153 1.0399e+00    278.967    6.39507    55.2620     1.0621 4.8583e-02     4.2550     0.1371     3.2043     0.3466     0.2145 7.3058e-08  1023.8057    23.7898      3.553    5.93807    13.8363    31.8531    1499.30    410.192    410.311 -9.990e-29
      3.471  38.398235    13.8363      3.544       3154 1.0335e+00    278.991    6.39561    55.2620     1.1801 4.7745e-02     4.2561     0.1434     3.2046     0.3445     0.2118 4.3997e-08  1023.8072    23.7915      3.520    5.93806    13.8358    31.8552    1499.31    410.030    410.151 -9.990e-29
      3.439  38.401133    13.8417      3.469       3155 1.0212e+00    278.973    6.39522    55.2620     1.2496 4.8062e-02     4.2583     0.1472     3.2047     0.3404     0.2129 2.6668e-08  1023.8044    23.7890      3.445    5.93746    13.8412    31.8534    1499.32    410.264    410.386 -9.990e-29
      3.402  38.405217    13.8496      3.415       3156 9.9931e-01    278.912    6.39382    55.2620     1.2894 4.9265e-02     4.2601     0.1493     3.2047     0.3331     0.2169 1.6450e-08  1023.8005    23.7853      3.392    5.93659    13.8491    31.8506    1499.34    410.619    410.743 -9.990e-29
      3.368  38.409131    13.8551      3.340       3157 9.7564e-01    278.818    6.39168    55.2620     1.3114 5.0723e-02     4.2611     0.1505     3.2046     0.3252     0.2216 1.0619e-08  1023.7983    23.7834      3.317    5.93595    13.8546    31.8497    1499.36    410.792    410.917 -9.990e-29
      3.344  38.411685    13.8570      3.308       3158 9.5904e-01    278.720    6.38942    55.2620     1.3218 5.1363e-02     4.2615     0.1510     3.2045     0.3197     0.2237 7.6195e-09  1023.7984    23.7837      3.285    5.93569    13.8565    31.8505    1499.36    410.769    410.895 -9.990e-29
      3.334  38.412899    13.8580      3.275       3159 9.5280e-01    278.644    6.38767    55.2620     1.3248 5.0386e-02     4.2614     0.1512     3.2045     0.3176     0.2204 6.6519e-09  1023.7983    23.7837      3.253    5.93556    13.8575    31.8508    1499.37    410.766    410.892 0.0000e+00
      3.343  38.413239    13.8594      3.286       3160 9.5972e-01    278.602    6.38671    55.2620     1.3235 4.8197e-02     4.2606     0.1512     3.2046     0.3199     0.2131 7.4581e-09  1023.7974    23.7827      3.264    5.93542    13.8589    31.8500    1499.37    410.856    410.982 -9.990e-29
      3.369  38.412593    13.8557      3.318       3161 9.7903e-01    278.597    6.38658    55.2620     1.3161 4.5449e-02     4.2587     0.1508     3.2048     0.3263     0.2038 1.0253e-08  1023.8002    23.7854      3.295    5.93578    13.8552    31.8524    1499.36    410.603    410.729 -9.990e-29
      3.414  38.411096    13.8497      3.361       3162 1.0096e+00    278.617    6.38702    55.2620     1.2980 4.2790e-02     4.2563     0.1498     3.2050     0.3365     0.1946 1.5782e-08  1023.8043    23.7894      3.338    5.93638    13.8492    31.8560    1499.35    410.224    410.349 -9.990e-29
      3.473  38.410230    13.8488      3.469       3163 1.0534e+00    278.642    6.38760    55.2620     1.2637 4.0857e-02     4.2548     0.1480     3.2050     0.3511     0.1879 2.5520e-08  1023.8049    23.7895      3.445    5.93650    13.8483    31.8559    1499.35    410.217    410.339 -9.990e-29
      3.538  38.411074    13.8531      3.576       3164 1.1057e+00    278.662    6.38806    55.2620     1.2043 3.9892e-02     4.2549     0.1448     3.2051     0.3685     0.1846 4.2064e-08  1023.8023    23.7864      3.552    5.93607    13.8526    31.8531    1499.36    410.511    410.631 -9.990e-29
      3.601  38.412885    13.8568      3.641       3165 1.1483e+00    278.671    6.38828    55.2620     1.1053 3.9817e-02     4.2558     0.1395     3.2051     0.3827     0.1844 6.9824e-08  1023.8008    23.7846      3.616    5.93567    13.8563    31.8517    1499.37    410.689    410.807 -9.990e-29
      3.656  38.414424    13.8594      3.748       3166 1.1601e+00    278.665    6.38813    55.2620     0.9417 4.0171e-02     4.2568     0.1307     3.2050     0.3867     0.1856 1.1620e-07  1023.8001    23.7835      3.722    5.93538    13.8589    31.8509    1499.38    410.799    410.915 -9.990e-29
      3.694  38.415156    13.8606      3.812       3167 1.1392e+00    278.643    6.38763    55.2620     0.6711 4.0908e-02     4.2574     0.1161     3.2050     0.3797     0.1881 1.9357e-07  1023.7999    23.7830      3.786    5.93525    13.8601    31.8505    1499.38    410.849    410.963 -9.990e-29
