inst/extdata/initial_example/ctd/Cnv/C285C-005-HC.cnv
* Sea-Bird SBE19plus Data File:
* FileName = C:\Data\CTD\Hex\C285C-005-HC.hex
* Software Version 1.24
* Temperature SN =  4447
* Conductivity SN =  4447
* System UpLoad Time = Jun 15 2019 01:08:52
** Station = C285C-005-HC
** NMEA (UTC) Time = 0035
** NMEA Latitude = 41 02.2'N
** NMEA Longitude = 071 03.7'W
** Bottom Depth = 43
** Date = 14 June 2019
** Chief Scientist = Ben Harden
** General Locale = 
** C:\Data\CTD\Hex\4447201903_Tx0_CDOM1_DO2_Chl3_PAR4.con
** 4447 CTD 	Instrument	S/N	DWG #
** Voltage 0	Transmiss	CST-779PR	X
** Voltage 1	CDOM	WSCD-1258ad	X
** Voltage 2	DO	3328	x
** Voltage 3	Chl-a	SCF-3149	x
** Voltage 4	PAR	70187	x
** Voltage 5	Free	x	x
** 
# nquan = 27                                
# nvalues = 3096                        
# units = specified
# name 0 = depSM: Depth [salt water, m]
# name 1 = c0mS/cm: Conductivity [mS/cm]
# name 2 = tv290C: Temperature [ITS-90, deg C]
# name 3 = prdM: Pressure, Strain Gauge [db]
# name 4 = scan: Scan Count
# name 5 = flSP: Fluorescence, Seapoint
# name 6 = sbeox0Mm/Kg: Oxygen, SBE 43 [umol/Kg]
# name 7 = sbeox0ML/L: Oxygen, SBE 43 [ml/l]
# name 8 = bat: Beam Attenuation, Chelsea/Seatech/Wetlab CStar [1/m]
# name 9 = wetCDOM: Fluorescence, Wetlab CDOM [mg/m^3]
# name 10 = par: PAR/Irradiance, Biospherical/Licor
# name 11 = v0: Voltage 0
# name 12 = v1: Voltage 1
# name 13 = v2: Voltage 2
# name 14 = v3: Voltage 3
# name 15 = v4: Voltage 4
# name 16 = v5: Voltage 5
# name 17 = density00: Density [density, Kg/m^3]
# name 18 = sigma-é00: Density [sigma-theta, Kg/m^3]
# name 19 = depSM: Depth [salt water, m], lat = 30
# name 20 = oxsatML/L: Oxygen Saturation [ml/l]
# name 21 = potemp090C: Potential Temperature [ITS-90, deg C]
# name 22 = sal00: Salinity [PSU]
# name 23 = svCM: Sound Velocity [Chen-Millero, m/s]
# name 24 = sva: Specific Volume Anomaly [10^-8 * m^3/Kg]
# name 25 = tsa: Thermosteric Anomaly [10^-8 * m^3/Kg]
# name 26 = flag: flag
# span 0 =      0.076,     39.535       
# span 1 =   0.001662,  39.446019       
# span 2 =     8.9683,    15.5523       
# span 3 =      0.054,     39.820       
# span 4 =          1,       3096       
# span 5 = 6.8222e-02, 1.8969e+00       
# span 6 =    212.025,    345.639       
# span 7 =    4.86599,    7.92977       
# span 8 =    55.2620,    55.2620       
# span 9 =     0.7828,     3.1780       
# span 10 = 1.5601e-07, 3.7343e+00      
# span 11 =     0.9246,     4.5415      
# span 12 =     0.1221,     0.2509      
# span 13 =     2.3690,     3.5818      
# span 14 =     0.0227,     0.6323      
# span 15 =     0.0116,     1.6805      
# span 16 =     0.0000,     0.0003      
# span 17 =   999.0228,  1025.2539      
# span 18 =    -0.9776,    25.0801      
# span 19 =      0.054,     39.545      
# span 20 =    5.81604,    7.03681      
# span 21 =     8.9648,    15.5523      
# span 22 =     0.0082,    32.3917      
# span 23 =    1466.46,    1502.66      
# span 24 =    287.693,   2831.651      
# span 25 =    287.397,   2831.856      
# span 26 = 0.0000e+00, 0.0000e+00      
# interval = seconds: 0.25                        
# start_time = Jun 14 2019 17:33:39
# bad_flag = -9.990e-29
*END*
[from data line 1665]
     35.938  34.629852     8.9719     36.050       1666 4.2962e-01    220.598    5.06333    55.2620     1.9559 9.1459e-06     4.3547     0.1851     2.4308     0.1432     0.0119 2.0778e-09  1025.2378    25.0739     35.802    6.57313     8.9682    32.3825    1483.47    288.378    287.992 -9.990e-29
     36.091  34.629816     8.9723     36.201       1667 4.4580e-01    220.662    5.06481    55.2620     1.9553 1.3887e-05     4.3547     0.1851     2.4306     0.1486     0.0120 3.4626e-09  1025.2381    25.0735     35.951    6.57309     8.9686    32.3820    1483.48    288.422    288.033 0.0000e+00
     36.264  34.629944     8.9723     36.416       1668 4.6768e-01    220.685    5.06535    55.2620     1.9531 1.9078e-05     4.3545     0.1850     2.4303     0.1559     0.0121 5.7707e-09  1025.2391    25.0736     36.165    6.57309     8.9685    32.3820    1483.48    288.422    288.031 0.0000e+00
     36.450  34.630082     8.9724     36.631       1669 4.8161e-01    220.644    5.06439    55.2620     1.9500 2.1510e-05     4.3543     0.1849     2.4297     0.1605     0.0121 9.6178e-09  1025.2400    25.0735     36.378    6.57307     8.9686    32.3820    1483.48    288.431    288.035 0.0000e+00
     36.641  34.630252     8.9727     36.878       1670 4.8282e-01    220.546    5.06216    55.2620     1.9486 2.3740e-05     4.3542     0.1848     2.4289     0.1609     0.0121 1.6030e-08  1025.2409    25.0733     36.624    6.57304     8.9689    32.3818    1483.49    288.455    288.055 0.0000e+00
     36.825  34.630484     8.9728     37.093       1671 4.8242e-01    220.417    5.05920    55.2620     1.9502 2.4840e-05     4.3541     0.1848     2.4281     0.1608     0.0121 2.6716e-08  1025.2419    25.0733     36.837    6.57302     8.9690    32.3818    1483.49    288.456    288.053 0.0000e+00
     36.994  34.630767     8.9730     37.297       1672 4.7975e-01    220.257    5.05552    55.2620     1.9532 2.0324e-05     4.3538     0.1850     2.4273     0.1599     0.0121 4.4526e-08  1025.2429    25.0733     37.040    6.57299     8.9691    32.3819    1483.50    288.460    288.054 0.0000e+00
     37.140  34.631118     8.9731     37.459       1673 4.7117e-01    220.069    5.05119    55.2620     1.9551 1.5107e-05     4.3531     0.1851     2.4264     0.1571     0.0121 7.4211e-08  1025.2437    25.0735     37.201    6.57297     8.9692    32.3821    1483.50    288.450    288.041 0.0000e+00
     37.257  34.631601     8.9735     37.609       1674 4.7519e-01    219.879    5.04683    55.2620     1.9556 1.3918e-05     4.3520     0.1851     2.4254     0.1584     0.0121 1.2368e-07  1025.2444    25.0735     37.350    6.57291     8.9696    32.3821    1483.50    288.453    288.041 0.0000e+00
     37.340  34.632268     8.9747     37.695       1675 4.9102e-01    219.719    5.04317    55.2620     1.9563 1.5099e-05     4.3513     0.1852     2.4246     0.1637     0.0120 2.0614e-07  1025.2443    25.0729     37.435    6.57275     8.9708    32.3817    1483.51    288.504    288.092 0.0000e+00
     37.389  34.633061     8.9759     37.728       1676 4.9916e-01    219.603    5.04049    55.2620     1.9573 1.7622e-05     4.3512     0.1852     2.4239     0.1664     0.0120 3.4357e-07  1025.2440    25.0725     37.468    6.57258     8.9720    32.3814    1483.51    288.544    288.130 0.0000e+00
     37.405  34.633824     8.9767     37.739       1677 5.0117e-01    219.516    5.03851    55.2620     1.9566 2.2161e-05     4.3514     0.1852     2.4232     0.1671     0.0120 5.7261e-07  1025.2440    25.0724     37.479    6.57246     8.9728    32.3815    1483.52    288.552    288.138 0.0000e+00
     37.391  34.634521     8.9773     37.706       1678 5.0308e-01    219.452    5.03703    55.2620     1.9540 2.3806e-05     4.3516     0.1851     2.4226     0.1677     0.0121 9.5436e-07  1025.2439    25.0725     37.446    6.57236     8.9734    32.3817    1483.52    288.546    288.132 -9.990e-29
     37.351  34.635261     8.9781     37.653       1679 5.0445e-01    219.414    5.03617    55.2620     1.9529 1.8217e-05     4.3517     0.1850     2.4221     0.1682     0.0120     0.0000  1025.2436    25.0724     37.393    6.57224     8.9742    32.3817    1483.52    288.552    288.139 -9.990e-29
     37.289  34.636098     8.9793     37.556       1680 5.0637e-01    219.399    5.03582    55.2620     1.9543 1.1366e-05     4.3518     0.1851     2.4216     0.1688     0.0119     0.0000  1025.2428    25.0721     37.297    6.57207     8.9754    32.3815    1483.52    288.582    288.171 -9.990e-29
     37.213  34.636968     8.9807     37.449       1681 5.2013e-01    219.377    5.03533    55.2620     1.9552 7.5467e-06     4.3520     0.1851     2.4211     0.1734     0.0118     0.0000  1025.2419    25.0716     37.191    6.57188     8.9768    32.3812    1483.53    288.625    288.215 -9.990e-29
     37.130  34.637746     8.9825     37.331       1682 5.5630e-01    219.338    5.03442    55.2620     1.9544 5.3526e-06     4.3521     0.1851     2.4205     0.1854     0.0118     0.0000  1025.2404    25.0707     37.074    6.57164     8.9786    32.3804    1483.53    288.707    288.300 -9.990e-29
     37.050  34.638268     8.9838     37.202       1683 5.8327e-01    219.301    5.03357    55.2620     1.9528 3.8123e-06     4.3522     0.1850     2.4200     0.1944     0.0117     0.0000  1025.2392    25.0701     36.945    6.57148     8.9799    32.3799    1483.53    288.768    288.363 -9.990e-29
     36.983  34.638364     8.9839     37.106       1684 5.6621e-01    219.261    5.03264    55.2620     1.9514 2.9017e-06     4.3523     0.1849     2.4195     0.1887     0.0117     0.0000  1025.2388    25.0701     36.850    6.57146     8.9801    32.3799    1483.53    288.764    288.360 -9.990e-29
     36.938  34.637981     8.9836     37.009       1685 5.2429e-01    219.185    5.03090    55.2620     1.9505 2.3782e-06     4.3527     0.1849     2.4188     0.1748     0.0118     0.0000  1025.2383    25.0701     36.754    6.57151     8.9798    32.3798    1483.53    288.764    288.362 -9.990e-29
     36.925  34.637151     8.9828     36.988       1686 4.8594e-01    219.075    5.02837    55.2620     1.9495 1.7153e-06     4.3536     0.1848     2.4180     0.1620     0.0119     0.0001  1025.2382    25.0701     36.733    6.57163     8.9790    32.3797    1483.52    288.761    288.359 -9.990e-29
     36.949  34.635865     8.9804     36.988       1687 4.6000e-01    218.970    5.02595    55.2620     1.9485 1.1230e-06     4.3548     0.1848     2.4172     0.1534     0.0119     0.0001  1025.2393    25.0711     36.733    6.57195     8.9766    32.3806    1483.52    288.662    288.261 -9.990e-29
     37.015  34.634184     8.9763     37.020       1688 4.4658e-01    218.906    5.02450    55.2620     1.9489 8.3020e-07     4.3556     0.1848     2.4168     0.1489     0.0118     0.0001  1025.2416    25.0733     36.765    6.57247     8.9725    32.3825    1483.50    288.455    288.053 -9.990e-29
     37.128  34.632532     8.9738     37.160       1689 4.4556e-01    218.901    5.02437    55.2620     1.9510 7.5877e-07     4.3557     0.1849     2.4165     0.1486     0.0118     0.0001  1025.2430    25.0741     36.904    6.57282     8.9700    32.3830    1483.50    288.383    287.979 -9.990e-29
     37.284  34.631415     8.9726     37.343       1690 4.5417e-01    218.941    5.02530    55.2620     1.9540 8.8969e-07     4.3550     0.1851     2.4165     0.1514     0.0118     0.0001  1025.2439    25.0742     37.085    6.57301     8.9687    32.3829    1483.50    288.380    287.972 -9.990e-29
     37.477  34.630838     8.9720     37.590       1691 4.6443e-01    219.005    5.02678    55.2620     1.9557 1.2578e-06     4.3538     0.1852     2.4164     0.1548     0.0118     0.0001  1025.2450    25.0742     37.331    6.57310     8.9681    32.3827    1483.50    288.387    287.976 -9.990e-29
     37.693  34.630567     8.9717     37.870       1692 4.7585e-01    219.078    5.02845    55.2620     1.9551 1.9614e-06     4.3524     0.1851     2.4164     0.1586     0.0118     0.0001  1025.2462    25.0741     37.609    6.57315     8.9678    32.3826    1483.50    288.397    287.981 0.0000e+00
     37.917  34.630516     8.9717     38.160       1693 4.8852e-01    219.141    5.02989    55.2620     1.9533 3.1881e-06     4.3510     0.1850     2.4162     0.1628     0.0118     0.0000  1025.2474    25.0740     37.897    6.57316     8.9677    32.3824    1483.51    288.415    287.995 0.0000e+00
     38.133  34.630667     8.9723     38.451       1694 5.0064e-01    219.160    5.03034    55.2620     1.9515 5.2649e-06     4.3497     0.1850     2.4158     0.1669     0.0119 1.0572e-08  1025.2482    25.0735     38.186    6.57309     8.9683    32.3819    1483.51    288.467    288.042 0.0000e+00
     38.325  34.630971     8.9728     38.698       1695 5.1884e-01    219.102    5.02901    55.2620     1.9492 7.4037e-06     4.3489     0.1848     2.4151     0.1729     0.0120 1.7620e-08  1025.2491    25.0732     38.431    6.57303     8.9688    32.3816    1483.52    288.498    288.068 0.0000e+00
     38.481  34.631355     8.9733     38.848       1696 5.5473e-01    218.964    5.02584    55.2620     1.9451 7.4910e-06     4.3488     0.1846     2.4143     0.1849     0.0120 2.9366e-08  1025.2496    25.0730     38.580    6.57296     8.9693    32.3815    1483.52    288.517    288.085 0.0000e+00
     38.596  34.631793     8.9735     39.010       1697 5.9457e-01    218.782    5.02167    55.2620     1.9408 5.5499e-06     4.3491     0.1844     2.4134     0.1982     0.0120 4.8943e-08  1025.2505    25.0732     38.741    6.57292     8.9695    32.3817    1483.53    288.507    288.073 0.0000e+00
     38.667  34.632317     8.9743     39.053       1698 6.0940e-01    218.605    5.01760    55.2620     1.9377 3.7470e-06     4.3494     0.1842     2.4127     0.2031     0.0120 8.1572e-08  1025.2504    25.0729     38.784    6.57281     8.9703    32.3815    1483.53    288.535    288.100 0.0000e+00
     38.694  34.632937     8.9752     39.074       1699 6.1460e-01    218.453    5.01412    55.2620     1.9361 2.9433e-06     4.3494     0.1841     2.4121     0.2049     0.0120 1.3595e-07  1025.2502    25.0726     38.804    6.57269     8.9712    32.3813    1483.53    288.562    288.127 0.0000e+00
     38.684  34.633599     8.9761     39.010       1700 6.4959e-01    218.306    5.01074    55.2620     1.9356 2.5377e-06     4.3491     0.1841     2.4114     0.2165     0.0119 2.2659e-07  1025.2497    25.0724     38.741    6.57256     8.9721    32.3812    1483.54    288.582    288.148 -9.990e-29
     38.647  34.634217     8.9769     38.924       1701 6.7682e-01    218.156    5.00730    55.2620     1.9354 2.0353e-06     4.3487     0.1841     2.4105     0.2256     0.0119 3.7765e-07  1025.2491    25.0722     38.655    6.57244     8.9729    32.3812    1483.54    288.597    288.163 -9.990e-29
     38.595  34.634754     8.9778     38.817       1702 6.3669e-01    218.037    5.00456    55.2620     1.9366 1.6888e-06     4.3481     0.1841     2.4097     0.2122     0.0119 3.8020e-07  1025.2483    25.0719     38.549    6.57232     8.9738    32.3810    1483.54    288.624    288.193 -9.990e-29
     38.542  34.635215     8.9789     38.699       1703 5.7082e-01    217.949    5.00255    55.2620     1.9398 1.7928e-06     4.3474     0.1843     2.4090     0.1902     0.0119 2.3491e-07  1025.2473    25.0714     38.432    6.57218     8.9749    32.3805    1483.54    288.673    288.244 -9.990e-29
     38.501  34.635523     8.9795     38.635       1704 5.3028e-01    217.873    5.00079    55.2620     1.9433 2.3747e-06     4.3467     0.1845     2.4083     0.1767     0.0119 1.5227e-07  1025.2467    25.0711     38.368    6.57210     8.9755    32.3803    1483.54    288.696    288.267 -9.990e-29
     38.483  34.635529     8.9797     38.570       1705 5.0951e-01    217.810    4.99935    55.2620     1.9464 3.5900e-06     4.3462     0.1847     2.4077     0.1698     0.0120 1.1024e-07  1025.2463    25.0710     38.304    6.57207     8.9757    32.3801    1483.54    288.709    288.281 -9.990e-29
     38.493  34.635134     8.9788     38.592       1706 5.0041e-01    217.770    4.99842    55.2620     1.9482 5.3758e-06     4.3460     0.1848     2.4072     0.1668     0.0120 9.7610e-08  1025.2468    25.0714     38.326    6.57219     8.9748    32.3805    1483.54    288.666    288.238 -9.990e-29
     38.534  34.634388     8.9770     38.603       1707 4.9352e-01    217.752    4.99800    55.2620     1.9485 7.8215e-06     4.3460     0.1848     2.4068     0.1645     0.0121 1.1101e-07  1025.2478    25.0724     38.337    6.57242     8.9730    32.3814    1483.53    288.576    288.148 -9.990e-29
     38.609  34.633552     8.9760     38.710       1708 4.7899e-01    217.760    4.99818    55.2620     1.9483 1.1966e-05     4.3463     0.1848     2.4065     0.1597     0.0121 1.5400e-07  1025.2485    25.0725     38.443    6.57257     8.9720    32.3814    1483.53    288.563    288.133 -9.990e-29
     38.714  34.632896     8.9750     38.829       1709 4.6803e-01    217.806    4.99925    55.2620     1.9475 1.7960e-05     4.3468     0.1847     2.4063     0.1560     0.0122 2.3807e-07  1025.2493    25.0728     38.561    6.57271     8.9710    32.3816    1483.53    288.537    288.105 -9.990e-29
     38.842  34.632470     8.9746     39.012       1710 4.7295e-01    217.880    5.00095    55.2620     1.9462 2.2807e-05     4.3477     0.1846     2.4062     0.1577     0.0122 3.8562e-07  1025.2501    25.0727     38.743    6.57277     8.9706    32.3814    1483.53    288.546    288.111 -9.990e-29
     38.982  34.632219     8.9738     39.195       1711 4.9708e-01    217.965    5.00290    55.2620     1.9455 2.5888e-05     4.3487     0.1846     2.4063     0.1657     0.0121 6.3601e-07  1025.2513    25.0732     38.925    6.57288     8.9697    32.3818    1483.53    288.508    288.071 0.0000e+00
     39.123  34.632151     8.9733     39.377       1712 5.1493e-01    218.056    5.00501    55.2620     1.9452 2.6500e-05     4.3492     0.1846     2.4063     0.1716     0.0121     0.0000  1025.2525    25.0735     39.105    6.57294     8.9692    32.3821    1483.53    288.481    288.041 0.0000e+00
     39.254  34.632327     8.9734     39.582       1713 4.9810e-01    218.124    5.00656    55.2620     1.9438 2.1939e-05     4.3493     0.1845     2.4063     0.1660     0.0120     0.0000  1025.2534    25.0735     39.309    6.57292     8.9693    32.3821    1483.54    288.486    288.042 0.0000e+00
     39.361  34.632782     8.9739     39.722       1714 4.7607e-01    218.126    5.00661    55.2620     1.9421 1.7108e-05     4.3490     0.1844     2.4060     0.1587     0.0120     0.0000  1025.2539    25.0734     39.448    6.57285     8.9698    32.3821    1483.54    288.499    288.053 0.0000e+00
     39.438  34.633495     8.9751     39.754       1715 4.7020e-01    218.054    5.00495    55.2620     1.9417 1.6839e-05     4.3488     0.1844     2.4054     0.1567     0.0120     0.0000  1025.2536    25.0729     39.480    6.57269     8.9710    32.3817    1483.54    288.545    288.098 0.0000e+00
     39.490  34.634380     8.9767     39.797       1716 4.6928e-01    217.930    5.00211    55.2620     1.9408 1.6852e-05     4.3490     0.1844     2.4047     0.1564     0.0120     0.0000  1025.2531    25.0722     39.522    6.57247     8.9726    32.3811    1483.55    288.611    288.163 0.0000e+00
     39.521  34.635257     8.9778     39.808       1717 4.6777e-01    217.774    4.99852    55.2620     1.9387 1.2942e-05     4.3495     0.1842     2.4040     0.1559     0.0120     0.0000  1025.2529    25.0720     39.533    6.57232     8.9737    32.3810    1483.55    288.634    288.187 0.0000e+00
     39.535  34.635991     8.9783     39.819       1718 4.6251e-01    217.598    4.99450    55.2620     1.9363 8.2753e-06     4.3502     0.1841     2.4032     0.1542     0.0119     0.0000  1025.2531    25.0721     39.544    6.57223     8.9742    32.3813    1483.56    288.620    288.172 0.0000e+00
