inst/extdata/initial_example/ctd/Cnv/C285C-005-HC.ros
* Sea-Bird SBE19plus Data File:
* FileName = C:\Data\CTD\Hex\C285C-005-HC.hex
* Software Version 1.24
* Temperature SN =  4447
* Conductivity SN =  4447
* System UpLoad Time = Jun 15 2019 01:08:52
** Station = C285C-005-HC
** NMEA (UTC) Time = 0035
** NMEA Latitude = 41 02.2'N
** NMEA Longitude = 071 03.7'W
** Bottom Depth = 43
** Date = 14 June 2019
** Chief Scientist = Ben Harden
** General Locale = 
** C:\Data\CTD\Hex\4447201903_Tx0_CDOM1_DO2_Chl3_PAR4.con
** 4447 CTD 	Instrument	S/N	DWG #
** Voltage 0	Transmiss	CST-779PR	X
** Voltage 1	CDOM	WSCD-1258ad	X
** Voltage 2	DO	3328	x
** Voltage 3	Chl-a	SCF-3149	x
** Voltage 4	PAR	70187	x
** Voltage 5	Free	x	x
** 
# nquan = 19
# nvalues = 108                     
# units = specified
# name 0 = depSM: Depth [salt water, m]
# name 1 = c0mS/cm: Conductivity [mS/cm]
# name 2 = tv290C: Temperature [ITS-90, deg C]
# name 3 = prdM: Pressure, Strain Gauge [db]
# name 4 = scan: Scan Count
# name 5 = flSP: Fluorescence, Seapoint
# name 6 = sbeox0Mm/Kg: Oxygen, SBE 43 [umol/Kg]
# name 7 = sbeox0ML/L: Oxygen, SBE 43 [ml/l]
# name 8 = bat: Beam Attenuation, Chelsea/Seatech/Wetlab CStar [1/m]
# name 9 = wetCDOM: Fluorescence, Wetlab CDOM [mg/m^3]
# name 10 = par: PAR/Irradiance, Biospherical/Licor
# name 11 = v0: Voltage 0
# name 12 = v1: Voltage 1
# name 13 = v2: Voltage 2
# name 14 = v3: Voltage 3
# name 15 = v4: Voltage 4
# name 16 = v5: Voltage 5
# name 17 = nbf: number of bottles fired
# name 18 = flag:  0.000e+00
# interval = seconds: 0.25                        
# start_time = Jun 14 2019 17:33:39
*END*
[from data line 77]
     10.160  39.088528    14.3178     10.216       2444 1.1245e+00    252.969    5.79954    55.2620     1.3402 4.8790e-05     3.5882     0.1521     2.9841     0.3748     0.0124     0.0000          9  0.000e+00
      9.999  39.115944    14.3361     10.055       2445 9.6612e-01    252.700    5.79341    55.2620     1.3303 1.0000e-12     3.9332     0.1515     2.9835     0.3220     0.0114     0.0000          9  0.000e+00
      9.861  39.129952    14.3587      9.915       2446 8.7549e-01    252.444    5.78749    55.2620     1.3204 1.0000e-12     3.9329     0.1510     2.9826     0.2918     0.0120     0.0000          9  0.000e+00
      9.722  39.157180    14.3840      9.776       2447 9.9062e-01    252.158    5.78091    55.2620     1.3331 1.0000e-12     3.9332     0.1517     2.9818     0.3302     0.0117     0.0000          9  0.000e+00
      9.604  39.216178    14.4465      9.657       2449 8.8418e-01    251.641    5.76901    55.2620     1.3317 1.0000e-12     3.9250     0.1516     2.9802     0.2947     0.0115     0.0000         10  0.000e+00
      9.647  39.243961    14.4822      9.700       2450 1.0082e+00    251.305    5.76123    55.2620     1.3232 1.2049e-04     3.9246     0.1511     2.9791     0.3361     0.0127     0.0000         10  0.000e+00
      9.764  39.247547    14.5172      9.819       2451 9.8466e-01    251.168    5.75794    55.2620     1.3303 1.4918e-04     3.9249     0.1515     2.9790     0.3282     0.0129     0.0000         10  0.000e+00
      9.957  39.231124    14.5395     10.012       2452 9.4873e-01    251.033    5.75467    55.2620     1.3459 1.0000e-12     3.9286     0.1524     2.9783     0.3162     0.0119     0.0000         10  0.000e+00
     10.149  39.222815    14.5410     10.205       2453 1.0041e+00    251.035    5.75467    55.2620     1.3090 9.1801e-05     3.9284     0.1504     2.9780     0.3347     0.0126     0.0000         10  0.000e+00
     10.363  39.199554    14.5321     10.421       2454 9.5216e-01    250.770    5.74856    55.2620     1.3133 1.4918e-04     3.9287     0.1506     2.9751     0.3174     0.0129     0.0000         10  0.000e+00
     10.577  39.180353    14.5126     10.635       2455 9.8146e-01    250.807    5.74942    55.2620     1.3119 2.0129e-05     3.9198     0.1505     2.9747     0.3272     0.0122     0.0000         10  0.000e+00
     10.758  39.173248    14.4879     10.818       2456 9.7734e-01    250.666    5.74628    55.2620     1.3076 1.0000e-12     3.9197     0.1503     2.9729     0.3258     0.0118     0.0000         10  0.000e+00
     10.897  39.164016    14.4686     10.958       2457 1.0419e+00    250.476    5.74197    55.2620     1.3161 1.0000e-12     3.9201     0.1508     2.9709     0.3473     0.0117     0.0000         10  0.000e+00
      2.842  39.363387    14.7303      2.858       2918 1.2179e+00    252.948    5.79819    55.2620     1.2665 3.8838e-02     3.9040     0.1481     3.0009     0.4060     0.1813     0.0000         11  0.000e+00
      2.703  39.363121    14.7299      2.718       2919 1.1975e+00    252.955    5.79836    55.2620     1.2821 4.2379e-02     3.9040     0.1489     3.0005     0.3992     0.1939     0.0000         11  0.000e+00
      2.553  39.363852    14.7296      2.567       2920 1.6509e+00    252.987    5.79908    55.2620     1.2906 3.8269e-02     3.9033     0.1494     3.0013     0.5503     0.1792     0.0000         11  0.000e+00
      2.414  39.363852    14.7294      2.427       2921 1.1460e+00    253.047    5.80047    55.2620     1.2735 5.0724e-02     3.9042     0.1485     3.0020     0.3820     0.2222     0.0000         11  0.000e+00
      2.275  39.364317    14.7293      2.288       2922 9.6887e-01    253.182    5.80355    55.2620     1.2679 4.8627e-02     3.9033     0.1482     3.0029     0.3230     0.2152     0.0000         11  0.000e+00
      2.147  39.364317    14.7297      2.159       2923 1.0146e+00    253.184    5.80360    55.2620     1.3005 5.5502e-02     3.8916     0.1499     3.0031     0.3382     0.2376     0.0000         11  0.000e+00
      2.082  39.363584    14.7299      2.094       2924 9.9474e-01    253.307    5.80643    55.2620     1.2963 5.8693e-02     3.8917     0.1497     3.0042     0.3316     0.2476     0.0000         11  0.000e+00
      2.039  39.364316    14.7298      2.051       2925 8.8922e-01    253.201    5.80400    55.2620     1.2679 6.3861e-02     3.8923     0.1482     3.0040     0.2964     0.2633     0.0000         11  0.000e+00
      2.029  39.364583    14.7298      2.040       2926 1.0032e+00    253.164    5.80315    55.2620     1.2665 6.7822e-02     3.8914     0.1481     3.0041     0.3344     0.2750     0.0000         11  0.000e+00
      2.114  39.365049    14.7301      2.125       2928 9.9588e-01    253.270    5.80558    55.2620     1.2863 5.3923e-02     3.8971     0.1492     3.0053     0.3320     0.2325     0.0000         12  0.000e+00
      2.178  39.365315    14.7304      2.190       2929 1.1030e+00    253.200    5.80398    55.2620     1.2849 4.1814e-02     3.8974     0.1491     3.0050     0.3677     0.1919     0.0000         12  0.000e+00
      2.295  39.365316    14.7305      2.308       2930 9.4965e-01    253.299    5.80625    55.2620     1.2551 3.1382e-02     3.8981     0.1475     3.0061     0.3165     0.1535     0.0000         12  0.000e+00
      2.359  39.365050    14.7305      2.372       2931 9.4347e-01    253.147    5.80277    55.2620     1.2934 3.7284e-02     3.8982     0.1495     3.0050     0.3145     0.1756     0.0000         12  0.000e+00
      2.402  39.365050    14.7306      2.415       2932 9.9199e-01    253.167    5.80321    55.2620     1.2721 2.8078e-02     3.8983     0.1484     3.0056     0.3307     0.1406     0.0000         12  0.000e+00
      2.466  39.365316    14.7308      2.479       2933 9.9176e-01    253.167    5.80322    55.2620     1.2707 3.8143e-02     3.8977     0.1483     3.0056     0.3306     0.1788     0.0000         12  0.000e+00
      2.434  39.365050    14.7308      2.447       2934 1.0497e+00    253.281    5.80582    55.2620     1.2693 4.4067e-02     3.9006     0.1482     3.0067     0.3499     0.1997     0.0000         12  0.000e+00
      2.380  39.364318    14.7310      2.393       2935 9.8512e-01    253.071    5.80102    55.2620     1.2764 4.7943e-02     3.9004     0.1486     3.0053     0.3284     0.2129     0.0000         12  0.000e+00
      2.294  39.364317    14.7303      2.307       2936 1.2012e+00    253.101    5.80170    55.2620     1.2963 6.1278e-02     3.9010     0.1497     3.0056     0.4004     0.2555     0.0000         12  0.000e+00
