inst/extdata/initial_example/ctd/Cnv/C285C-001-HC.cnv
* Sea-Bird SBE19plus Data File:
* FileName = C:\Data\CTD\Hex\C285C-001-HC.hex
* Software Version 1.24
* Temperature SN =  4447
* Conductivity SN =  4447
* System UpLoad Time = Jun 14 2019 01:00:10
** Station = C285C-001-HC
** NMEA (UTC) Time = 00:30
** NMEA Latitude = 41 12.7 N
** NMEA Longitude = 70 59.7 W
** Bottom Depth = 35
** Date = 14 June 2019
** Chief Scientist = Ben Harden
** General Locale = 
** C:\Data\CTD\Hex\4447201903_Tx0_CDOM1_DO2_Chl3_PAR4.con
** 4447 CTD 	Instrument	S/N	DWG #
** Voltage 0	Transmiss	CST-779PR	X
** Voltage 1	CDOM	WSCD-1258ad	X
** Voltage 2	DO	3328	x
** Voltage 3	Chl-a	SCF-3149	x
** Voltage 4	PAR	70187	x
** Voltage 5	Free	x	x
** 
# nquan = 27                                
# nvalues = 3562                        
# units = specified
# name 0 = depSM: Depth [salt water, m]
# name 1 = c0mS/cm: Conductivity [mS/cm]
# name 2 = tv290C: Temperature [ITS-90, deg C]
# name 3 = prdM: Pressure, Strain Gauge [db]
# name 4 = scan: Scan Count
# name 5 = flSP: Fluorescence, Seapoint
# name 6 = sbeox0Mm/Kg: Oxygen, SBE 43 [umol/Kg]
# name 7 = sbeox0ML/L: Oxygen, SBE 43 [ml/l]
# name 8 = bat: Beam Attenuation, Chelsea/Seatech/Wetlab CStar [1/m]
# name 9 = wetCDOM: Fluorescence, Wetlab CDOM [mg/m^3]
# name 10 = par: PAR/Irradiance, Biospherical/Licor
# name 11 = v0: Voltage 0
# name 12 = v1: Voltage 1
# name 13 = v2: Voltage 2
# name 14 = v3: Voltage 3
# name 15 = v4: Voltage 4
# name 16 = v5: Voltage 5
# name 17 = density00: Density [density, Kg/m^3]
# name 18 = sigma-é00: Density [sigma-theta, Kg/m^3]
# name 19 = depSM: Depth [salt water, m], lat = 30
# name 20 = oxsatML/L: Oxygen Saturation [ml/l]
# name 21 = potemp090C: Potential Temperature [ITS-90, deg C]
# name 22 = sal00: Salinity [PSU]
# name 23 = svCM: Sound Velocity [Chen-Millero, m/s]
# name 24 = sva: Specific Volume Anomaly [10^-8 * m^3/Kg]
# name 25 = tsa: Thermosteric Anomaly [10^-8 * m^3/Kg]
# name 26 = flag: flag
# span 0 =     -0.009,     29.879       
# span 1 =   0.010093,  38.433155       
# span 2 =    10.9069,    14.0299       
# span 3 =     -0.136,     30.203       
# span 4 =          1,       3562       
# span 5 = 7.7470e-02, 1.3847e+00       
# span 6 =    224.348,    328.854       
# span 7 =    5.14290,    7.35802       
# span 8 =    55.2620,    55.2620       
# span 9 =    -1.4880,     3.2782       
# span 10 = 9.5676e-07, 2.5579e+00      
# span 11 =     0.2653,     4.7222      
# span 12 =     0.0000,     0.2562      
# span 13 =     2.6508,     3.2488      
# span 14 =     0.0258,     0.4615      
# span 15 =     0.0114,     1.5222      
# span 16 =     0.0000,     0.0005      
# span 17 =   999.2505,  1024.6746      
# span 18 =    -0.7495,    24.5390      
# span 19 =     -0.135,     29.995      
# span 20 =    5.93290,    7.20370      
# span 21 =    10.9034,    14.0299      
# span 22 =     0.0111,    32.1056      
# span 23 =    1462.38,    1499.44      
# span 24 =    339.307,   2808.799      
# span 25 =    338.928,   2809.003      
# span 26 = 0.0000e+00, 0.0000e+00      
# interval = seconds: 0.25                        
# start_time = Jun 13 2019 17:27:37
# bad_flag = -9.990e-29
*END*
[from data line 645]
      0.002   0.037865    14.0096      0.009        646 8.0005e-02    328.546    7.35121    55.2620     3.0609 2.0553e+00     4.7083     0.2445     3.0678     0.0267     1.4304     0.0001   999.2648    -0.7352      0.009    7.20037    14.0096     0.0259    1462.46   2807.371   2807.575 -9.990e-29
      0.001   0.037423    14.0080     -0.013        647 7.9698e-02    328.453    7.34912    55.2620     3.0619 2.0580e+00     4.7079     0.2446     3.0674     0.0266     1.4310     0.0001   999.2648    -0.7352     -0.013    7.20063    14.0080     0.0256    1462.46   2807.368   2807.572 -9.990e-29
      0.001   0.037099    14.0060      0.009        648 7.9357e-02    328.381    7.34751    55.2620     3.0656 2.0554e+00     4.7075     0.2448     3.0671     0.0265     1.4304     0.0001   999.2650    -0.7350      0.009    7.20096    14.0060     0.0255    1462.45   2807.354   2807.558 -9.990e-29
      0.002   0.036906    14.0043     -0.002        649 7.9471e-02    328.345    7.34670    55.2620     3.0698 2.0473e+00     4.7070     0.2450     3.0670     0.0265     1.4288     0.0001   999.2651    -0.7349     -0.002    7.20123    14.0043     0.0254    1462.44   2807.339   2807.543 -9.990e-29
      0.001   0.036822    14.0027      0.020        650 7.9843e-02    328.343    7.34665    55.2620     3.0725 2.0350e+00     4.7064     0.2452     3.0669     0.0266     1.4263     0.0001   999.2654    -0.7347      0.020    7.20149    14.0027     0.0253    1462.44   2807.320   2807.524 -9.990e-29
     -0.001   0.036833    14.0025     -0.013        651 7.9961e-02    328.369    7.34724    55.2620     3.0729 2.0204e+00     4.7060     0.2452     3.0670     0.0267     1.4233     0.0001   999.2653    -0.7347     -0.013    7.20152    14.0025     0.0253    1462.44   2807.317   2807.521 -9.990e-29
     -0.002   0.036920    14.0026     -0.013        652 7.9870e-02    328.407    7.34809    55.2620     3.0721 2.0060e+00     4.7055     0.2452     3.0671     0.0266     1.4203     0.0001   999.2653    -0.7346     -0.013    7.20150    14.0026     0.0254    1462.44   2807.315   2807.518 -9.990e-29
     -0.001   0.037045    14.0032      0.009        653 7.9960e-02    328.445    7.34893    55.2620     3.0727 1.9956e+00     4.7051     0.2452     3.0671     0.0266     1.4181     0.0001   999.2654    -0.7347      0.009    7.20140    14.0032     0.0254    1462.44   2807.317   2807.521 -9.990e-29
     -0.000   0.037171    14.0037     -0.013        654 8.0346e-02    328.491    7.34997    55.2620     3.0754 1.9904e+00     4.7047     0.2453     3.0671     0.0268     1.4170     0.0002   999.2653    -0.7347     -0.013    7.20132    14.0037     0.0255    1462.44   2807.319   2807.523 -9.990e-29
      0.002   0.037274    14.0041     -0.002        655 8.0748e-02    328.538    7.35103    55.2620     3.0793 1.9884e+00     4.7045     0.2455     3.0672     0.0269     1.4166     0.0002   999.2653    -0.7347     -0.002    7.20125    14.0041     0.0256    1462.44   2807.320   2807.524 -9.990e-29
      0.005   0.037335    14.0043     -0.002        656 8.0787e-02    328.566    7.35165    55.2620     3.0824 1.9886e+00     4.7044     0.2457     3.0672     0.0269     1.4167     0.0002   999.2653    -0.7347     -0.002    7.20122    14.0043     0.0256    1462.44   2807.320   2807.524 -9.990e-29
      0.010   0.037333    14.0040      0.020        657 8.0549e-02    328.567    7.35167    55.2620     3.0810 1.9899e+00     4.7042     0.2456     3.0672     0.0268     1.4170     0.0001   999.2654    -0.7347      0.020    7.20127    14.0040     0.0256    1462.44   2807.316   2807.520 -9.990e-29
      0.013   0.037271    14.0037      0.020        658 8.0320e-02    328.549    7.35126    55.2620     3.0764 1.9922e+00     4.7038     0.2454     3.0671     0.0267     1.4175     0.0001   999.2654    -0.7346      0.020    7.20132    14.0037     0.0256    1462.44   2807.314   2807.519 -9.990e-29
      0.014   0.037145    14.0033      0.020        659 8.0454e-02    328.529    7.35081    55.2620     3.0735 1.9962e+00     4.7031     0.2452     3.0670     0.0268     1.4183     0.0000   999.2654    -0.7346      0.020    7.20138    14.0033     0.0255    1462.44   2807.314   2807.518 -9.990e-29
      0.013   0.036952    14.0020      0.020        660 8.0999e-02    328.516    7.35052    55.2620     3.0746 2.0027e+00     4.7023     0.2453     3.0670     0.0270     1.4196     0.0000   999.2655    -0.7345      0.020    7.20159    14.0020     0.0254    1462.44   2807.304   2807.509 -9.990e-29
      0.012   0.036718    14.0005      0.009        661 8.1583e-02    328.509    7.35039    55.2620     3.0769 2.0120e+00     4.7018     0.2454     3.0670     0.0272     1.4216     0.0000   999.2656    -0.7344      0.009    7.20184    14.0005     0.0252    1462.43   2807.294   2807.498 -9.990e-29
      0.010   0.036459    13.9990      0.009        662 8.1904e-02    328.509    7.35037    55.2620     3.0750 2.0227e+00     4.7018     0.2453     3.0670     0.0273     1.4238     0.0000   999.2657    -0.7343      0.009    7.20208    13.9990     0.0251    1462.42   2807.284   2807.488 -9.990e-29
      0.010   0.036198    13.9981     -0.002        663 8.1895e-02    328.504    7.35027    55.2620     3.0705 2.0322e+00     4.7020     0.2451     3.0669     0.0273     1.4257     0.0001   999.2657    -0.7343     -0.002    7.20223    13.9981     0.0250    1462.42   2807.283   2807.487 -9.990e-29
      0.011   0.035956    13.9975      0.009        664 8.1781e-02    328.489    7.34993    55.2620     3.0701 2.0386e+00     4.7021     0.2450     3.0668     0.0272     1.4271     0.0001   999.2657    -0.7344      0.009    7.20233    13.9975     0.0248    1462.42   2807.285   2807.489 -9.990e-29
      0.012   0.035749    13.9964      0.020        665 8.1656e-02    328.466    7.34941    55.2620     3.0766 2.0412e+00     4.7022     0.2454     3.0666     0.0272     1.4276     0.0001   999.2658    -0.7343      0.020    7.20251    13.9964     0.0247    1462.41   2807.278   2807.483 -9.990e-29
      0.012   0.035635    13.9955      0.020        666 8.1577e-02    328.445    7.34894    55.2620     3.0850 2.0399e+00     4.7023     0.2458     3.0665     0.0272     1.4273     0.0001   999.2659    -0.7342      0.020    7.20266    13.9955     0.0246    1462.41   2807.271   2807.475 -9.990e-29
      0.011   0.035657    13.9955      0.020        667 8.1644e-02    328.437    7.34877    55.2620     3.0899 2.0349e+00     4.7024     0.2461     3.0664     0.0272     1.4263     0.0000   999.2659    -0.7342      0.020    7.20266    13.9955     0.0247    1462.41   2807.270   2807.474 -9.990e-29
      0.009   0.035800    13.9959     -0.012        668 8.1618e-02    328.448    7.34902    55.2620     3.0893 2.0258e+00     4.7024     0.2461     3.0665     0.0272     1.4244     0.0000   999.2657    -0.7342     -0.012    7.20259    13.9959     0.0247    1462.41   2807.270   2807.473 -9.990e-29
      0.009   0.036052    13.9963      0.009        669 8.1368e-02    328.470    7.34950    55.2620     3.0840 2.0146e+00     4.7024     0.2458     3.0666     0.0271     1.4221     0.0001   999.2659    -0.7341      0.009    7.20252    13.9963     0.0249    1462.41   2807.264   2807.468 -9.990e-29
      0.010   0.036357    13.9965      0.020        670 8.1087e-02    328.491    7.34998    55.2620     3.0801 2.0048e+00     4.7024     0.2456     3.0667     0.0270     1.4201     0.0001   999.2661    -0.7340      0.020    7.20248    13.9965     0.0250    1462.42   2807.253   2807.458 -9.990e-29
      0.009   0.036614    13.9969      0.009        671 8.0884e-02    328.515    7.35051    55.2620     3.0809 1.9974e+00     4.7025     0.2456     3.0667     0.0270     1.4186     0.0001   999.2661    -0.7340      0.009    7.20241    13.9969     0.0252    1462.42   2807.248   2807.452 -9.990e-29
      0.008   0.036750    13.9969      0.009        672 8.0750e-02    328.534    7.35094    55.2620     3.0829 1.9920e+00     4.7026     0.2458     3.0667     0.0269     1.4174     0.0001   999.2661    -0.7339      0.009    7.20241    13.9969     0.0253    1462.42   2807.242   2807.446 -9.990e-29
      0.007   0.036720    13.9973     -0.001        673 8.0771e-02    328.539    7.35105    55.2620     3.0810 1.9888e+00     4.7027     0.2457     3.0666     0.0269     1.4167     0.0001   999.2660    -0.7340     -0.001    7.20235    13.9973     0.0252    1462.42   2807.249   2807.453 -9.990e-29
      0.006   0.036516    13.9973      0.009        674 8.1060e-02    328.531    7.35086    55.2620     3.0750 1.9867e+00     4.7027     0.2453     3.0666     0.0270     1.4163     0.0000   999.2660    -0.7341      0.009    7.20235    13.9973     0.0251    1462.42   2807.258   2807.462 -9.990e-29
      0.007   0.036161    13.9975     -0.001        675 8.1663e-02    328.503    7.35024    55.2620     3.0694 1.9850e+00     4.7027     0.2450     3.0665     0.0272     1.4159     0.0000   999.2657    -0.7343     -0.001    7.20233    13.9975     0.0249    1462.42   2807.276   2807.480 -9.990e-29
      0.008   0.035696    13.9980      0.009        676 8.2208e-02    328.468    7.34945    55.2620     3.0677 1.9841e+00     4.7027     0.2449     3.0664     0.0274     1.4158     0.0000   999.2655    -0.7345      0.009    7.20226    13.9980     0.0247    1462.42   2807.303   2807.507 -9.990e-29
      0.009   0.035168    13.9982      0.020        677 8.2121e-02    328.445    7.34895    55.2620     3.0700 1.9837e+00     4.7027     0.2451     3.0663     0.0274     1.4157     0.0000   999.2653    -0.7348      0.020    7.20224    13.9982     0.0244    1462.42   2807.328   2807.533 -9.990e-29
      0.009   0.034616    13.9983      0.009        678 8.1671e-02    328.438    7.34878    55.2620     3.0709 1.9829e+00     4.7027     0.2451     3.0663     0.0272     1.4155     0.0000   999.2650    -0.7350      0.009    7.20224    13.9983     0.0241    1462.42   2807.354   2807.558 -9.990e-29
      0.008   0.034070    13.9987     -0.001        679 8.1393e-02    328.440    7.34882    55.2620     3.0702 1.9826e+00     4.7026     0.2451     3.0664     0.0271     1.4154     0.0000   999.2647    -0.7353     -0.001    7.20219    13.9987     0.0238    1462.42   2807.383   2807.587 -9.990e-29
      0.009   0.033574    13.9991     -0.001        680 8.1304e-02    328.450    7.34905    55.2620     3.0710 1.9834e+00     4.7025     0.2451     3.0664     0.0271     1.4156     0.0001   999.2644    -0.7356     -0.001    7.20214    13.9991     0.0235    1462.42   2807.410   2807.614 -9.990e-29
      0.011   0.033146    13.9989      0.020        681 8.1289e-02    328.466    7.34941    55.2620     3.0704 1.9848e+00     4.7024     0.2451     3.0664     0.0271     1.4159     0.0001   999.2643    -0.7358      0.020    7.20218    13.9989     0.0233    1462.42   2807.425   2807.629 -9.990e-29
      0.012   0.032770    13.9991      0.020        682 8.1452e-02    328.482    7.34976    55.2620     3.0688 1.9871e+00     4.7025     0.2450     3.0665     0.0271     1.4164     0.0001   999.2642    -0.7359      0.020    7.20216    13.9991     0.0231    1462.42   2807.444   2807.648 -9.990e-29
      0.011   0.032437    13.9994      0.020        683 8.1804e-02    328.491    7.34995    55.2620     3.0691 1.9899e+00     4.7026     0.2450     3.0665     0.0273     1.4170     0.0000   999.2640    -0.7361      0.020    7.20212    13.9994     0.0229    1462.42   2807.462   2807.667 -9.990e-29
      0.009   0.032148    13.9997     -0.001        684 8.2151e-02    328.490    7.34994    55.2620     3.0723 1.9911e+00     4.7027     0.2451     3.0664     0.0274     1.4172     0.0000   999.2637    -0.7363     -0.001    7.20208    13.9997     0.0227    1462.42   2807.479   2807.683 -9.990e-29
      0.009   0.031905    13.9997     -0.001        685 8.2310e-02    328.494    7.35002    55.2620     3.0751 1.9894e+00     4.7027     0.2453     3.0664     0.0274     1.4169     0.0001   999.2636    -0.7364     -0.001    7.20208    13.9997     0.0226    1462.42   2807.490   2807.694 -9.990e-29
      0.010   0.031724    13.9999      0.009        686 8.1988e-02    328.514    7.35048    55.2620     3.0746 1.9851e+00     4.7028     0.2453     3.0666     0.0273     1.4160     0.0001   999.2635    -0.7365      0.009    7.20206    13.9999     0.0225    1462.42   2807.500   2807.704 -9.990e-29
      0.011   0.031598    13.9999      0.031        687 8.1403e-02    328.554    7.35137    55.2620     3.0733 1.9799e+00     4.7029     0.2452     3.0668     0.0271     1.4149     0.0001   999.2636    -0.7366      0.031    7.20206    13.9999     0.0224    1462.42   2807.505   2807.710 -9.990e-29
      0.011   0.031481    13.9997     -0.012        688 8.1163e-02    328.591    7.35219    55.2620     3.0725 1.9752e+00     4.7029     0.2452     3.0669     0.0270     1.4139     0.0001   999.2634    -0.7366     -0.012    7.20209    13.9997     0.0224    1462.42   2807.508   2807.712 -9.990e-29
      0.012   0.031344    13.9998      0.020        689 8.1356e-02    328.594    7.35225    55.2620     3.0737 1.9710e+00     4.7029     0.2452     3.0669     0.0271     1.4130     0.0001   999.2634    -0.7366      0.020    7.20208    13.9998     0.0223    1462.42   2807.515   2807.719 -9.990e-29
      0.013   0.031171    13.9995      0.020        690 8.1470e-02    328.575    7.35184    55.2620     3.0758 1.9676e+00     4.7028     0.2453     3.0668     0.0271     1.4123     0.0001   999.2634    -0.7367      0.020    7.20213    13.9995     0.0222    1462.42   2807.518   2807.722 -9.990e-29
      0.012   0.030939    13.9995      0.010        691 8.1198e-02    328.568    7.35168    55.2620     3.0764 1.9654e+00     4.7027     0.2454     3.0668     0.0270     1.4118     0.0001   999.2633    -0.7368      0.010    7.20214    13.9995     0.0221    1462.42   2807.528   2807.732 -9.990e-29
      0.011   0.030662    13.9989      0.020        692 8.1003e-02    328.567    7.35165    55.2620     3.0761 1.9639e+00     4.7026     0.2454     3.0668     0.0270     1.4115     0.0001   999.2633    -0.7368      0.020    7.20224    13.9989     0.0219    1462.42   2807.531   2807.736 -9.990e-29
      0.011   0.030371    13.9981     -0.012        693 8.0985e-02    328.554    7.35136    55.2620     3.0762 1.9630e+00     4.7026     0.2454     3.0668     0.0270     1.4113     0.0000   999.2631    -0.7368     -0.012    7.20237    13.9981     0.0218    1462.42   2807.533   2807.737 -9.990e-29
      0.012   0.030077    13.9978      0.020        694 8.0987e-02    328.540    7.35105    55.2620     3.0756 1.9636e+00     4.7025     0.2453     3.0668     0.0270     1.4114     0.0000   999.2632    -0.7369      0.020    7.20243    13.9978     0.0216    1462.42   2807.541   2807.745 -9.990e-29
      0.013   0.029804    13.9980      0.020        695 8.1161e-02    328.526    7.35073    55.2620     3.0741 1.9674e+00     4.7025     0.2453     3.0668     0.0270     1.4122     0.0000   999.2630    -0.7371      0.020    7.20240    13.9980     0.0214    1462.42   2807.555   2807.760 -9.990e-29
      0.013   0.029587    13.9983      0.010        696 8.1357e-02    328.508    7.35032    55.2620     3.0762 1.9737e+00     4.7024     0.2454     3.0667     0.0271     1.4136     0.0000   999.2629    -0.7372      0.010    7.20236    13.9983     0.0213    1462.42   2807.569   2807.773 -9.990e-29
      0.013   0.029452    13.9986      0.010        697 8.1488e-02    328.488    7.34987    55.2620     3.0826 1.9800e+00     4.7021     0.2457     3.0666     0.0272     1.4149     0.0000   999.2628    -0.7373      0.010    7.20232    13.9986     0.0213    1462.42   2807.579   2807.783 -9.990e-29
