inst/extdata/initial_example/ctd/Cnv/C285C-005-HC.cnv
* Sea-Bird SBE19plus Data File:
* FileName = C:\Data\CTD\Hex\C285C-005-HC.hex
* Software Version 1.24
* Temperature SN =  4447
* Conductivity SN =  4447
* System UpLoad Time = Jun 15 2019 01:08:52
** Station = C285C-005-HC
** NMEA (UTC) Time = 0035
** NMEA Latitude = 41 02.2'N
** NMEA Longitude = 071 03.7'W
** Bottom Depth = 43
** Date = 14 June 2019
** Chief Scientist = Ben Harden
** General Locale = 
** C:\Data\CTD\Hex\4447201903_Tx0_CDOM1_DO2_Chl3_PAR4.con
** 4447 CTD 	Instrument	S/N	DWG #
** Voltage 0	Transmiss	CST-779PR	X
** Voltage 1	CDOM	WSCD-1258ad	X
** Voltage 2	DO	3328	x
** Voltage 3	Chl-a	SCF-3149	x
** Voltage 4	PAR	70187	x
** Voltage 5	Free	x	x
** 
# nquan = 27                                
# nvalues = 3096                        
# units = specified
# name 0 = depSM: Depth [salt water, m]
# name 1 = c0mS/cm: Conductivity [mS/cm]
# name 2 = tv290C: Temperature [ITS-90, deg C]
# name 3 = prdM: Pressure, Strain Gauge [db]
# name 4 = scan: Scan Count
# name 5 = flSP: Fluorescence, Seapoint
# name 6 = sbeox0Mm/Kg: Oxygen, SBE 43 [umol/Kg]
# name 7 = sbeox0ML/L: Oxygen, SBE 43 [ml/l]
# name 8 = bat: Beam Attenuation, Chelsea/Seatech/Wetlab CStar [1/m]
# name 9 = wetCDOM: Fluorescence, Wetlab CDOM [mg/m^3]
# name 10 = par: PAR/Irradiance, Biospherical/Licor
# name 11 = v0: Voltage 0
# name 12 = v1: Voltage 1
# name 13 = v2: Voltage 2
# name 14 = v3: Voltage 3
# name 15 = v4: Voltage 4
# name 16 = v5: Voltage 5
# name 17 = density00: Density [density, Kg/m^3]
# name 18 = sigma-é00: Density [sigma-theta, Kg/m^3]
# name 19 = depSM: Depth [salt water, m], lat = 30
# name 20 = oxsatML/L: Oxygen Saturation [ml/l]
# name 21 = potemp090C: Potential Temperature [ITS-90, deg C]
# name 22 = sal00: Salinity [PSU]
# name 23 = svCM: Sound Velocity [Chen-Millero, m/s]
# name 24 = sva: Specific Volume Anomaly [10^-8 * m^3/Kg]
# name 25 = tsa: Thermosteric Anomaly [10^-8 * m^3/Kg]
# name 26 = flag: flag
# span 0 =      0.076,     39.535       
# span 1 =   0.001662,  39.446019       
# span 2 =     8.9683,    15.5523       
# span 3 =      0.054,     39.820       
# span 4 =          1,       3096       
# span 5 = 6.8222e-02, 1.8969e+00       
# span 6 =    212.025,    345.639       
# span 7 =    4.86599,    7.92977       
# span 8 =    55.2620,    55.2620       
# span 9 =     0.7828,     3.1780       
# span 10 = 1.5601e-07, 3.7343e+00      
# span 11 =     0.9246,     4.5415      
# span 12 =     0.1221,     0.2509      
# span 13 =     2.3690,     3.5818      
# span 14 =     0.0227,     0.6323      
# span 15 =     0.0116,     1.6805      
# span 16 =     0.0000,     0.0003      
# span 17 =   999.0228,  1025.2539      
# span 18 =    -0.9776,    25.0801      
# span 19 =      0.054,     39.545      
# span 20 =    5.81604,    7.03681      
# span 21 =     8.9648,    15.5523      
# span 22 =     0.0082,    32.3917      
# span 23 =    1466.46,    1502.66      
# span 24 =    287.693,   2831.651      
# span 25 =    287.397,   2831.856      
# span 26 = 0.0000e+00, 0.0000e+00      
# interval = seconds: 0.25                        
# start_time = Jun 14 2019 17:33:39
# bad_flag = -9.990e-29
*END*
[from data line 591]
      6.194  39.395120    14.7291      6.279        592 1.0012e+00    238.214    5.46058    55.2620     1.3229 1.7112e-01     3.8920     0.1511     2.8517     0.3337     0.5029 4.1841e-12  1023.7675    23.7397      6.236    5.82417    14.7282    32.0280    1502.45    415.050    415.097 -9.990e-29
      6.136  39.391414    14.7293      6.236        593 9.9901e-01    239.440    5.48868    55.2620     1.3407 1.7126e-01     3.8925     0.1521     2.8582     0.3330     0.5032 6.9736e-12  1023.7646    23.7370      6.193    5.82427    14.7284    32.0245    1502.45    415.311    415.359 -9.990e-29
      6.064  39.384383    14.7257      6.150        594 9.9232e-01    240.810    5.52005    55.2620     1.3521 1.7255e-01     3.8927     0.1527     2.8658     0.3308     0.5053 1.1623e-11  1023.7624    23.7351      6.108    5.82482    14.7248    32.0212    1502.43    415.484    415.534 -9.990e-29
      5.977  39.375286    14.7206      6.074        595 9.8600e-01    242.271    5.55350    55.2620     1.3391 1.7514e-01     3.8926     0.1520     2.8743     0.3287     0.5096 1.9371e-11  1023.7600    23.7331      6.033    5.82556    14.7197    32.0171    1502.41    415.674    415.726 -9.990e-29
      5.877  39.367516    14.7170      5.935        596 9.8362e-01    243.757    5.58755    55.2620     1.3156 1.7905e-01     3.8924     0.1507     2.8833     0.3279     0.5160 3.2285e-11  1023.7571    23.7308      5.895    5.82613    14.7161    32.0131    1502.39    415.894    415.950 -9.990e-29
      5.766  39.362481    14.7151      5.848        597 9.9058e-01    245.309    5.62312    55.2620     1.2982 1.8395e-01     3.8920     0.1498     2.8933     0.3302     0.5240 5.3808e-11  1023.7548    23.7289      5.808    5.82647    14.7143    32.0102    1502.38    416.071    416.129 -9.990e-29
      5.649  39.359363    14.7140      5.677        598 1.0059e+00    247.066    5.66338    55.2620     1.2859 1.9004e-01     3.8917     0.1491     2.9053     0.3353     0.5336 8.9681e-11  1023.7528    23.7277      5.638    5.82666    14.7132    32.0083    1502.37    416.181    416.244 -9.990e-29
      5.530  39.357409    14.7135      5.537        599 1.0124e+00    249.171    5.71164    55.2620     1.2757 1.9737e-01     3.8914     0.1486     2.9200     0.3375     0.5451 1.4947e-10  1023.7513    23.7268      5.499    5.82677    14.7127    32.0070    1502.37    416.264    416.329 -9.990e-29
      5.418  39.356166    14.7131      5.386        600 9.9300e-01    251.690    5.76939    55.2620     1.2658 2.0533e-01     3.8913     0.1481     2.9376     0.3310     0.5573 2.4911e-10  1023.7502    23.7263      5.349    5.82684    14.7123    32.0063    1502.36    416.306    416.376 -9.990e-29
      5.321  39.355349    14.7127      5.258        601 9.5970e-01    254.562    5.83523    55.2620     1.2570 2.1300e-01     3.8914     0.1476     2.9574     0.3199     0.5688 4.1519e-10  1023.7494    23.7261      5.222    5.82690    14.7119    32.0059    1502.36    416.322    416.394 -9.990e-29
      5.248  39.354823    14.7127      5.139        602 9.3620e-01    257.639    5.90577    55.2620     1.2520 2.1987e-01     3.8919     0.1473     2.9784     0.3121     0.5789 6.9198e-10  1023.7485    23.7258      5.104    5.82692    14.7120    32.0055    1502.35    416.350    416.426 -9.990e-29
      5.206  39.354508    14.7131      5.086        603 9.2900e-01    260.752    5.97713    55.2620     1.2498 2.2568e-01     3.8926     0.1472     2.9995     0.3097     0.5872 1.1533e-09  1023.7477    23.7252      5.051    5.82689    14.7124    32.0049    1502.35    416.401    416.478 -9.990e-29
      5.203  39.354285    14.7129      5.053        604 9.2922e-01    263.727    6.04531    55.2620     1.2477 2.2979e-01     3.8934     0.1471     3.0201     0.3098     0.5930 1.9222e-09  1023.7476    23.7252      5.019    5.82692    14.7122    32.0048    1502.35    416.398    416.476 -9.990e-29
      5.242  39.354064    14.7119      5.107        605 9.3237e-01    266.390    6.10636    55.2620     1.2467 2.3106e-01     3.8941     0.1470     3.0395     0.3108     0.5946 3.2036e-09  1023.7485    23.7259      5.072    5.82701    14.7112    32.0054    1502.35    416.335    416.411 -9.990e-29
      5.321  39.353834    14.7110      5.204        606 9.3660e-01    268.596    6.15693    55.2620     1.2470 2.2857e-01     3.8948     0.1470     3.0573     0.3122     0.5908 5.3394e-09  1023.7495    23.7265      5.169    5.82710    14.7102    32.0059    1502.35    416.283    416.357 -9.990e-29
      5.437  39.353597    14.7106      5.344        607 9.3600e-01    270.286    6.19568    55.2620     1.2450 2.2209e-01     3.8953     0.1469     3.0734     0.3120     0.5811 8.8989e-09  1023.7503    23.7266      5.308    5.82715    14.7098    32.0060    1502.35    416.274    416.344 -9.990e-29
      5.583  39.353417    14.7095      5.526        608 9.3499e-01    271.505    6.22362    55.2620     1.2398 2.1193e-01     3.8956     0.1466     3.0879     0.3117     0.5658 1.4832e-08  1023.7519    23.7274      5.488    5.82725    14.7087    32.0067    1502.35    416.206    416.272 -9.990e-29
      5.747  39.353394    14.7087      5.774        609 9.3372e-01    272.340    6.24276    55.2620     1.2350 1.9946e-01     3.8958     0.1464     3.1010     0.3112     0.5467 2.4719e-08  1023.7536    23.7280      5.735    5.82733    14.7079    32.0072    1502.35    416.156    416.216 -9.990e-29
      5.915  39.353551    14.7083      5.989        610 9.2609e-01    272.879    6.25512    55.2620     1.2326 1.8676e-01     3.8959     0.1462     3.1127     0.3087     0.5266 4.1199e-08  1023.7549    23.7284      5.948    5.82736    14.7074    32.0076    1502.36    416.125    416.180 -9.990e-29
      6.072  39.353863    14.7079      6.204        611 9.2062e-01    273.211    6.26273    55.2620     1.2312 1.7561e-01     3.8959     0.1462     3.1231     0.3069     0.5084 6.8665e-08  1023.7564    23.7289      6.162    5.82739    14.7070    32.0081    1502.36    416.083    416.132 -9.990e-29
      6.207  39.354284    14.7074      6.354        612 9.2622e-01    273.407    6.26722    55.2620     1.2307 1.6676e-01     3.8958     0.1462     3.1323     0.3087     0.4936 1.1444e-07  1023.7577    23.7295      6.311    5.82742    14.7065    32.0089    1502.36    416.023    416.068 -9.990e-29
      6.314  39.354737    14.7074      6.483        613 9.4195e-01    273.510    6.26958    55.2620     1.2306 1.6035e-01     3.8957     0.1462     3.1405     0.3140     0.4826 1.9074e-07  1023.7585    23.7298      6.439    5.82741    14.7065    32.0092    1502.36    416.000    416.042 -9.990e-29
      6.386  39.355151    14.7072      6.591        614 9.6091e-01    273.553    6.27058    55.2620     1.2304 1.5683e-01     3.8954     0.1462     3.1476     0.3203     0.4765 3.1789e-07  1023.7595    23.7303      6.546    5.82742    14.7062    32.0097    1502.37    415.962    416.001 -9.990e-29
      6.418  39.355494    14.7073      6.644        615 9.7085e-01    273.571    6.27099    55.2620     1.2311 1.5647e-01     3.8950     0.1462     3.1540     0.3237     0.4759 5.2982e-07  1023.7598    23.7304      6.599    5.82740    14.7063    32.0099    1502.37    415.950    415.988 -9.990e-29
      6.402  39.355751    14.7075      6.644        616 9.6694e-01    273.570    6.27098    55.2620     1.2332 1.5939e-01     3.8944     0.1463     3.1597     0.3224     0.4810 5.8443e-07  1023.7598    23.7304      6.599    5.82737    14.7065    32.0100    1502.37    415.949    415.987 -9.990e-29
      6.338  39.355898    14.7076      6.548        617 9.5809e-01    273.545    6.27040    55.2620     1.2364 1.6547e-01     3.8940     0.1465     3.1646     0.3194     0.4916 4.9630e-07  1023.7595    23.7304      6.503    5.82736    14.7067    32.0101    1502.37    415.942    415.982 -9.990e-29
      6.230  39.355924    14.7078      6.397        618 9.5828e-01    273.489    6.26911    55.2620     1.2406 1.7413e-01     3.8937     0.1467     3.1688     0.3195     0.5064 5.4050e-07  1023.7587    23.7303      6.353    5.82734    14.7069    32.0100    1502.37    415.948    415.992 -9.990e-29
      6.092  39.355886    14.7080      6.193        619 9.6738e-01    273.415    6.26743    55.2620     1.2457 1.8427e-01     3.8934     0.1470     3.1723     0.3225     0.5233 7.2884e-07  1023.7576    23.7302      6.151    5.82732    14.7071    32.0099    1502.36    415.956    416.005 -9.990e-29
      5.937  39.355836    14.7081      5.957        620 9.7311e-01    273.353    6.26601    55.2620     1.2517 1.9416e-01     3.8930     0.1473     3.1756     0.3244     0.5394     0.0000  1023.7565    23.7301      5.916    5.82731    14.7072    32.0099    1502.36    415.955    416.010 -9.990e-29
      5.783  39.355775    14.7081      5.763        621 9.7345e-01    273.321    6.26526    55.2620     1.2577 2.0244e-01     3.8924     0.1476     3.1786     0.3245     0.5526     0.0000  1023.7557    23.7301      5.724    5.82731    14.7073    32.0099    1502.36    415.949    416.009 -9.990e-29
      5.643  39.355717    14.7083      5.559        622 9.7525e-01    273.328    6.26543    55.2620     1.2621 2.0890e-01     3.8913     0.1478     3.1816     0.3251     0.5627     0.0000  1023.7546    23.7300      5.521    5.82729    14.7075    32.0097    1502.35    415.958    416.023 -9.990e-29
      5.530  39.355709    14.7084      5.419        623 9.8173e-01    273.377    6.26653    55.2620     1.2636 2.1406e-01     3.8898     0.1479     3.1844     0.3272     0.5706     0.0000  1023.7539    23.7299      5.382    5.82728    14.7076    32.0097    1502.35    415.959    416.028 -9.990e-29
      5.452  39.355810    14.7095      5.323        624 9.8693e-01    273.461    6.26847    55.2620     1.2618 2.1749e-01     3.8881     0.1478     3.1870     0.3290     0.5757     0.0000  1023.7527    23.7291      5.287    5.82717    14.7087    32.0089    1502.35    416.036    416.107 -9.990e-29
      5.413  39.356049    14.7107      5.258        625 9.8675e-01    273.573    6.27104    55.2620     1.2572 2.1829e-01     3.8861     0.1476     3.1895     0.3289     0.5770     0.0000  1023.7516    23.7283      5.222    5.82706    14.7099    32.0082    1502.35    416.114    416.186 -9.990e-29
      5.416  39.356316    14.7114      5.312        626 9.8731e-01    273.705    6.27407    55.2620     1.2511 2.1636e-01     3.8839     0.1473     3.1919     0.3291     0.5742     0.0000  1023.7514    23.7279      5.276    5.82699    14.7106    32.0078    1502.36    416.155    416.227 -9.990e-29
      5.452  39.356443    14.7109      5.398        627 9.9511e-01    273.856    6.27753    55.2620     1.2447 2.1201e-01     3.8828     0.1469     3.1941     0.3317     0.5677     0.0000  1023.7523    23.7283      5.361    5.82703    14.7101    32.0083    1502.36    416.111    416.180 -9.990e-29
      5.509  39.356432    14.7108      5.506        628 1.0129e+00    274.006    6.28098    55.2620     1.2396 2.0605e-01     3.8832     0.1467     3.1963     0.3376     0.5588     0.0001  1023.7528    23.7284      5.468    5.82704    14.7100    32.0083    1502.36    416.109    416.176 -9.990e-29
      5.575  39.356396    14.7107      5.624        629 1.0375e+00    274.135    6.28393    55.2620     1.2369 1.9984e-01     3.8852     0.1465     3.1982     0.3458     0.5493     0.0001  1023.7533    23.7284      5.586    5.82705    14.7099    32.0083    1502.36    416.110    416.173 -9.990e-29
      5.638  39.356355    14.7108      5.710        630 1.0546e+00    274.223    6.28595    55.2620     1.2360 1.9437e-01     3.8882     0.1464     3.1999     0.3515     0.5409     0.0001  1023.7536    23.7283      5.671    5.82704    14.7100    32.0082    1502.36    416.125    416.187 -9.990e-29
      5.690  39.356300    14.7108      5.796        631 1.0509e+00    274.259    6.28676    55.2620     1.2351 1.9057e-01     3.8905     0.1464     3.2011     0.3503     0.5349     0.0000  1023.7539    23.7282      5.756    5.82705    14.7100    32.0081    1502.36    416.133    416.193 -9.990e-29
      5.726  39.356263    14.7106      5.839        632 1.0291e+00    274.243    6.28640    55.2620     1.2335 1.8929e-01     3.8913     0.1463     3.2020     0.3430     0.5330 2.2569e-08  1023.7542    23.7284      5.799    5.82707    14.7098    32.0082    1502.36    416.122    416.180 -9.990e-29
      5.741  39.356280    14.7108      5.860        633 9.9940e-01    274.180    6.28495    55.2620     1.2318 1.9010e-01     3.8913     0.1462     3.2026     0.3331     0.5343 3.7615e-08  1023.7542    23.7282      5.820    5.82705    14.7100    32.0081    1502.36    416.138    416.196 -9.990e-29
      5.738  39.356338    14.7111      5.817        634 9.7373e-01    274.080    6.28266    55.2620     1.2303 1.9240e-01     3.8910     0.1461     3.2030     0.3246     0.5380 6.2692e-08  1023.7538    23.7280      5.777    5.82702    14.7103    32.0079    1502.36    416.156    416.215 -9.990e-29
      5.722  39.356371    14.7114      5.785        635 9.6038e-01    273.969    6.28010    55.2620     1.2293 1.9610e-01     3.8905     0.1461     3.2033     0.3201     0.5438 1.0449e-07  1023.7534    23.7278      5.746    5.82699    14.7106    32.0077    1502.36    416.177    416.236 -9.990e-29
      5.700  39.356323    14.7120      5.710        636 9.5687e-01    273.873    6.27791    55.2620     1.2294 2.0038e-01     3.8901     0.1461     3.2037     0.3190     0.5505 1.7414e-07  1023.7525    23.7272      5.671    5.82694    14.7112    32.0072    1502.36    416.224    416.286 -9.990e-29
      5.682  39.356149    14.7118      5.667        637 9.5850e-01    273.810    6.27647    55.2620     1.2299 2.0399e-01     3.8900     0.1461     3.2041     0.3195     0.5560 2.9024e-07  1023.7524    23.7273      5.628    5.82696    14.7110    32.0072    1502.36    416.217    416.280 -9.990e-29
      5.674  39.355825    14.7109      5.656        638 9.5664e-01    273.795    6.27611    55.2620     1.2309 2.0590e-01     3.8902     0.1462     3.2046     0.3189     0.5589 4.8373e-07  1023.7529    23.7278      5.617    5.82705    14.7101    32.0077    1502.36    416.166    416.229 -9.990e-29
      5.679  39.355443    14.7103      5.635        639 9.4850e-01    273.821    6.27672    55.2620     1.2319 2.0547e-01     3.8909     0.1462     3.2052     0.3162     0.5583 4.8373e-07  1023.7531    23.7281      5.597    5.82712    14.7095    32.0078    1502.36    416.142    416.205 -9.990e-29
      5.701  39.355153    14.7103      5.678        640 9.4767e-01    273.876    6.27799    55.2620     1.2319 2.0284e-01     3.8919     0.1462     3.2058     0.3159     0.5542 2.9024e-07  1023.7530    23.7279      5.639    5.82713    14.7095    32.0075    1502.36    416.163    416.225 -9.990e-29
      5.736  39.354990    14.7109      5.732        641 9.6166e-01    273.960    6.27990    55.2620     1.2330 1.9889e-01     3.8927     0.1463     3.2065     0.3206     0.5481 1.7414e-07  1023.7526    23.7272      5.693    5.82708    14.7101    32.0069    1502.36    416.225    416.286 -9.990e-29
      5.780  39.354891    14.7116      5.796        642 9.8188e-01    274.054    6.28205    55.2620     1.2345 1.9431e-01     3.8933     0.1464     3.2072     0.3273     0.5410 1.0448e-07  1023.7522    23.7266      5.756    5.82702    14.7108    32.0062    1502.36    416.292    416.351 -9.990e-29
      5.827  39.354812    14.7122      5.872        643 9.9846e-01    274.138    6.28396    55.2620     1.2345 1.8972e-01     3.8939     0.1464     3.2078     0.3328     0.5337 6.2691e-08  1023.7520    23.7260      5.832    5.82697    14.7113    32.0056    1502.37    416.350    416.407 -9.990e-29
      5.872  39.354751    14.7125      5.936        644 1.0142e+00    274.214    6.28571    55.2620     1.2340 1.8566e-01     3.8944     0.1463     3.2084     0.3381     0.5272 3.7615e-08  1023.7520    23.7257      5.896    5.82695    14.7116    32.0053    1502.37    416.381    416.437 -9.990e-29
