inst/extdata/initial_example/ctd/Cnv/C285C-006-HC.ros
* Sea-Bird SBE19plus Data File:
* FileName = C:\Data\CTD\Hex\C285C-006-HC.hex
* Software Version 1.24
* Temperature SN =  4447
* Conductivity SN =  4447
* System UpLoad Time = Jun 15 2019 08:50:24
** Station = C285C-006-HC
** NMEA (UTC) Time = 07:54
** NMEA Latitude = 41 10.8 N
** NMEA Longitude = 70 11.8 W
** Bottom Depth = 31
** Date = 15 June 19
** Chief Scientist = Ben Harden
** General Locale = 
** C:\Data\CTD\Hex\4447201903_Tx0_CDOM1_DO2_Chl3_PAR4.con
** 4447 CTD 	Instrument	S/N	DWG #
** Voltage 0	Transmiss	CST-779PR	X
** Voltage 1	CDOM	WSCD-1258ad	X
** Voltage 2	DO	3328	x
** Voltage 3	Chl-a	SCF-3149	x
** Voltage 4	PAR	70187	x
** Voltage 5	Free	x	x
** 
# nquan = 19
# nvalues = 108                     
# units = specified
# name 0 = depSM: Depth [salt water, m]
# name 1 = c0mS/cm: Conductivity [mS/cm]
# name 2 = tv290C: Temperature [ITS-90, deg C]
# name 3 = prdM: Pressure, Strain Gauge [db]
# name 4 = scan: Scan Count
# name 5 = flSP: Fluorescence, Seapoint
# name 6 = sbeox0Mm/Kg: Oxygen, SBE 43 [umol/Kg]
# name 7 = sbeox0ML/L: Oxygen, SBE 43 [ml/l]
# name 8 = bat: Beam Attenuation, Chelsea/Seatech/Wetlab CStar [1/m]
# name 9 = wetCDOM: Fluorescence, Wetlab CDOM [mg/m^3]
# name 10 = par: PAR/Irradiance, Biospherical/Licor
# name 11 = v0: Voltage 0
# name 12 = v1: Voltage 1
# name 13 = v2: Voltage 2
# name 14 = v3: Voltage 3
# name 15 = v4: Voltage 4
# name 16 = v5: Voltage 5
# name 17 = nbf: number of bottles fired
# name 18 = flag:  0.000e+00
# interval = seconds: 0.25                        
# start_time = Jun 15 2019 00:55:31
*END*
[from data line 77]
     11.189  37.753192    13.7370     11.251       2561 7.3289e-01    247.226    5.66535    55.2620    -0.2832 1.0000e-12     4.2328     0.0648     2.8846     0.2443     0.0119     0.0000          9  0.000e+00
     11.274  37.732312    13.7251     11.337       2562 7.0428e-01    247.070    5.66174    55.2620    -0.1910 1.0000e-12     4.2325     0.0697     2.8832     0.2348     0.0116     0.0000          9  0.000e+00
     11.360  37.721778    13.7021     11.423       2563 6.4042e-01    247.156    5.66377    55.2620    -0.1257 1.0000e-12     4.2293     0.0732     2.8838     0.2135     0.0119     0.0000          9  0.000e+00
     11.435  37.711703    13.6806     11.498       2564 6.5530e-01    246.880    5.65750    55.2620    -0.0987 1.0000e-12     4.2300     0.0747     2.8817     0.2184     0.0120     0.0000          9  0.000e+00
     10.922  37.724402    13.6372     10.982       2579 6.5026e-01    245.102    5.61701    55.2620     1.7319 1.0000e-12     4.2306     0.1731     2.8662     0.2168     0.0118     0.0000         10  0.000e+00
     10.890  37.731207    13.6508     10.950       2580 7.1962e-01    245.070    5.61624    55.2620     1.7560 1.0000e-12     4.2309     0.1744     2.8653     0.2399     0.0116     0.0000         10  0.000e+00
     10.879  37.737293    13.6629     10.939       2581 6.8391e-01    245.365    5.62298    55.2620     1.7745 5.8017e-06     4.2313     0.1754     2.8672     0.2280     0.0121     0.0000         10  0.000e+00
     10.890  37.741612    13.6738     10.950       2582 7.2419e-01    245.313    5.62176    55.2620     1.7958 1.0000e-12     4.2308     0.1765     2.8661     0.2414     0.0121     0.0000         10  0.000e+00
     10.879  37.747044    13.6831     10.939       2583 7.2969e-01    245.249    5.62025    55.2620     1.7915 1.0000e-12     4.2353     0.1763     2.8653     0.2432     0.0117     0.0000         10  0.000e+00
     10.879  37.752018    13.6912     10.939       2584 7.2396e-01    245.332    5.62215    55.2620     1.7461 1.0000e-12     4.2358     0.1739     2.8662     0.2413     0.0114     0.0000         10  0.000e+00
     10.868  37.752279    13.6989     10.929       2585 6.2623e-01    245.194    5.61895    55.2620     1.7702 1.0000e-12     4.2356     0.1752     2.8650     0.2087     0.0121     0.0000         10  0.000e+00
     10.858  37.751558    13.7034     10.918       2586 6.0449e-01    245.086    5.61646    55.2620    -0.2193 1.0000e-12     4.2322     0.0682     2.8648     0.2015     0.0119     0.0000         10  0.000e+00
     10.858  37.754766    13.7053     10.918       2587 6.4866e-01    245.059    5.61584    55.2620    -0.2293 1.0000e-12     4.2322     0.0677     2.8650     0.2162     0.0121     0.0000         10  0.000e+00
      2.965  38.283304    14.5286      2.981       3093 6.3104e-01    237.733    5.44632    55.2620     1.7873 1.0000e-12     4.3080     0.1761     2.8324     0.2103     0.0121     0.0000         11  0.000e+00
      2.986  38.284094    14.5289      3.003       3094 7.3449e-01    237.920    5.45059    55.2620     1.7958 2.0129e-05     4.3081     0.1765     2.8337     0.2448     0.0122     0.0000         11  0.000e+00
      3.050  38.284094    14.5293      3.067       3095 7.5326e-01    238.041    5.45337    55.2620     1.8014 1.0000e-12     4.3080     0.1769     2.8341     0.2511     0.0121     0.0000         11  0.000e+00
      3.104  38.284358    14.5293      3.121       3096 7.6562e-01    238.192    5.45682    55.2620     1.7716 1.0000e-12     4.3078     0.1752     2.8347     0.2552     0.0118     0.0000         11  0.000e+00
      3.157  38.284029    14.5295      3.175       3097 8.0636e-01    238.254    5.45824    55.2620     1.8043 1.0000e-12     4.3087     0.1770     2.8350     0.2688     0.0117     0.0000         11  0.000e+00
      3.178  38.283897    14.5294      3.196       3098 8.2948e-01    238.295    5.45919    55.2620     1.7858 4.8790e-05     4.3082     0.1760     2.8351     0.2765     0.0124     0.0003         11  0.000e+00
      3.221  38.284556    14.5292      3.239       3099 7.3404e-01    238.146    5.45578    55.2620     1.7830 1.0000e-12     4.3079     0.1759     2.8341     0.2447     0.0120     0.0000         11  0.000e+00
      3.221  38.284358    14.5293      3.239       3100 7.6127e-01    238.340    5.46022    55.2620     1.8085 1.0000e-12     4.3078     0.1772     2.8358     0.2538     0.0115     0.0000         11  0.000e+00
      3.232  38.284292    14.5294      3.250       3101 7.3404e-01    238.152    5.45590    55.2620     1.7901 1.0000e-12     4.3102     0.1762     2.8347     0.2447     0.0116     0.0000         11  0.000e+00
      2.857  38.283172    14.5286      2.873       3116 7.0291e-01    237.843    5.44883    55.2620     1.8128 1.0000e-12     4.2992     0.1775     2.8347     0.2343     0.0117     0.0000         12  0.000e+00
      2.868  38.283830    14.5287      2.884       3117 7.1572e-01    237.869    5.44943    55.2620     1.7958 1.0000e-12     4.2989     0.1765     2.8351     0.2386     0.0119     0.0000         12  0.000e+00
      2.921  38.284094    14.5289      2.937       3118 7.2259e-01    237.991    5.45222    55.2620     1.7915 5.8017e-06     4.3033     0.1763     2.8358     0.2409     0.0121     0.0000         12  0.000e+00
      2.932  38.285015    14.5291      2.948       3119 7.1160e-01    238.175    5.45644    55.2620     1.8100 1.0000e-12     4.3030     0.1773     2.8367     0.2372     0.0121     0.0000         12  0.000e+00
      2.932  38.284291    14.5299      2.948       3120 7.4937e-01    238.232    5.45774    55.2620     1.7958 1.0000e-12     4.3030     0.1765     2.8363     0.2498     0.0119     0.0000         12  0.000e+00
      2.910  38.284554    14.5301      2.926       3121 7.6860e-01    238.241    5.45796    55.2620     1.8014 1.0000e-12     4.3032     0.1769     2.8360     0.2562     0.0118     0.0000         12  0.000e+00
      2.846  38.284554    14.5301      2.862       3122 7.5097e-01    238.307    5.45946    55.2620     1.7929 1.0000e-12     4.3077     0.1764     2.8363     0.2503     0.0114     0.0000         12  0.000e+00
      2.750  38.284356    14.5301      2.765       3123 8.0087e-01    238.279    5.45883    55.2620     1.7858 1.0000e-12     4.3078     0.1760     2.8361     0.2670     0.0120     0.0000         12  0.000e+00
      2.611  38.284553    14.5301      2.625       3124 6.9856e-01    238.028    5.45307    55.2620     1.8128 1.0000e-12     4.3075     0.1775     2.8348     0.2329     0.0116     0.0000         12  0.000e+00
