inst/extdata/initial_example/ctd/Cnv/C285C-001-HC.cnv
* Sea-Bird SBE19plus Data File:
* FileName = C:\Data\CTD\Hex\C285C-001-HC.hex
* Software Version 1.24
* Temperature SN =  4447
* Conductivity SN =  4447
* System UpLoad Time = Jun 14 2019 01:00:10
** Station = C285C-001-HC
** NMEA (UTC) Time = 00:30
** NMEA Latitude = 41 12.7 N
** NMEA Longitude = 70 59.7 W
** Bottom Depth = 35
** Date = 14 June 2019
** Chief Scientist = Ben Harden
** General Locale = 
** C:\Data\CTD\Hex\4447201903_Tx0_CDOM1_DO2_Chl3_PAR4.con
** 4447 CTD 	Instrument	S/N	DWG #
** Voltage 0	Transmiss	CST-779PR	X
** Voltage 1	CDOM	WSCD-1258ad	X
** Voltage 2	DO	3328	x
** Voltage 3	Chl-a	SCF-3149	x
** Voltage 4	PAR	70187	x
** Voltage 5	Free	x	x
** 
# nquan = 27                                
# nvalues = 3562                        
# units = specified
# name 0 = depSM: Depth [salt water, m]
# name 1 = c0mS/cm: Conductivity [mS/cm]
# name 2 = tv290C: Temperature [ITS-90, deg C]
# name 3 = prdM: Pressure, Strain Gauge [db]
# name 4 = scan: Scan Count
# name 5 = flSP: Fluorescence, Seapoint
# name 6 = sbeox0Mm/Kg: Oxygen, SBE 43 [umol/Kg]
# name 7 = sbeox0ML/L: Oxygen, SBE 43 [ml/l]
# name 8 = bat: Beam Attenuation, Chelsea/Seatech/Wetlab CStar [1/m]
# name 9 = wetCDOM: Fluorescence, Wetlab CDOM [mg/m^3]
# name 10 = par: PAR/Irradiance, Biospherical/Licor
# name 11 = v0: Voltage 0
# name 12 = v1: Voltage 1
# name 13 = v2: Voltage 2
# name 14 = v3: Voltage 3
# name 15 = v4: Voltage 4
# name 16 = v5: Voltage 5
# name 17 = density00: Density [density, Kg/m^3]
# name 18 = sigma-é00: Density [sigma-theta, Kg/m^3]
# name 19 = depSM: Depth [salt water, m], lat = 30
# name 20 = oxsatML/L: Oxygen Saturation [ml/l]
# name 21 = potemp090C: Potential Temperature [ITS-90, deg C]
# name 22 = sal00: Salinity [PSU]
# name 23 = svCM: Sound Velocity [Chen-Millero, m/s]
# name 24 = sva: Specific Volume Anomaly [10^-8 * m^3/Kg]
# name 25 = tsa: Thermosteric Anomaly [10^-8 * m^3/Kg]
# name 26 = flag: flag
# span 0 =     -0.009,     29.879       
# span 1 =   0.010093,  38.433155       
# span 2 =    10.9069,    14.0299       
# span 3 =     -0.136,     30.203       
# span 4 =          1,       3562       
# span 5 = 7.7470e-02, 1.3847e+00       
# span 6 =    224.348,    328.854       
# span 7 =    5.14290,    7.35802       
# span 8 =    55.2620,    55.2620       
# span 9 =    -1.4880,     3.2782       
# span 10 = 9.5676e-07, 2.5579e+00      
# span 11 =     0.2653,     4.7222      
# span 12 =     0.0000,     0.2562      
# span 13 =     2.6508,     3.2488      
# span 14 =     0.0258,     0.4615      
# span 15 =     0.0114,     1.5222      
# span 16 =     0.0000,     0.0005      
# span 17 =   999.2505,  1024.6746      
# span 18 =    -0.7495,    24.5390      
# span 19 =     -0.135,     29.995      
# span 20 =    5.93290,    7.20370      
# span 21 =    10.9034,    14.0299      
# span 22 =     0.0111,    32.1056      
# span 23 =    1462.38,    1499.44      
# span 24 =    339.307,   2808.799      
# span 25 =    338.928,   2809.003      
# span 26 = 0.0000e+00, 0.0000e+00      
# interval = seconds: 0.25                        
# start_time = Jun 13 2019 17:27:37
# bad_flag = -9.990e-29
*END*
[from data line 698]
      0.012   0.029488    13.9981      0.010        699 8.1246e-02    328.442    7.34885    55.2620     3.0843 1.9887e+00     4.7018     0.2458     3.0664     0.0271     1.4167     0.0001   999.2628    -0.7372      0.010    7.20240    13.9981     0.0213    1462.42   2807.570   2807.775 -9.990e-29
      0.011   0.029722    13.9972      0.010        700 8.1098e-02    328.441    7.34883    55.2620     3.0820 1.9909e+00     4.7017     0.2457     3.0664     0.0271     1.4172     0.0001   999.2631    -0.7370      0.010    7.20253    13.9972     0.0214    1462.41   2807.548   2807.752 -9.990e-29
      0.012   0.030182    13.9967     -0.001        701 8.0954e-02    328.437    7.34873    55.2620     3.0847 1.9913e+00     4.7017     0.2458     3.0664     0.0270     1.4173     0.0001   999.2633    -0.7367     -0.001    7.20260    13.9967     0.0217    1462.41   2807.522   2807.726 -9.990e-29
      0.013   0.030953    13.9967      0.020        702 8.0730e-02    328.418    7.34833    55.2620     3.0893 1.9916e+00     4.7017     0.2461     3.0662     0.0270     1.4173     0.0000   999.2637    -0.7364      0.020    7.20258    13.9967     0.0221    1462.41   2807.488   2807.693 -9.990e-29
      0.014   0.032181    13.9964      0.031        703 8.0564e-02    328.405    7.34804    55.2620     3.0898 1.9921e+00     4.7016     0.2461     3.0661     0.0269     1.4175 8.5011e-08   999.2643    -0.7358      0.031    7.20260    13.9964     0.0227    1462.41   2807.431   2807.636 -9.990e-29
      0.011   0.034135    13.9963      0.020        704 8.0489e-02    328.413    7.34822    55.2620     3.0874 1.9923e+00     4.7014     0.2460     3.0661     0.0268     1.4175 1.4169e-07   999.2651    -0.7350      0.020    7.20257    13.9963     0.0238    1462.41   2807.346   2807.551 -9.990e-29
      0.007   0.037267    13.9963     -0.012        705 8.0622e-02    328.423    7.34846    55.2620     3.0859 1.9916e+00     4.7011     0.2459     3.0661     0.0269     1.4174 2.3614e-07   999.2663    -0.7336     -0.012    7.20249    13.9963     0.0256    1462.41   2807.212   2807.416 -9.990e-29
      0.005   0.042371    13.9961      0.010        706 8.0983e-02    328.416    7.34834    55.2620     3.0867 1.9894e+00     4.7006     0.2460     3.0661     0.0270     1.4169 3.9357e-07   999.2687    -0.7314      0.010    7.20240    13.9961     0.0284    1462.42   2806.987   2807.191 -9.990e-29
      0.004   0.050807    13.9961     -0.001        707 8.1348e-02    328.395    7.34789    55.2620     3.0883 1.9869e+00     4.6999     0.2461     3.0660     0.0271     1.4163 6.5595e-07   999.2723    -0.7277     -0.001    7.20218    13.9961     0.0332    1462.42   2806.616   2806.820 -9.990e-29
      0.003   0.064801    13.9960     -0.001        708 8.1570e-02    328.361    7.34718    55.2620     3.0863 1.9841e+00     4.6991     0.2460     3.0660     0.0272     1.4157     0.0000   999.2786    -0.7214     -0.001    7.20185    13.9960     0.0411    1462.43   2805.991   2806.195 -9.990e-29
      0.004   0.088067    13.9959     -0.001        709 8.1846e-02    328.316    7.34626    55.2620     3.0812 1.9793e+00     4.6981     0.2457     3.0659     0.0273     1.4147     0.0000   999.2891    -0.7109     -0.001    7.20126    13.9959     0.0547    1462.45   2804.936   2805.140 -9.990e-29
      0.005   0.126844    13.9958     -0.001        710 8.2570e-02    328.251    7.34497    55.2620     3.0789 1.9714e+00     4.6970     0.2455     3.0659     0.0275     1.4130     0.0000   999.3070    -0.6930     -0.001    7.20026    13.9958     0.0776    1462.48   2803.147   2803.351 -9.990e-29
      0.008   0.191501    13.9957      0.010        711 8.3798e-02    328.145    7.34283    55.2620     3.0828 1.9600e+00     4.6957     0.2457     3.0659     0.0279     1.4105     0.0000   999.3374    -0.6626      0.010    7.19854    13.9957     0.1166    1462.52   2800.104   2800.309 -9.990e-29
      0.010   0.299297    13.9953      0.010        712 8.5474e-02    327.970    7.33933    55.2620     3.0884 1.9452e+00     4.6938     0.2460     3.0659     0.0285     1.4073     0.0000   999.3891    -0.6109      0.010    7.19565    13.9953     0.1831    1462.60   2794.924   2795.128 -9.990e-29
      0.013   0.479050    13.9953      0.010        713 8.8048e-02    327.695    7.33386    55.2620     3.0910 1.9289e+00     4.6910     0.2462     3.0660     0.0293     1.4037     0.0000   999.4772    -0.5228      0.010    7.19062    13.9953     0.2965    1462.74   2786.104   2786.308 -9.990e-29
      0.017   0.778794    13.9949      0.010        714 9.2280e-02    327.240    7.32482    55.2620     3.0895 1.9138e+00     4.6866     0.2461     3.0662     0.0307     1.4003     0.0000   999.6277    -0.3723      0.010    7.18210    13.9949     0.4903    1462.98   2771.043   2771.247 -9.990e-29
      0.023   1.278543    13.9947      0.010        715 9.9467e-02    326.446    7.30896    55.2620     3.0850 1.9002e+00     4.6792     0.2459     3.0664     0.0331     1.3970     0.0000   999.8851    -0.1149      0.010    7.16743    13.9947     0.8222    1463.38   2745.291   2745.495 -9.990e-29
      0.033   2.111625    13.9945     -0.001        716 1.1197e-01    325.064    7.28124    55.2620     3.0828 1.8865e+00     4.6671     0.2457     3.0663     0.0373     1.3936     0.0000  1000.3266     0.3266     -0.001    7.14228    13.9945     1.3928    1464.06   2701.142   2701.346 -9.990e-29
      0.051   3.500260    13.9943      0.010        717 1.3336e-01    322.725    7.23422    55.2620     3.0845 1.8718e+00     4.6471     0.2458     3.0662     0.0444     1.3896     0.0001  1001.0869     1.0868      0.010    7.09909    13.9943     2.3767    1465.24   2625.233   2625.437 -9.990e-29
      0.081   5.814845    13.9925      0.010        718 1.6914e-01    318.825    7.15579    55.2620     3.0887 1.8540e+00     4.6137     0.2461     3.0660     0.0564     1.3844     0.0001  1002.4008     2.4008      0.010    7.02513    13.9925     4.0809    1467.26   2494.294   2494.498 -9.990e-29
      0.129   9.672695    13.9669      0.010        719 2.2854e-01    312.325    7.02511    55.2620     3.0918 1.8303e+00     4.5580     0.2462     3.0658     0.0762     1.3771     0.0001  1004.6882     4.6881      0.010    6.90150    13.9669     7.0492    1470.67   2267.170   2267.374 -9.990e-29
      0.204  15.537312    13.9322      0.085        720 3.2717e-01    302.409    6.82560    55.2620     3.0908 1.7949e+00     4.4651     0.2462     3.0656     0.1090     1.3658     0.0001  1008.3257     8.3254      0.084    6.70810    13.9322    11.7770    1476.09   1908.134   1908.338 -9.990e-29
      0.306  22.141528    13.9126      0.246        721 4.7416e-01    291.203    6.59997    55.2620     3.0881 1.7363e+00     4.3102     0.2460     3.0653     0.1580     1.3470     0.0001  1012.5946    12.5935      0.244    6.48480    13.9126    17.3302    1482.52   1490.112   1490.315 -9.990e-29
      0.421  27.259952    13.9027      0.440        722 6.4072e-01    282.557    6.42596    55.2620     3.0848 1.6356e+00     4.0522     0.2459     3.0654     0.2136     1.3151     0.0001  1016.0122    16.0102      0.437    6.31070    13.9026    21.7731    1487.67   1158.012   1158.211 -9.990e-29
      0.537  30.440678    13.8976      0.569        723 7.7073e-01    277.343    6.32143    55.2620     3.0822 1.4669e+00     3.6221     0.2457     3.0664     0.2569     1.2616     0.0001  1018.1810    18.1784      0.565    6.20258    13.8975    24.5899    1490.95    948.420    948.616 -9.990e-29
      0.644  32.379340    13.8943      0.708        724 8.3959e-01    274.443    6.26406    55.2620     3.0807 1.2501e+00     3.1083     0.2456     3.0686     0.2799     1.1915     0.0000  1019.5200    19.5168      0.703    6.13684    13.8942    26.3271    1492.97    819.492    819.684 -9.990e-29
      0.736  33.568076    13.8933      0.827        725 8.7252e-01    273.071    6.23820    55.2620     3.0800 1.0617e+00     2.7794     0.2456     3.0722     0.2908     1.1279     0.0000  1020.3466    20.3429      0.821    6.09649    13.8932    27.3992    1494.22    740.082    740.271 -9.990e-29
      0.809  34.367635    13.8940      0.902        726 8.9186e-01    272.643    6.23208    55.2620     3.0801 9.3409e-01     2.7507     0.2456     3.0774     0.2973     1.0823     0.0000  1020.9042    20.9001      0.896    6.06924    13.8939    28.1224    1495.07    686.591    686.778 -9.990e-29
      0.859  35.001477    13.8941      0.956        727 8.9735e-01    272.742    6.23724    55.2620     3.0797 8.4628e-01     2.9153     0.2456     3.0839     0.2991     1.0484     0.0000  1021.3479    21.3437      0.949    6.04771    13.8940    28.6978    1495.75    644.054    644.239 -9.990e-29
      0.888  35.590263    13.8932      0.966        728 8.9840e-01    273.117    6.24844    55.2620     3.0784 7.8914e-01     3.1185     0.2455     3.0913     0.2995     1.0250     0.0000  1021.7620    21.7577      0.959    6.02782    13.8931    29.2344    1496.38    604.385    604.569 -9.990e-29
      0.897  36.164069    13.8906      0.967        729 9.0240e-01    273.661    6.26342    55.2620     3.0763 7.6412e-01     3.3152     0.2454     3.0997     0.3008     1.0149     0.0001  1022.1679    22.1636      0.960    6.00862    13.8905    29.7601    1496.98    565.518    565.702 -9.990e-29
      0.891  36.684882    13.8885      0.956        730 9.0089e-01    274.341    6.28127    55.2620     3.0733 7.6774e-01     3.5090     0.2452     3.1086     0.3003     1.0172     0.0001  1022.5371    22.5328      0.949    5.99117    13.8884    30.2381    1497.54    530.193    530.377 -9.990e-29
      0.869  37.090363    13.8872      0.934        731 8.8588e-01    275.146    6.30149    55.2620     3.0687 8.0044e-01     3.6539     0.2450     3.1174     0.2953     1.0320     0.0000  1022.8248    22.8206      0.928    5.97756    13.8871    30.6108    1497.97    502.673    502.856 -9.990e-29
      0.835  37.373872    13.8865      0.859        732 8.6695e-01    275.978    6.32181    55.2620     3.0602 8.6551e-01     3.7398     0.2445     3.1257     0.2890     1.0604     0.0000  1023.0259    23.0220      0.853    5.96803    13.8864    30.8717    1498.27    483.422    483.607 -9.990e-29
      0.795  37.572632    13.8865      0.784        733 8.6238e-01    276.700    6.33922    55.2620     3.0478 9.6523e-01     3.7896     0.2439     3.1332     0.2875     1.1016     0.0000  1023.1665    23.1630      0.779    5.96130    13.8864    31.0544    1498.48    469.952    470.138 -9.990e-29
      0.758  37.714502    13.8865      0.741        734 8.7241e-01    277.226    6.35188    55.2620     3.0315 1.0923e+00     3.8130     0.2430     3.1397     0.2908     1.1512     0.0000  1023.2670    23.2637      0.736    5.95650    13.8864    31.1848    1498.64    460.333    460.520 -9.990e-29
      0.727  37.817008    13.8868      0.676        735 8.8907e-01    277.507    6.35877    55.2620     3.0055 1.2071e+00     3.8090     0.2416     3.1450     0.2964     1.1938     0.0000  1023.3393    23.3363      0.671    5.95301    13.8867    31.2789    1498.75    453.402    453.591 -9.990e-29
      0.709  37.891176    13.8871      0.644        736 9.0897e-01    277.531    6.35965    55.2620     2.9567 1.2663e+00     3.7729     0.2390     3.1490     0.3030     1.2152     0.0001  1023.3916    23.3887      0.640    5.95047    13.8870    31.3469    1498.83    448.393    448.583 -9.990e-29
      0.708  37.946622    13.8874      0.623        737 9.3380e-01    277.319    6.35505    55.2620     2.8677 1.2647e+00     3.7177     0.2342     3.1519     0.3113     1.2146     0.0001  1023.4306    23.4279      0.619    5.94857    13.8873    31.3977    1498.89    444.654    444.844 -9.990e-29
      0.729  37.993347    13.8874      0.633        738 9.7142e-01    276.925    6.34622    55.2620     2.7152 1.2156e+00     3.6735     0.2260     3.1538     0.3238     1.1955     0.0001  1023.4639    23.4611      0.629    5.94699    13.8873    31.4408    1498.94    441.484    441.674 -9.990e-29
      0.771  38.039225    13.8875      0.709        739 1.0149e+00    276.430    6.33507    55.2620     2.4611 1.1135e+00     3.6509     0.2123     3.1552     0.3383     1.1552     0.0000  1023.4968    23.4936      0.704    5.94543    13.8874    31.4829    1498.99    438.383    438.570 -9.990e-29
      0.833  38.084955    13.8871      0.773        740 1.0479e+00    275.921    6.32360    55.2620     2.0396 9.7245e-01     3.6450     0.1896     3.1562     0.3493     1.0987 3.8899e-07  1023.5299    23.5264      0.768    5.94392    13.8870    31.5253    1499.04    435.250    435.436 -9.990e-29
      0.908  38.125939    13.8861      0.891        741 1.0780e+00    275.469    6.31343    55.2620     1.3396 8.4698e-01     3.6559     0.1520     3.1571     0.3593     1.0469 6.4832e-07  1023.5603    23.5564      0.885    5.94263    13.8860    31.5639    1499.08    432.394    432.577 -9.990e-29
      0.990  38.162721    13.8854      0.977        742 1.1092e+00    275.140    6.30605    55.2620     0.4798 7.5964e-01     3.6876     0.1058     3.1582     0.3697     1.0087     0.0000  1023.5875    23.5831      0.970    5.94145    13.8853    31.5983    1499.12    429.845    430.026 0.0000e+00
      1.074  38.198876    13.8848      1.117        743 1.1254e+00    274.979    6.30253    55.2620    -0.1596 6.9926e-01     3.7486     0.0714     3.1597     0.3751     0.9809     0.0000  1023.6143    23.6093      1.109    5.94029    13.8846    31.6321    1499.16    427.349    427.527 0.0000e+00
      1.150  38.232991    13.8842      1.224        744 1.1297e+00    275.006    6.30329    55.2620    -0.4447 6.5876e-01     3.8228     0.0561     3.1617     0.3766     0.9616     0.0000  1023.6395    23.6341      1.216    5.93919    13.8840    31.6640    1499.20    424.990    425.165 0.0000e+00
      1.212  38.261558    13.8830      1.268        745 1.1384e+00    275.204    6.30796    55.2620    -0.4517 6.3015e-01     3.8652     0.0557     3.1642     0.3795     0.9472     0.0000  1023.6610    23.6554      1.259    5.93834    13.8828    31.6913    1499.23    422.956    423.130 0.0000e+00
      1.263  38.282674    13.8809      1.300        746 1.1566e+00    275.527    6.31547    55.2620    -0.1823 6.0844e-01     3.8545     0.0702     3.1668     0.3855     0.9356     0.0000  1023.6780    23.6722      1.291    5.93782    13.8807    31.7125    1499.25    421.354    421.528 0.0000e+00
      1.308  38.297492    13.8777      1.289        747 1.1804e+00    275.903    6.32415    55.2620     0.4353 5.9224e-01     3.8070     0.1034     3.1694     0.3935     0.9265     0.0000  1023.6911    23.6854      1.280    5.93761    13.8775    31.7288    1499.26    420.090    420.264 -9.990e-29
      1.357  38.309651    13.8747      1.310        748 1.2006e+00    276.213    6.33132    55.2620     1.2656 5.7889e-01     3.7484     0.1480     3.1714     0.4002     0.9185     0.0000  1023.7024    23.6966      1.301    5.93748    13.8745    31.7425    1499.26    419.025    419.198 0.0000e+00
      1.421  38.321311    13.8733      1.332        749 1.1976e+00    276.323    6.33390    55.2620     1.9414 5.6430e-01     3.6821     0.1844     3.1722     0.3992     0.9091     0.0000  1023.7120    23.7061      1.323    5.93721    13.8731    31.7544    1499.27    418.121    418.294 0.0000e+00
      1.506  38.332262    13.8721      1.439        750 1.1681e+00    276.142    6.32982    55.2620     2.3513 5.4868e-01     3.5906     0.2064     3.1714     0.3894     0.8986     0.0001  1023.7212    23.7148      1.429    5.93696    13.8719    31.7654    1499.28    417.286    417.456 0.0000e+00
      1.610  38.342068    13.8689      1.547        751 1.1430e+00    275.653    6.31868    55.2620     2.5853 5.3489e-01     3.4976     0.2190     3.1691     0.3810     0.8891     0.0001  1023.7314    23.7245      1.536    5.93692    13.8687    31.7771    1499.29    416.368    416.536 0.0000e+00
