inst/extdata/initial_example/ctd/Cnv/C285C-006-HC.cnv
* Sea-Bird SBE19plus Data File:
* FileName = C:\Data\CTD\Hex\C285C-006-HC.hex
* Software Version 1.24
* Temperature SN =  4447
* Conductivity SN =  4447
* System UpLoad Time = Jun 15 2019 08:50:24
** Station = C285C-006-HC
** NMEA (UTC) Time = 07:54
** NMEA Latitude = 41 12.6 N
** NMEA Longitude = 70 53.4 W
** Bottom Depth = 31
** Date = 15 June 19
** Chief Scientist = Ben Harden
** General Locale = 
** C:\Data\CTD\Hex\4447201903_Tx0_CDOM1_DO2_Chl3_PAR4.con
** 4447 CTD 	Instrument	S/N	DWG #
** Voltage 0	Transmiss	CST-779PR	X
** Voltage 1	CDOM	WSCD-1258ad	X
** Voltage 2	DO	3328	x
** Voltage 3	Chl-a	SCF-3149	x
** Voltage 4	PAR	70187	x
** Voltage 5	Free	x	x
** 
# nquan = 27                                
# nvalues = 3738                        
# units = specified
# name 0 = depSM: Depth [salt water, m]
# name 1 = c0mS/cm: Conductivity [mS/cm]
# name 2 = tv290C: Temperature [ITS-90, deg C]
# name 3 = prdM: Pressure, Strain Gauge [db]
# name 4 = scan: Scan Count
# name 5 = flSP: Fluorescence, Seapoint
# name 6 = sbeox0Mm/Kg: Oxygen, SBE 43 [umol/Kg]
# name 7 = sbeox0ML/L: Oxygen, SBE 43 [ml/l]
# name 8 = bat: Beam Attenuation, Chelsea/Seatech/Wetlab CStar [1/m]
# name 9 = wetCDOM: Fluorescence, Wetlab CDOM [mg/m^3]
# name 10 = par: PAR/Irradiance, Biospherical/Licor
# name 11 = v0: Voltage 0
# name 12 = v1: Voltage 1
# name 13 = v2: Voltage 2
# name 14 = v3: Voltage 3
# name 15 = v4: Voltage 4
# name 16 = v5: Voltage 5
# name 17 = density00: Density [density, Kg/m^3]
# name 18 = sigma-é00: Density [sigma-theta, Kg/m^3]
# name 19 = depSM: Depth [salt water, m], lat = 30
# name 20 = oxsatML/L: Oxygen Saturation [ml/l]
# name 21 = potemp090C: Potential Temperature [ITS-90, deg C]
# name 22 = sal00: Salinity [PSU]
# name 23 = svCM: Sound Velocity [Chen-Millero, m/s]
# name 24 = sva: Specific Volume Anomaly [10^-8 * m^3/Kg]
# name 25 = tsa: Thermosteric Anomaly [10^-8 * m^3/Kg]
# name 26 = flag: flag
# span 0 =      0.128,     25.177       
# span 1 =   0.002956,  38.402204       
# span 2 =    12.3701,    15.6211       
# span 3 =      0.102,     25.532       
# span 4 =          1,       3738       
# span 5 = 8.4529e-02, 1.1631e+00       
# span 6 =    212.831,    297.368       
# span 7 =    4.87483,    6.65194       
# span 8 =    55.2620,    55.2620       
# span 9 =    -1.4880,     3.8733       
# span 10 = 1.5420e-09, 1.4775e-02      
# span 11 =     0.3396,     4.3099      
# span 12 =     0.0000,     0.2883      
# span 13 =     2.6133,     3.1804      
# span 14 =     0.0282,     0.3877      
# span 15 =     0.0113,     0.0824      
# span 16 =     0.0000,     0.0005      
# span 17 =   999.0127,  1024.0833      
# span 18 =    -0.9880,    23.9693      
# span 19 =      0.101,     25.357      
# span 20 =    5.86262,    7.10100      
# span 21 =    12.3669,    15.6211      
# span 22 =     0.0086,    31.7135      
# span 23 =    1464.92,    1501.20      
# span 24 =    393.569,   2832.688      
# span 25 =    393.233,   2832.894      
# span 26 = 0.0000e+00, 0.0000e+00      
# interval = seconds: 0.25                        
# start_time = Jun 15 2019 00:55:31
# bad_flag = -9.990e-29
*END*
[from data line 1880]
     19.870  37.067090    12.5501     19.959       1881 5.8262e-01    258.953    5.93697    55.2620     1.2044 6.7941e-06     4.2341     0.1447     2.9319     0.1942     0.0121 8.3844e-14  1023.9959    23.9066     19.822    6.10663    12.5475    31.6766    1495.07    399.427    399.203 -9.990e-29
     19.839  37.067046    12.5494     19.905       1882 5.5349e-01    259.095    5.94020    55.2620     1.1888 4.0985e-06     4.2357     0.1439     2.9332     0.1845     0.0120 1.3974e-13  1023.9963    23.9072     19.769    6.10669    12.5468    31.6772    1495.06    399.371    399.148 -9.990e-29
     19.818  37.066641    12.5498     19.883       1883 5.3956e-01    259.201    5.94262    55.2620     1.1768 2.4958e-06     4.2369     0.1432     2.9344     0.1799     0.0120 2.3290e-13  1023.9955    23.9066     19.747    6.10667    12.5472    31.6765    1495.06    399.430    399.208 -9.990e-29
     19.810  37.065918    12.5497     19.851       1884 5.4190e-01    259.317    5.94527    55.2620     1.1751 1.5587e-06     4.2373     0.1431     2.9358     0.1807     0.0119 3.8816e-13  1023.9949    23.9061     19.715    6.10670    12.5471    31.6759    1495.06    399.471    399.250 -9.990e-29
     19.818  37.064655    12.5472     19.841       1885 5.5450e-01    259.446    5.94823    55.2620     1.1866 1.0372e-06     4.2373     0.1438     2.9372     0.1849     0.0119 6.4694e-13  1023.9961    23.9073     19.705    6.10699    12.5446    31.6768    1495.06    399.359    399.138 -9.990e-29
     19.846  37.062900    12.5453     19.884       1886 5.7770e-01    259.506    5.94961    55.2620     1.2084 7.9229e-07     4.2372     0.1449     2.9380     0.1926     0.0119 1.0782e-12  1023.9966    23.9076     19.748    6.10724    12.5427    31.6767    1495.05    399.331    399.109 -9.990e-29
     19.893  37.060922    12.5439     19.948       1887 6.1923e-01    259.508    5.94967    55.2620     1.2345 7.5866e-07     4.2371     0.1463     2.9383     0.2064     0.0118 1.7970e-12  1023.9966    23.9073     19.811    6.10745    12.5413    31.6760    1495.04    399.361    399.138 -9.990e-29
     19.955  37.058531    12.5408     19.991       1888 6.8899e-01    259.476    5.94893    55.2620     1.2679 9.2735e-07     4.2370     0.1481     2.9385     0.2297     0.0118 2.9951e-12  1023.9976    23.9081     19.854    6.10784    12.5382    31.6763    1495.04    399.282    399.058 -9.990e-29
     20.033  37.055418    12.5354     20.099       1889 7.5539e-01    259.409    5.94739    55.2620     1.3084 1.3433e-06     4.2368     0.1503     2.9386     0.2518     0.0118 4.9918e-12  1024.0003    23.9104     19.961    6.10848    12.5328    31.6779    1495.02    399.072    398.846 -9.990e-29
     20.124  37.051699    12.5292     20.185       1890 7.6088e-01    259.321    5.94537    55.2620     1.3446 2.1175e-06     4.2362     0.1523     2.9387     0.2536     0.0118 8.3196e-12  1024.0031    23.9128     20.047    6.10922    12.5266    31.6795    1495.00    398.840    398.612 -9.990e-29
     20.227  37.047701    12.5226     20.303       1891 7.1800e-01    259.198    5.94255    55.2620     1.3625 3.4564e-06     4.2347     0.1533     2.9385     0.2393     0.0118 1.3866e-11  1024.0063    23.9154     20.164    6.11000    12.5200    31.6812    1494.98    398.596    398.366 0.0000e+00
     20.339  37.043685    12.5159     20.442       1892 6.7743e-01    259.068    5.93957    55.2620     1.3488 4.3750e-06     4.2326     0.1525     2.9382     0.2258     0.0118 2.3110e-11  1024.0095    23.9180     20.302    6.11080    12.5133    31.6830    1494.97    398.347    398.114 0.0000e+00
     20.455  37.039806    12.5096     20.550       1893 6.5367e-01    259.017    5.93842    55.2620     1.2900 3.7765e-06     4.2309     0.1494     2.9383     0.2179     0.0118 3.8517e-11  1024.0124    23.9205     20.409    6.11156    12.5070    31.6846    1494.95    398.119    397.884 0.0000e+00
     20.574  37.036150    12.5038     20.701       1894 6.4283e-01    259.082    5.93991    55.2620     1.1981 2.8431e-06     4.2300     0.1444     2.9389     0.2143     0.0118 6.4195e-11  1024.0153    23.9226     20.559    6.11226    12.5011    31.6859    1494.93    397.918    397.679 0.0000e+00
     20.690  37.032863    12.4985     20.840       1895 6.3808e-01    259.246    5.94370    55.2620     1.1268 2.6678e-06     4.2300     0.1406     2.9398     0.2127     0.0118 1.0699e-10  1024.0179    23.9246     20.697    6.11289    12.4958    31.6872    1494.92    397.730    397.488 0.0000e+00
     20.797  37.030126    12.4943     20.969       1896 6.2965e-01    259.485    5.94919    55.2620     1.1194 3.2039e-06     4.2304     0.1402     2.9410     0.2099     0.0118 1.7832e-10  1024.0199    23.9261     20.825    6.11340    12.4916    31.6881    1494.91    397.591    397.347 0.0000e+00
     20.892  37.028002    12.4911     21.066       1897 6.2047e-01    259.795    5.95631    55.2620     1.1951 4.5944e-06     4.2306     0.1443     2.9425     0.2068     0.0118 2.9720e-10  1024.0215    23.9272     20.922    6.11379    12.4884    31.6887    1494.90    397.488    397.242 0.0000e+00
     20.971  37.026438    12.4887     21.163       1898 6.1514e-01    260.147    5.96440    55.2620     1.3429 7.2100e-06     4.2301     0.1522     2.9442     0.2050     0.0119 4.9533e-10  1024.0228    23.9280     21.018    6.11408    12.4860    31.6892    1494.89    397.410    397.162 0.0000e+00
     21.032  37.025398    12.4877     21.249       1899 6.1279e-01    260.462    5.97163    55.2620     1.4971 1.0406e-05     4.2291     0.1605     2.9455     0.2043     0.0119 8.2555e-10  1024.0232    23.9281     21.103    6.11422    12.4850    31.6890    1494.89    397.407    397.158 0.0000e+00
     21.070  37.024783    12.4865     21.270       1900 6.1712e-01    260.677    5.97657    55.2620     1.6095 1.1397e-05     4.2288     0.1665     2.9464     0.2057     0.0119 1.3759e-09  1024.0238    23.9286     21.124    6.11436    12.4838    31.6895    1494.89    397.355    397.105 0.0000e+00
     21.085  37.024459    12.4859     21.303       1901 6.2548e-01    260.708    5.97730    55.2620     1.6842 9.4898e-06     4.2297     0.1705     2.9464     0.2085     0.0119 2.2932e-09  1024.0242    23.9289     21.157    6.11443    12.4832    31.6896    1494.89    397.331    397.081 0.0000e+00
     21.079  37.024431    12.4864     21.270       1902 6.2753e-01    260.535    5.97332    55.2620     1.7319 7.8164e-06     4.2315     0.1731     2.9456     0.2092     0.0118 3.8220e-09  1024.0237    23.9285     21.124    6.11438    12.4837    31.6892    1494.89    397.372    397.122 -9.990e-29
     21.055  37.024622    12.4868     21.217       1903 6.1953e-01    260.308    5.96812    55.2620     1.7602 8.2273e-06     4.2329     0.1746     2.9450     0.2065     0.0118 6.3700e-09  1024.0232    23.9283     21.072    6.11433    12.4841    31.6891    1494.89    397.388    397.139 -9.990e-29
     21.018  37.024866    12.4868     21.174       1904 6.1089e-01    260.174    5.96505    55.2620     1.7773 8.5349e-06     4.2338     0.1755     2.9453     0.2036     0.0118 1.0617e-08  1024.0232    23.9285     21.029    6.11433    12.4841    31.6893    1494.89    397.369    397.121 -9.990e-29
     20.974  37.025189    12.4879     21.088       1905 6.0815e-01    260.133    5.96413    55.2620     1.7873 6.5238e-06     4.2342     0.1761     2.9461     0.2027     0.0118 1.7694e-08  1024.0222    23.9278     20.943    6.11421    12.4852    31.6887    1494.89    397.430    397.184 -9.990e-29
     20.929  37.025681    12.4901     21.013       1906 6.1452e-01    260.159    5.96472    55.2620     1.7927 3.9553e-06     4.2343     0.1764     2.9470     0.2048     0.0118 2.9491e-08  1024.0204    23.9263     20.869    6.11397    12.4874    31.6874    1494.89    397.568    397.324 -9.990e-29
     20.894  37.026185    12.4921     20.937       1907 6.2242e-01    260.251    5.96682    55.2620     1.7960 2.4416e-06     4.2342     0.1766     2.9478     0.2075     0.0118 4.9151e-08  1024.0188    23.9251     20.793    6.11376    12.4894    31.6862    1494.90    397.690    397.447 -9.990e-29
     20.875  37.026365    12.4931     20.916       1908 6.1724e-01    260.432    5.97098    55.2620     1.7985 1.5790e-06     4.2342     0.1767     2.9488     0.2057     0.0118 8.1919e-08  1024.0180    23.9243     20.773    6.11365    12.4904    31.6855    1494.90    397.756    397.514 -9.990e-29
     20.877  37.026003    12.4939     20.873       1909 6.0419e-01    260.734    5.97789    55.2620     1.7991 1.1374e-06     4.2339     0.1767     2.9503     0.2014     0.0119 1.3653e-07  1024.0168    23.9234     20.730    6.11359    12.4912    31.6845    1494.90    397.844    397.602 -9.990e-29
     20.907  37.024984    12.4943     20.884       1910 5.9636e-01    261.085    5.98593    55.2620     1.7972 9.9917e-07     4.2329     0.1766     2.9519     0.1987     0.0119 2.2755e-07  1024.0158    23.9223     20.741    6.11359    12.4916    31.6832    1494.90    397.948    397.706 -9.990e-29
     20.971  37.023085    12.4924     20.948       1911 5.9993e-01    261.349    5.99196    55.2620     1.7936 1.1274e-06     4.2306     0.1765     2.9531     0.1999     0.0119 3.7925e-07  1024.0163    23.9225     20.804    6.11384    12.4897    31.6830    1494.89    397.932    397.689 -9.990e-29
     21.069  37.020012    12.4866     21.067       1912 6.1321e-01    261.468    5.99470    55.2620     1.7855 1.5562e-06     4.2277     0.1760     2.9536     0.2044     0.0118 6.3209e-07  1024.0194    23.9251     20.923    6.11452    12.4839    31.6849    1494.88    397.688    397.443 -9.990e-29
     21.196  37.015883    12.4781     21.228       1913 6.3254e-01    261.496    5.99534    55.2620     1.7700 2.4000e-06     4.2252     0.1752     2.9539     0.2108     0.0118     0.0000  1024.0242    23.9292     21.082    6.11550    12.4754    31.6881    1494.86    397.304    397.055 -9.990e-29
     21.344  37.011340    12.4687     21.400       1914 6.5567e-01    261.477    5.99490    55.2620     1.7465 3.8838e-06     4.2233     0.1739     2.9540     0.2185     0.0118     0.0000  1024.0295    23.9337     21.253    6.11658    12.4660    31.6916    1494.83    396.877    396.624 0.0000e+00
     21.507  37.007036    12.4609     21.615       1915 6.8025e-01    261.430    5.99383    55.2620     1.7091 6.4033e-06     4.2214     0.1719     2.9541     0.2267     0.0118     0.0000  1024.0338    23.9370     21.467    6.11750    12.4581    31.6940    1494.81    396.563    396.307 0.0000e+00
     21.674  37.003330    12.4547     21.819       1916 7.0442e-01    261.372    5.99252    55.2620     1.6447 1.0630e-05     4.2194     0.1684     2.9542     0.2348     0.0119     0.0000  1024.0371    23.9395     21.669    6.11824    12.4519    31.6956    1494.80    396.336    396.075 0.0000e+00
     21.833  37.000298    12.4496     22.034       1917 7.3692e-01    261.270    5.99021    55.2620     1.5354 1.7692e-05     4.2179     0.1626     2.9542     0.2457     0.0120     0.0000  1024.0401    23.9415     21.883    6.11885    12.4468    31.6970    1494.78    396.150    395.885 0.0000e+00
     21.975  36.997994    12.4466     22.206       1918 7.9563e-01    261.144    5.98733    55.2620     1.3513 2.2396e-05     4.2167     0.1527     2.9539     0.2652     0.0120     0.0000  1024.0416    23.9422     22.054    6.11923    12.4438    31.6972    1494.78    396.080    395.811 0.0000e+00
     22.088  36.996486    12.4444     22.367       1919 8.9427e-01    261.103    5.98641    55.2620     1.0455 1.8920e-05     4.2157     0.1362     2.9540     0.2981     0.0120     0.0000  1024.0430    23.9429     22.214    6.11950    12.4415    31.6976    1494.77    396.017    395.745 0.0000e+00
     22.166  36.995731    12.4437     22.443       1920 1.0558e+00    261.151    5.98752    55.2620     0.6061 1.3413e-05     4.2152     0.1126     2.9544     0.3520     0.0120     0.0000  1024.0434    23.9429     22.289    6.11960    12.4408    31.6974    1494.77    396.018    395.744 0.0000e+00
     22.205  36.995667    12.4451     22.496       1921 1.1631e+00    261.201    5.98868    55.2620     0.1385 1.0142e-05     4.2152     0.0875     2.9547     0.3877     0.0119     0.0001  1024.0424    23.9417     22.342    6.11947    12.4422    31.6962    1494.77    396.138    395.863 0.0000e+00
     22.207  36.996059    12.4461     22.453       1922 1.0724e+00    261.246    5.98971    55.2620    -0.2196 6.8905e-06     4.2158     0.0682     2.9550     0.3575     0.0119     0.0001  1024.0417    23.9412     22.299    6.11935    12.4432    31.6957    1494.78    396.189    395.914 -9.990e-29
     22.176  36.996580    12.4472     22.400       1923 9.0982e-01    261.259    5.99002    55.2620    -0.4524 4.1349e-06     4.2168     0.0557     2.9550     0.3033     0.0118     0.0001  1024.0409    23.9406     22.246    6.11923    12.4443    31.6953    1494.78    396.238    395.965 -9.990e-29
     22.123  36.997129    12.4481     22.292       1924 8.0403e-01    261.230    5.98935    55.2620    -0.6150 2.4819e-06     4.2179     0.0469     2.9548     0.2680     0.0118     0.0000  1024.0401    23.9403     22.139    6.11912    12.4452    31.6951    1494.78    396.266    395.995 -9.990e-29
     22.057  36.997725    12.4498     22.185       1925 7.3723e-01    261.249    5.98978    55.2620    -0.7330 1.4908e-06     4.2191     0.0406     2.9549     0.2457     0.0118 1.0833e-08  1024.0386    23.9393     22.033    6.11893    12.4470    31.6943    1494.78    396.355    396.087 -9.990e-29
     21.990  36.998282    12.4510     22.078       1926 6.9386e-01    261.372    5.99261    55.2620    -0.8154 8.9721e-07     4.2203     0.0362     2.9558     0.2312     0.0118 1.8055e-08  1024.0376    23.9388     21.927    6.11879    12.4482    31.6938    1494.79    396.407    396.141 -9.990e-29
     21.931  36.998648    12.4510     21.992       1927 6.6621e-01    261.583    5.99743    55.2620    -0.8705 5.4288e-07     4.2208     0.0332     2.9573     0.2220     0.0118 3.0092e-08  1024.0375    23.9391     21.841    6.11878    12.4482    31.6942    1494.78    396.377    396.112 -9.990e-29
     21.887  36.998811    12.4519     21.916       1928 6.4705e-01    261.857    6.00371    55.2620    -0.9056 3.3333e-07     4.2205     0.0313     2.9589     0.2157     0.0118 5.0153e-08  1024.0366    23.9384     21.766    6.11868    12.4491    31.6936    1494.79    396.434    396.171 -9.990e-29
     21.864  36.998798    12.4540     21.906       1929 6.3388e-01    262.190    6.01135    55.2620    -0.9246 2.1266e-07     4.2196     0.0303     2.9607     0.2113     0.0118 8.3589e-08  1024.0347    23.9367     21.756    6.11848    12.4512    31.6919    1494.79    396.603    396.340 -9.990e-29
     21.862  36.998381    12.4538     21.884       1930 6.3134e-01    262.553    6.01968    55.2620    -0.9266 1.4871e-07     4.2188     0.0302     2.9626     0.2104     0.0118 1.3931e-07  1024.0345    23.9365     21.734    6.11851    12.4510    31.6916    1494.79    396.615    396.353 -9.990e-29
     21.885  36.997365    12.4512     21.895       1931 6.3895e-01    262.882    6.02720    55.2620    -0.9153 1.2440e-07     4.2182     0.0308     2.9641     0.2130     0.0118 2.3219e-07  1024.0360    23.9380     21.745    6.11880    12.4484    31.6929    1494.78    396.478    396.216 -9.990e-29
     21.934  36.995922    12.4480     21.949       1932 6.4436e-01    263.101    6.03223    55.2620    -0.8976 1.3328e-07     4.2177     0.0318     2.9650     0.2148     0.0118 3.8699e-07  1024.0378    23.9396     21.798    6.11917    12.4452    31.6942    1494.77    396.325    396.062 -9.990e-29
