inst/extdata/initial_example/ctd/Cnv/C285C-001-HC.cnv
* Sea-Bird SBE19plus Data File:
* FileName = C:\Data\CTD\Hex\C285C-001-HC.hex
* Software Version 1.24
* Temperature SN =  4447
* Conductivity SN =  4447
* System UpLoad Time = Jun 14 2019 01:00:10
** Station = C285C-001-HC
** NMEA (UTC) Time = 00:30
** NMEA Latitude = 41 12.7 N
** NMEA Longitude = 70 59.7 W
** Bottom Depth = 35
** Date = 14 June 2019
** Chief Scientist = Ben Harden
** General Locale = 
** C:\Data\CTD\Hex\4447201903_Tx0_CDOM1_DO2_Chl3_PAR4.con
** 4447 CTD 	Instrument	S/N	DWG #
** Voltage 0	Transmiss	CST-779PR	X
** Voltage 1	CDOM	WSCD-1258ad	X
** Voltage 2	DO	3328	x
** Voltage 3	Chl-a	SCF-3149	x
** Voltage 4	PAR	70187	x
** Voltage 5	Free	x	x
** 
# nquan = 27                                
# nvalues = 3562                        
# units = specified
# name 0 = depSM: Depth [salt water, m]
# name 1 = c0mS/cm: Conductivity [mS/cm]
# name 2 = tv290C: Temperature [ITS-90, deg C]
# name 3 = prdM: Pressure, Strain Gauge [db]
# name 4 = scan: Scan Count
# name 5 = flSP: Fluorescence, Seapoint
# name 6 = sbeox0Mm/Kg: Oxygen, SBE 43 [umol/Kg]
# name 7 = sbeox0ML/L: Oxygen, SBE 43 [ml/l]
# name 8 = bat: Beam Attenuation, Chelsea/Seatech/Wetlab CStar [1/m]
# name 9 = wetCDOM: Fluorescence, Wetlab CDOM [mg/m^3]
# name 10 = par: PAR/Irradiance, Biospherical/Licor
# name 11 = v0: Voltage 0
# name 12 = v1: Voltage 1
# name 13 = v2: Voltage 2
# name 14 = v3: Voltage 3
# name 15 = v4: Voltage 4
# name 16 = v5: Voltage 5
# name 17 = density00: Density [density, Kg/m^3]
# name 18 = sigma-é00: Density [sigma-theta, Kg/m^3]
# name 19 = depSM: Depth [salt water, m], lat = 30
# name 20 = oxsatML/L: Oxygen Saturation [ml/l]
# name 21 = potemp090C: Potential Temperature [ITS-90, deg C]
# name 22 = sal00: Salinity [PSU]
# name 23 = svCM: Sound Velocity [Chen-Millero, m/s]
# name 24 = sva: Specific Volume Anomaly [10^-8 * m^3/Kg]
# name 25 = tsa: Thermosteric Anomaly [10^-8 * m^3/Kg]
# name 26 = flag: flag
# span 0 =     -0.009,     29.879       
# span 1 =   0.010093,  38.433155       
# span 2 =    10.9069,    14.0299       
# span 3 =     -0.136,     30.203       
# span 4 =          1,       3562       
# span 5 = 7.7470e-02, 1.3847e+00       
# span 6 =    224.348,    328.854       
# span 7 =    5.14290,    7.35802       
# span 8 =    55.2620,    55.2620       
# span 9 =    -1.4880,     3.2782       
# span 10 = 9.5676e-07, 2.5579e+00      
# span 11 =     0.2653,     4.7222      
# span 12 =     0.0000,     0.2562      
# span 13 =     2.6508,     3.2488      
# span 14 =     0.0258,     0.4615      
# span 15 =     0.0114,     1.5222      
# span 16 =     0.0000,     0.0005      
# span 17 =   999.2505,  1024.6746      
# span 18 =    -0.7495,    24.5390      
# span 19 =     -0.135,     29.995      
# span 20 =    5.93290,    7.20370      
# span 21 =    10.9034,    14.0299      
# span 22 =     0.0111,    32.1056      
# span 23 =    1462.38,    1499.44      
# span 24 =    339.307,   2808.799      
# span 25 =    338.928,   2809.003      
# span 26 = 0.0000e+00, 0.0000e+00      
# interval = seconds: 0.25                        
# start_time = Jun 13 2019 17:27:37
# bad_flag = -9.990e-29
*END*
[from data line 2685]
     18.244  37.691614    13.1191     18.421       2686 1.1351e+00    277.613    6.36469    55.2620     1.6017 4.2422e-05     4.3563     0.1661     3.1377     0.3784     0.0122 2.5078e-08  1023.9663    23.8841     18.295    6.02974    13.1166    31.7894    1497.09    401.564    401.354 -9.990e-29
     18.244  37.691620    13.1161     18.432       2687 1.1751e+00    277.809    6.36914    55.2620     1.5938 3.8256e-05     4.3563     0.1657     3.1394     0.3917     0.0122 4.1797e-08  1023.9688    23.8866     18.306    6.03002    13.1136    31.7919    1497.09    401.322    401.113 -9.990e-29
     18.224  37.690768    13.1111     18.389       2688 1.1842e+00    277.971    6.37285    55.2620     1.5855 3.6442e-05     4.3568     0.1653     3.1411     0.3947     0.0122 6.9661e-08  1023.9723    23.8902     18.263    6.03053    13.1087    31.7953    1497.07    400.977    400.768 -9.990e-29
     18.186  37.690071    13.1092     18.357       2689 1.1462e+00    278.104    6.37591    55.2620     1.5771 2.9808e-05     4.3579     0.1648     3.1426     0.3821     0.0121 1.1610e-07  1023.9732    23.8913     18.231    6.03073    13.1068    31.7963    1497.07    400.870    400.663 -9.990e-29
     18.134  37.690272    13.1093     18.271       2690 1.0901e+00    278.221    6.37859    55.2620     1.5697 2.4046e-05     4.3599     0.1644     3.1442     0.3633     0.0120 1.9350e-07  1023.9729    23.8914     18.146    6.03071    13.1069    31.7964    1497.07    400.860    400.654 -9.990e-29
     18.073  37.691362    13.1108     18.163       2691 1.0479e+00    278.330    6.38109    55.2620     1.5633 2.4697e-05     4.3624     0.1640     3.1457     0.3493     0.0120 3.2251e-07  1023.9720    23.8909     18.039    6.03053    13.1084    31.7962    1497.07    400.900    400.696 -9.990e-29
     18.013  37.693053    13.1115     18.088       2692 1.0182e+00    278.429    6.38336    55.2620     1.5574 3.1933e-05     4.3644     0.1637     3.1471     0.3394     0.0121 3.2251e-07  1023.9723    23.8916     17.964    6.03040    13.1091    31.7972    1497.07    400.835    400.633 0.0000e+00
     17.960  37.695382    13.1135     18.013       2693 9.9089e-01    278.517    6.38539    55.2620     1.5531 3.9652e-05     4.3655     0.1635     3.1485     0.3303     0.0121 1.9350e-07  1023.9720    23.8916     17.890    6.03013    13.1111    31.7978    1497.08    400.831    400.631 0.0000e+00
     17.919  37.698655    13.1198     17.948       2694 9.6761e-01    278.605    6.38740    55.2620     1.5498 4.1879e-05     4.3661     0.1633     3.1498     0.3225     0.0121 1.1610e-07  1023.9688    23.8887     17.825    6.02942    13.1174    31.7956    1497.10    401.108    400.910 0.0000e+00
     17.894  37.702576    13.1270     17.916       2695 9.5217e-01    278.695    6.38947    55.2620     1.5468 3.9209e-05     4.3664     0.1631     3.1511     0.3174     0.0120 6.9662e-08  1023.9654    23.8855     17.793    6.02860    13.1246    31.7933    1497.12    401.415    401.217 0.0000e+00
     17.888  37.706046    13.1320     17.916       2696 9.4863e-01    278.776    6.39133    55.2620     1.5450 3.0543e-05     4.3666     0.1631     3.1523     0.3162     0.0120 4.1799e-08  1023.9637    23.8838     17.793    6.02800    13.1296    31.7923    1497.13    401.577    401.379 -9.990e-29
     17.901  37.708374    13.1346     17.916       2697 9.5628e-01    278.861    6.39326    55.2620     1.5455 2.1215e-05     4.3667     0.1631     3.1536     0.3187     0.0119 2.5082e-08  1023.9632    23.8833     17.793    6.02767    13.1322    31.7923    1497.14    401.625    401.427 -9.990e-29
     17.930  37.709646    13.1366     18.013       2698 9.6728e-01    278.963    6.39559    55.2620     1.5473 1.7158e-05     4.3667     0.1632     3.1549     0.3224     0.0118 1.5054e-08  1023.9629    23.8825     17.890    6.02744    13.1342    31.7918    1497.15    401.703    401.502 -9.990e-29
     17.964  37.709905    13.1351     18.099       2699 9.7641e-01    279.063    6.39786    55.2620     1.5481 1.7677e-05     4.3668     0.1632     3.1561     0.3255     0.0117 9.0399e-09  1023.9647    23.8839     17.975    6.02757    13.1327    31.7933    1497.15    401.569    401.366 -9.990e-29
     17.991  37.709237    13.1316     18.153       2700 9.8413e-01    279.142    6.39967    55.2620     1.5480 1.8701e-05     4.3671     0.1632     3.1570     0.3280     0.0118 5.4366e-09  1023.9674    23.8864     18.029    6.02793    13.1292    31.7956    1497.14    401.336    401.132 -9.990e-29
     18.002  37.708359    13.1272     18.196       2701 1.0003e+00    279.190    6.40076    55.2620     1.5481 1.5909e-05     4.3675     0.1632     3.1578     0.3334     0.0119 3.2829e-09  1023.9706    23.8894     18.071    6.02838    13.1248    31.7984    1497.13    401.045    400.840 -9.990e-29
     17.990  37.708309    13.1261     18.217       2702 1.0276e+00    279.199    6.40097    55.2620     1.5479 1.2378e-05     4.3679     0.1632     3.1584     0.3425     0.0118 2.0047e-09  1023.9716    23.8903     18.092    6.02849    13.1237    31.7993    1497.13    400.961    400.756 -9.990e-29
     17.947  37.709816    13.1250     18.196       2703 1.0562e+00    279.176    6.40046    55.2620     1.5472 1.1761e-05     4.3683     0.1632     3.1588     0.3521     0.0118 1.2610e-09  1023.9735    23.8924     18.071    6.02854    13.1226    31.8016    1497.12    400.767    400.562 -9.990e-29
     17.869  37.713260    13.1253     18.110       2704 1.0796e+00    279.135    6.39953    55.2620     1.5440 1.4279e-05     4.3689     0.1630     3.1592     0.3599     0.0118 8.5368e-10  1023.9754    23.8946     17.986    6.02839    13.1229    31.8046    1497.13    400.548    400.346 -9.990e-29
     17.756  37.719502    13.1301     17.992       2705 1.0984e+00    279.083    6.39837    55.2620     1.5388 2.0606e-05     4.3693     0.1627     3.1596     0.3661     0.0119 6.7395e-10  1023.9754    23.8951     17.869    6.02771    13.1277    31.8065    1497.14    400.497    400.296 -9.990e-29
     17.609  37.729501    13.1434     17.841       2706 1.1080e+00    279.026    6.39708    55.2620     1.5342 2.7263e-05     4.3696     0.1625     3.1601     0.3693     0.0120 6.7396e-10  1023.9708    23.8912     17.719    6.02610    13.1410    31.8048    1497.18    400.868    400.671 0.0000e+00
     17.431  37.742995    13.1645     17.626       2707 1.0988e+00    278.972    6.39586    55.2620     1.5304 3.0862e-05     4.3698     0.1623     3.1607     0.3663     0.0120 8.5369e-10  1023.9619    23.8833     17.505    6.02362    13.1621    31.7999    1497.25    401.622    401.429 0.0000e+00
     17.228  37.758139    13.1835     17.379       2708 1.0725e+00    278.926    6.39481    55.2620     1.5282 3.3318e-05     4.3697     0.1622     3.1612     0.3575     0.0120 1.2611e-09  1023.9558    23.8783     17.260    6.02129    13.1812    31.7983    1497.30    402.092    401.904 0.0000e+00
     17.013  37.772952    13.1993     17.111       2709 1.0393e+00    278.892    6.39404    55.2620     1.5278 3.2033e-05     4.3694     0.1621     3.1618     0.3464     0.0120 2.0047e-09  1023.9521    23.8758     16.994    6.01927    13.1970    31.7990    1497.35    402.326    402.144 0.0000e+00
     16.798  37.787070    13.2130     16.831       2710 1.0069e+00    278.872    6.39357    55.2620     1.5282 2.6667e-05     4.3690     0.1622     3.1624     0.3356     0.0119 3.2830e-09  1023.9496    23.8745     16.716    6.01748    13.2107    31.8009    1497.40    402.439    402.263 0.0000e+00
     16.596  37.801149    13.2256     16.584       2711 9.7655e-01    278.864    6.39337    55.2620     1.5292 2.4203e-05     4.3686     0.1622     3.1631     0.3255     0.0120 5.4367e-09  1023.9481    23.8741     16.470    6.01579    13.2234    31.8037    1497.44    402.468    402.297 0.0000e+00
     16.420  37.816112    13.2421     16.369       2712 9.5090e-01    278.871    6.39352    55.2620     1.5311 2.4940e-05     4.3683     0.1623     3.1639     0.3169     0.0120 9.0403e-09  1023.9441    23.8711     16.257    6.01371    13.2399    31.8040    1497.49    402.752    402.586 0.0000e+00
     16.279  37.832490    13.2617     16.197       2713 9.3541e-01    278.896    6.39408    55.2620     1.5337 2.5822e-05     4.3684     0.1625     3.1648     0.3118     0.0121 1.5055e-08  1023.9387    23.8665     16.086    6.01129    13.2595    31.8030    1497.55    403.191    403.028 0.0000e+00
     16.180  37.849628    13.2813     16.079       2714 9.3591e-01    278.937    6.39500    55.2620     1.5351 2.8996e-05     4.3689     0.1625     3.1659     0.3120     0.0122 2.5083e-08  1023.9341    23.8624     15.969    6.00884    13.2791    31.8027    1497.61    403.580    403.419 0.0000e+00
     16.126  37.866659    13.3048     16.036       2715 9.5263e-01    278.981    6.39601    55.2620     1.5347 3.2055e-05     4.3694     0.1625     3.1669     0.3176     0.0122 4.1801e-08  1023.9264    23.8549     15.926    6.00603    13.3026    31.7990    1497.69    404.295    404.135 0.0000e+00
     16.117  37.882563    13.3295     16.036       2716 9.7268e-01    279.023    6.39695    55.2620     1.5328 2.8738e-05     4.3698     0.1624     3.1679     0.3242     0.0121 6.9666e-08  1023.9170    23.8455     15.926    6.00315    13.3273    31.7932    1497.76    405.187    405.026 -9.990e-29
     16.150  37.895236    13.3463     16.101       2717 9.8469e-01    279.067    6.39793    55.2620     1.5285 2.1415e-05     4.3701     0.1622     3.1689     0.3282     0.0121 1.1611e-07  1023.9123    23.8405     15.991    6.00113    13.3441    31.7910    1497.82    405.669    405.507 -9.990e-29
     16.217  37.902834    13.3561     16.197       2718 9.9475e-01    279.116    6.39899    55.2620     1.5230 1.6550e-05     4.3702     0.1619     3.1698     0.3316     0.0120 1.9351e-07  1023.9099    23.8377     16.086    5.99995    13.3539    31.7899    1497.85    405.940    405.775 -9.990e-29
     16.309  37.904722    13.3588     16.348       2719 1.0180e+00    279.174    6.40027    55.2620     1.5181 1.6099e-05     4.3700     0.1616     3.1707     0.3393     0.0120 3.2252e-07  1023.9096    23.8367     16.236    5.99963    13.3566    31.7893    1497.86    406.035    405.866 -9.990e-29
     16.416  37.900538    13.3478     16.488       2720 1.0547e+00    279.242    6.40177    55.2620     1.5130 1.8599e-05     4.3698     0.1613     3.1716     0.3515     0.0121 5.3753e-07  1023.9164    23.8429     16.375    6.00081    13.3456    31.7945    1497.83    405.445    405.273 -9.990e-29
     16.527  37.891217    13.3297     16.649       2721 1.0794e+00    279.312    6.40332    55.2620     1.5061 2.3374e-05     4.3696     0.1610     3.1723     0.3598     0.0121 8.9589e-07  1023.9256    23.8514     16.535    6.00284    13.3275    31.8009    1497.78    404.639    404.464 -9.990e-29
     16.630  37.879712    13.3109     16.789       2722 1.0769e+00    279.377    6.40479    55.2620     1.4993 2.7876e-05     4.3698     0.1606     3.1728     0.3589     0.0121     0.0000  1023.9338    23.8589     16.674    6.00501    13.3086    31.8058    1497.73    403.925    403.748 -9.990e-29
     16.718  37.868731    13.2960     16.896       2723 1.0668e+00    279.430    6.40599    55.2620     1.4955 2.9484e-05     4.3704     0.1604     3.1732     0.3556     0.0121     0.0000  1023.9389    23.8635     16.780    6.00680    13.2937    31.8079    1497.68    403.488    403.309 -9.990e-29
     16.784  37.859624    13.2867     17.004       2724 1.0599e+00    279.464    6.40679    55.2620     1.4944 2.7670e-05     4.3713     0.1603     3.1734     0.3533     0.0121     0.0000  1023.9406    23.8648     16.888    6.00800    13.2844    31.8071    1497.65    403.373    403.191 -9.990e-29
     16.817  37.852500    13.2795     17.100       2725 1.0482e+00    279.487    6.40735    55.2620     1.4960 2.0994e-05     4.3719     0.1604     3.1737     0.3494     0.0120     0.0000  1023.9419    23.8657     16.983    6.00892    13.2772    31.8064    1497.63    403.290    403.106 -9.990e-29
     16.808  37.846801    13.2725     17.079       2726 1.0365e+00    279.509    6.40786    55.2620     1.4988 1.3796e-05     4.3717     0.1605     3.1740     0.3455     0.0120     0.0000  1023.9436    23.8675     16.962    6.00978    13.2702    31.8070    1497.61    403.118    402.935 -9.990e-29
     16.753  37.842422    13.2660     17.025       2727 1.0329e+00    279.526    6.40828    55.2620     1.4993 1.0277e-05     4.3708     0.1606     3.1743     0.3443     0.0120     0.0000  1023.9457    23.8698     16.908    6.01055    13.2637    31.8083    1497.58    402.894    402.712 -9.990e-29
     16.655  37.839815    13.2596     16.918       2728 1.0399e+00    279.542    6.40866    55.2620     1.4968 9.4985e-06     4.3697     0.1604     3.1745     0.3466     0.0120     0.0000  1023.9488    23.8733     16.802    6.01124    13.2573    31.8113    1497.56    402.553    402.374 -9.990e-29
     16.518  37.839871    13.2573     16.724       2729 1.0607e+00    279.566    6.40923    55.2620     1.4935 9.9111e-06     4.3692     0.1603     3.1748     0.3536     0.0120     0.0000  1023.9500    23.8754     16.610    6.01145    13.2551    31.8133    1497.56    402.354    402.179 -9.990e-29
     16.351  37.843632    13.2632     16.510       2730 1.0749e+00    279.600    6.41004    55.2620     1.4908 1.0283e-05     4.3697     0.1601     3.1752     0.3583     0.0120 9.2388e-09  1023.9468    23.8732     16.397    6.01076    13.2610    31.8120    1497.57    402.559    402.389 -9.990e-29
     16.167  37.851086    13.2759     16.284       2731 1.0562e+00    279.634    6.41085    55.2620     1.4899 1.2055e-05     4.3708     0.1601     3.1757     0.3521     0.0119 1.5398e-08  1023.9405    23.8679     16.173    6.00930    13.2737    31.8084    1497.61    403.055    402.890 -9.990e-29
     15.979  37.860749    13.2910     16.015       2732 1.0186e+00    279.662    6.41152    55.2620     1.4915 1.7041e-05     4.3719     0.1602     3.1762     0.3395     0.0119 2.5663e-08  1023.9336    23.8622     15.905    6.00754    13.2888    31.8050    1497.65    403.591    403.431 0.0000e+00
     15.802  37.870738    13.3038     15.779       2733 9.8100e-01    279.691    6.41220    55.2620     1.4945 2.6572e-05     4.3727     0.1603     3.1767     0.3270     0.0120 4.2772e-08  1023.9291    23.8587     15.671    6.00598    13.3017    31.8037    1497.68    403.920    403.766 0.0000e+00
     15.651  37.879835    13.3141     15.607       2734 9.4684e-01    279.721    6.41287    55.2620     1.4966 3.5156e-05     4.3733     0.1604     3.1773     0.3156     0.0121 7.1287e-08  1023.9262    23.8566     15.500    6.00469    13.3120    31.8037    1497.72    404.113    403.963 0.0000e+00
     15.531  37.887790    13.3228     15.478       2735 9.2030e-01    279.747    6.41347    55.2620     1.4977 3.2841e-05     4.3737     0.1605     3.1779     0.3068     0.0120 1.1881e-07  1023.9241    23.8551     15.372    6.00359    13.3207    31.8039    1497.74    404.259    404.111 0.0000e+00
     15.447  37.894779    13.3297     15.371       2736 9.0786e-01    279.781    6.41423    55.2620     1.4992 2.2834e-05     4.3737     0.1606     3.1785     0.3026     0.0120 1.9802e-07  1023.9229    23.8543     15.266    6.00270    13.3276    31.8047    1497.77    404.327    404.182 0.0000e+00
     15.400  37.901040    13.3372     15.339       2737 9.1740e-01    279.826    6.41525    55.2620     1.4996 1.4708e-05     4.3735     0.1606     3.1792     0.3058     0.0119 3.3003e-07  1023.9209    23.8526     15.234    6.00178    13.3351    31.8043    1497.79    404.498    404.353 0.0000e+00
     15.390  37.906710    13.3446     15.339       2738 9.5282e-01    279.864    6.41609    55.2620     1.4978 1.0504e-05     4.3732     0.1605     3.1798     0.3176     0.0119 3.3005e-07  1023.9188    23.8504     15.234    6.00088    13.3425    31.8034    1497.81    404.703    404.558 -9.990e-29
