inst/extdata/initial_example/ctd/Cnv/C285C-006-HC.cnv
* Sea-Bird SBE19plus Data File:
* FileName = C:\Data\CTD\Hex\C285C-006-HC.hex
* Software Version 1.24
* Temperature SN =  4447
* Conductivity SN =  4447
* System UpLoad Time = Jun 15 2019 08:50:24
** Station = C285C-006-HC
** NMEA (UTC) Time = 07:54
** NMEA Latitude = 41 12.6 N
** NMEA Longitude = 70 53.4 W
** Bottom Depth = 31
** Date = 15 June 19
** Chief Scientist = Ben Harden
** General Locale = 
** C:\Data\CTD\Hex\4447201903_Tx0_CDOM1_DO2_Chl3_PAR4.con
** 4447 CTD 	Instrument	S/N	DWG #
** Voltage 0	Transmiss	CST-779PR	X
** Voltage 1	CDOM	WSCD-1258ad	X
** Voltage 2	DO	3328	x
** Voltage 3	Chl-a	SCF-3149	x
** Voltage 4	PAR	70187	x
** Voltage 5	Free	x	x
** 
# nquan = 27                                
# nvalues = 3738                        
# units = specified
# name 0 = depSM: Depth [salt water, m]
# name 1 = c0mS/cm: Conductivity [mS/cm]
# name 2 = tv290C: Temperature [ITS-90, deg C]
# name 3 = prdM: Pressure, Strain Gauge [db]
# name 4 = scan: Scan Count
# name 5 = flSP: Fluorescence, Seapoint
# name 6 = sbeox0Mm/Kg: Oxygen, SBE 43 [umol/Kg]
# name 7 = sbeox0ML/L: Oxygen, SBE 43 [ml/l]
# name 8 = bat: Beam Attenuation, Chelsea/Seatech/Wetlab CStar [1/m]
# name 9 = wetCDOM: Fluorescence, Wetlab CDOM [mg/m^3]
# name 10 = par: PAR/Irradiance, Biospherical/Licor
# name 11 = v0: Voltage 0
# name 12 = v1: Voltage 1
# name 13 = v2: Voltage 2
# name 14 = v3: Voltage 3
# name 15 = v4: Voltage 4
# name 16 = v5: Voltage 5
# name 17 = density00: Density [density, Kg/m^3]
# name 18 = sigma-é00: Density [sigma-theta, Kg/m^3]
# name 19 = depSM: Depth [salt water, m], lat = 30
# name 20 = oxsatML/L: Oxygen Saturation [ml/l]
# name 21 = potemp090C: Potential Temperature [ITS-90, deg C]
# name 22 = sal00: Salinity [PSU]
# name 23 = svCM: Sound Velocity [Chen-Millero, m/s]
# name 24 = sva: Specific Volume Anomaly [10^-8 * m^3/Kg]
# name 25 = tsa: Thermosteric Anomaly [10^-8 * m^3/Kg]
# name 26 = flag: flag
# span 0 =      0.128,     25.177       
# span 1 =   0.002956,  38.402204       
# span 2 =    12.3701,    15.6211       
# span 3 =      0.102,     25.532       
# span 4 =          1,       3738       
# span 5 = 8.4529e-02, 1.1631e+00       
# span 6 =    212.831,    297.368       
# span 7 =    4.87483,    6.65194       
# span 8 =    55.2620,    55.2620       
# span 9 =    -1.4880,     3.8733       
# span 10 = 1.5420e-09, 1.4775e-02      
# span 11 =     0.3396,     4.3099      
# span 12 =     0.0000,     0.2883      
# span 13 =     2.6133,     3.1804      
# span 14 =     0.0282,     0.3877      
# span 15 =     0.0113,     0.0824      
# span 16 =     0.0000,     0.0005      
# span 17 =   999.0127,  1024.0833      
# span 18 =    -0.9880,    23.9693      
# span 19 =      0.101,     25.357      
# span 20 =    5.86262,    7.10100      
# span 21 =    12.3669,    15.6211      
# span 22 =     0.0086,    31.7135      
# span 23 =    1464.92,    1501.20      
# span 24 =    393.569,   2832.688      
# span 25 =    393.233,   2832.894      
# span 26 = 0.0000e+00, 0.0000e+00      
# interval = seconds: 0.25                        
# start_time = Jun 15 2019 00:55:31
# bad_flag = -9.990e-29
*END*
[from data line 3222]
      0.522  38.027515    14.5287      0.525       3223 5.3960e-01    239.612    5.48831    55.2620     1.3430 7.9526e-06     0.7934     0.1522     2.8456     0.1799     0.0118 9.6756e-08  1022.9563    22.9539      0.521    5.88672    14.5286    30.9539    1500.46    489.923    490.114 -9.990e-29
      0.563  37.858188    14.5284      0.622       3224 5.9033e-01    239.693    5.48949    55.2620     1.3356 7.1765e-06     0.9778     0.1518     2.8449     0.1968     0.0118 1.6126e-07  1022.8388    22.8360      0.618    5.89230    14.5283    30.8008    1500.28    501.192    501.382 -9.990e-29
      0.590  37.575930    14.5287      0.730       3225 6.1313e-01    239.961    5.49449    55.2620     1.3242 6.0169e-06     1.2758     0.1512     2.8443     0.2044     0.0118 2.6877e-07  1022.6423    22.6391      0.725    5.90152    14.5286    30.5452    1499.99    520.024    520.211 -9.990e-29
      0.585  37.105457    14.5292      0.751       3226 6.0898e-01    240.527    5.50554    55.2620     1.3089 6.4619e-06     1.6389     0.1504     2.8439     0.2030     0.0119 4.4795e-07  1022.3148    22.3114      0.746    5.91690    14.5291    30.1200    1499.49    551.366    551.554 -9.990e-29
      0.544  36.321162    14.5297      0.686       3227 5.7917e-01    241.576    5.52637    55.2620     1.2975 8.6300e-06     1.9081     0.1497     2.8435     0.1931     0.0119 4.4795e-07  1021.7701    21.7670      0.681    5.94259    14.5296    29.4133    1498.67    603.479    603.668 -9.990e-29
      0.471  35.013754    14.5297      0.525       3228 5.1721e-01    243.436    5.56366    55.2620     1.2919 1.1758e-05     2.0274     0.1494     2.8430     0.1724     0.0120 2.6877e-07  1020.8670    20.8646      0.521    5.98555    14.5296    28.2410    1497.30    689.990    690.184 -9.990e-29
      0.386  32.834569    14.5299      0.342       3229 4.2563e-01    246.595    5.62715    55.2620     1.2787 1.4950e-05     2.0495     0.1487     2.8421     0.1419     0.0120 1.6126e-07  1019.3739    19.3723      0.340    6.05729    14.5299    26.3013    1495.04    833.385    833.583 -9.990e-29
      0.314  29.202576    14.5295      0.149       3230 3.3419e-01    251.812    5.73187    55.2620     1.2520 1.5805e-05     2.0218     0.1473     2.8401     0.1114     0.0120 9.6757e-08  1016.9201    16.9194      0.148    6.17731    14.5295    23.1098    1491.32   1070.006   1070.208 0.0000e+00
      0.275  24.763331    14.5263      0.138       3231 2.6972e-01    258.055    5.85677    55.2620     1.2142 1.2072e-05     1.9577     0.1452     2.8370     0.0899     0.0120 5.8054e-08  1013.9817    13.9810      0.137    6.32477    14.5263    19.2816    1486.87   1354.970   1355.173 0.0000e+00
      0.270  22.185081    14.5216      0.149       3232 2.3877e-01    261.447    5.92394    55.2620     1.1590 7.3486e-06     1.8401     0.1423     2.8342     0.0796     0.0119 3.4832e-08  1012.3067    12.3061      0.148    6.41087    14.5216    17.0971    1484.31   1518.150   1518.353 -9.990e-29
      0.297  23.573290    14.5243      0.181       3233 2.4416e-01    259.108    5.87609    55.2620     1.0561 4.5853e-06     1.6927     0.1368     2.8333     0.0814     0.0119 2.0899e-08  1013.2059    13.2051      0.180    6.36448    14.5243    18.2697    1485.69   1430.503   1430.705 -9.990e-29
      0.352  27.759429    14.5287      0.256       3234 2.9159e-01    252.847    5.74982    55.2620     0.8735 3.0447e-06     1.5864     0.1270     2.8340     0.0972     0.0119 1.2540e-08  1015.9581    15.9570      0.254    6.22517    14.5287    21.8564    1489.87   1163.166   1163.367 -9.990e-29
      0.425  31.640008    14.5306      0.450       3235 3.8756e-01    247.025    5.63232    55.2620     0.6694 2.3161e-06     1.5482     0.1160     2.8338     0.1292     0.0119 7.5239e-09  1018.5623    18.5603      0.447    6.09664    14.5305    25.2454    1493.82    911.596    911.793 -9.990e-29
      0.495  34.074896    14.5307      0.600       3236 5.0086e-01    243.135    5.55312    55.2620     0.5636 2.2052e-06     1.5272     0.1103     2.8314     0.1670     0.0119 4.5143e-09  1020.2218    20.2191      0.596    6.01635    14.5306    27.4024    1496.33    751.968    752.160 -9.990e-29
      0.544  35.640414    14.5305      0.643       3237 5.6990e-01    240.306    5.49465    55.2620     0.5855 2.6822e-06     1.4366     0.1115     2.8272     0.1900     0.0119 2.7086e-09  1021.2987    21.2959      0.639    5.96487    14.5304    28.8015    1497.96    648.631    648.822 -9.990e-29
      0.569  36.635819    14.5305      0.676       3238 5.8754e-01    238.150    5.44926    55.2620     0.6819 3.8745e-06     1.2114     0.1167     2.8220     0.1958     0.0119 1.6252e-09  1021.9874    21.9844      0.671    5.93219    14.5304    29.6958    1499.00    582.662    582.851 -9.990e-29
      0.571  37.223363    14.5304      0.643       3239 5.8919e-01    236.489    5.41360    55.2620     0.8872 5.7133e-06     0.9022     0.1277     2.8166     0.1964     0.0120 9.7509e-10  1022.3953    22.3924      0.639    5.91292    14.5303    30.2255    1499.62    543.613    543.803 -9.990e-29
      0.556  37.574065    14.5304      0.600       3240 5.8644e-01    235.108    5.38338    55.2620     1.3308 8.3020e-06     0.6482     0.1516     2.8116     0.1955     0.0120 5.8505e-10  1022.6391    22.6364      0.596    5.90142    14.5303    30.5423    1499.99    520.274    520.464 -9.990e-29
      0.528  37.805321    14.5302      0.568       3241 5.6924e-01    233.876    5.35609    55.2620     1.9262 1.2718e-05     0.4924     0.1836     2.8068     0.1897     0.0120 3.5103e-10  1022.8003    22.7977      0.564    5.89386    14.5301    30.7516    1500.23    504.853    505.044 -9.990e-29
      0.491  37.963098    14.5300      0.536       3242 5.3101e-01    232.822    5.33256    55.2620     2.4149 1.6317e-05     0.3932     0.2098     2.8023     0.1770     0.0120 2.1062e-10  1022.9103    22.9079      0.532    5.88871    14.5299    30.8945    1500.39    494.320    494.512 -9.990e-29
      0.442  38.068057    14.5299      0.514       3243 4.7628e-01    232.016    5.31451    55.2620     2.7334 1.5851e-05     0.3396     0.2270     2.7980     0.1588     0.0120 1.2637e-10  1022.9835    22.9812      0.511    5.88528    14.5298    30.9897    1500.50    487.313    487.505 -9.990e-29
      0.381  38.135373    14.5299      0.407       3244 4.0137e-01    231.414    5.30097    55.2620     2.9477 1.3106e-05     0.3482     0.2385     2.7937     0.1338     0.0119 7.5821e-11  1023.0301    23.0283      0.404    5.88308    14.5298    31.0507    1500.57    482.818    483.012 -9.990e-29
      0.313  38.171653    14.5299      0.299       3245 3.0774e-01    230.835    5.28784    55.2620     3.1132 9.2608e-06     0.4366     0.2474     2.7885     0.1026     0.0119 4.5493e-11  1023.0549    23.0536      0.297    5.88189    14.5299    31.0836    1500.61    480.392    480.589 -9.990e-29
      0.253  38.184634    14.5302      0.149       3246 2.2542e-01    230.108    5.27125    55.2620     3.3053 5.5884e-06     0.5941     0.2577     2.7819     0.0752     0.0118 2.7296e-11  1023.0631    23.0625      0.148    5.88143    14.5302    31.0952    1500.62    479.542    479.743 -9.990e-29
      0.211  38.178959    14.5305      0.127       3247 1.7225e-01    229.256    5.25170    55.2620     3.6024 3.4062e-06     0.7938     0.2737     2.7747     0.0574     0.0118 1.6378e-11  1023.0588    23.0583      0.126    5.88159    14.5305    31.0898    1500.62    479.943    480.144 0.0000e+00
      0.189  38.149709    14.5308      0.159       3248 1.4050e-01    228.473    5.23365    55.2620     3.8733 2.1324e-06     1.0546     0.2883     2.7682     0.0468     0.0118 9.8266e-12  1023.0383    23.0376      0.158    5.88252    14.5308    31.0630    1500.59    481.920    482.120 -9.990e-29
      0.178  38.086325    14.5311      0.159       3249 1.2140e-01    227.930    5.22096    55.2620     3.8276 1.4273e-06     1.3667     0.2858     2.7633     0.0405     0.0118 5.8960e-12  1022.9938    22.9931      0.158    5.88457    14.5311    31.0054    1500.52    486.171    486.371 -9.990e-29
      0.170  37.972175    14.5310      0.181       3250 1.0959e-01    227.717    5.21563    55.2620     3.4982 1.1028e-06     1.6545     0.2681     2.7599     0.0365     0.0118 3.5376e-12  1022.9143    22.9135      0.180    5.88832    14.5310    30.9021    1500.40    493.776    493.975 -9.990e-29
      0.162  37.778044    14.5305      0.159       3251 1.0228e-01    227.896    5.21898    55.2620     3.1282 1.0723e-06     1.9155     0.2482     2.7579     0.0341     0.0118 2.1226e-12  1022.7793    22.7786      0.158    5.89472    14.5305    30.7268    1500.19    506.673    506.874 -9.990e-29
      0.155  37.454284    14.5299      0.148       3252 9.7744e-02    228.521    5.23202    55.2620     2.7939 1.3278e-06     2.2191     0.2302     2.7567     0.0326     0.0118 1.2735e-12  1022.5542    22.5536      0.147    5.90539    14.5299    30.4346    1499.85    528.186    528.387 -9.990e-29
      0.149  36.916817    14.5300      0.138       3253 9.4843e-02    229.647    5.25573    55.2620     2.4452 1.9374e-06     2.5330     0.2115     2.7560     0.0316     0.0117 7.6414e-13  1022.1805    22.1799      0.137    5.92301    14.5300    29.9495    1499.29    563.936    564.137 -9.990e-29
      0.145  36.024641    14.5295      0.148       3254 9.2957e-02    231.335    5.29093    55.2620     2.2447 3.0637e-06     2.7142     0.2007     2.7551     0.0310     0.0117 4.5853e-13  1021.5628    21.5622      0.147    5.95234    14.5295    29.1472    1498.35    623.093    623.294 -9.990e-29
      0.143  34.542666    14.5295      0.116       3255 9.1750e-02    233.775    5.34105    55.2620     2.3819 5.0069e-06     2.6978     0.2081     2.7537     0.0306     0.0118 2.7518e-13  1020.5415    20.5410      0.115    6.00106    14.5295    27.8205    1496.80    721.042    721.244 0.0000e+00
      0.145  32.077779    14.5292      0.148       3256 9.0947e-02    237.446    5.41556    55.2620     2.6223 7.8986e-06     2.5617     0.2210     2.7517     0.0303     0.0119 1.6521e-13  1018.8589    18.8582      0.147    6.08233    14.5292    25.6325    1494.26    882.883    883.085 -9.990e-29
      0.147  27.971851    14.5291      0.148       3257 9.0302e-02    243.277    5.53314    55.2620     2.7655 9.8257e-06     2.4345     0.2287     2.7492     0.0301     0.0119 9.9290e-14  1016.0987    16.0980      0.147    6.21809    14.5291    22.0402    1490.08   1149.498   1149.700 -9.990e-29
      0.148  22.339138    14.5291      0.170       3258 8.9857e-02    251.136    5.69114    55.2620     2.8514 9.3918e-06     2.3645     0.2333     2.7464     0.0299     0.0119 5.9850e-14  1012.4025    12.4018      0.169    6.40488    14.5291    17.2236    1484.49   1508.813   1509.016 -9.990e-29
      0.147  16.917722    14.5291      0.127       3259 8.9615e-02    258.551    5.83967    55.2620     2.9075 7.8230e-06     2.3330     0.2363     2.7435     0.0299     0.0119 3.6369e-14  1008.9498     8.9492      0.126    6.58457    14.5291    12.7209    1479.25   1846.816   1847.020 -9.990e-29
      0.148  13.103731    14.5283      0.138       3260 8.9314e-02    263.568    5.93959    55.2620     2.9496 5.6563e-06     2.3231     0.2386     2.7406     0.0298     0.0119 2.2588e-14  1006.5899     6.5893      0.137    6.71041    14.5283     9.6427    1475.67   2079.184   2079.389 -9.990e-29
      0.151  10.636253    14.5272      0.170       3261 8.9011e-02    266.675    6.00108    55.2620     2.9798 3.6561e-06     2.3147     0.2402     2.7381     0.0297     0.0118 1.4830e-14  1005.0979     5.0972      0.169    6.79127    14.5272     7.6972    1473.39   2226.664   2226.870 -9.990e-29
      0.152   8.871390    14.5270      0.159       3262 8.8869e-02    268.885    6.04475    55.2620     2.9964 2.6309e-06     2.2969     0.2411     2.7361     0.0296     0.0118 1.1027e-14  1004.0494     4.0487      0.158    6.84855    14.5270     6.3311    1471.79   2330.556   2330.761 -9.990e-29
      0.152   7.580760    14.5266      0.148       3263 8.8836e-02    270.540    6.07753    55.2620     3.0040 2.3074e-06     2.2914     0.2415     2.7345     0.0296     0.0119 1.0164e-14  1003.2940     3.2934      0.147    6.89013    14.5266     5.3474    1470.64   2405.540   2405.745 -9.990e-29
      0.151   6.656428    14.5256      0.148       3264 8.8748e-02    271.791    6.10247    55.2620     3.0092 2.2123e-06     2.3497     0.2418     2.7333     0.0296     0.0119 1.2012e-14  1002.7598     2.7591      0.147    6.91980    14.5256     4.6518    1469.81   2458.646   2458.852 -9.990e-29
      0.152   5.964476    14.5247      0.159       3265 8.8416e-02    272.830    6.12343    55.2620     3.0147 1.9336e-06     2.5137     0.2421     2.7324     0.0295     0.0118 1.7063e-14  1002.3638     2.3630      0.158    6.94188    14.5247     4.1365    1469.20   2498.048   2498.254 -9.990e-29
      0.152   5.450443    14.5234      0.148       3266 8.7979e-02    273.704    6.14127    55.2620     3.0195 1.7838e-06     2.7454     0.2423     2.7319     0.0293     0.0118 2.6665e-14  1002.0720     2.0713      0.147    6.95829    14.5234     3.7569    1468.75   2527.093   2527.299 -9.990e-29
      0.152   5.087888    14.5224      0.148       3267 8.7778e-02    274.410    6.15589    55.2620     3.0224 2.1096e-06     2.9431     0.2425     2.7316     0.0293     0.0119 4.3376e-14  1001.8675     1.8668      0.147    6.96982    14.5224     3.4909    1468.43   2547.461   2547.667 -9.990e-29
      0.153   4.789373    14.5213      0.159       3268 8.7777e-02    275.053    6.16927    55.2620     3.0250 2.6112e-06     3.0776     0.2426     2.7315     0.0293     0.0119 7.1655e-14  1001.7001     1.6993      0.158    6.97933    14.5213     3.2730    1468.17   2564.149   2564.355 -9.990e-29
      0.154   4.485547    14.5211      0.148       3269 8.7729e-02    275.713    6.18304    55.2620     3.0303 3.0356e-06     3.1848     0.2429     2.7317     0.0292     0.0118 1.1904e-13  1001.5302     1.5295      0.147    6.98883    14.5211     3.0523    1467.91   2581.079   2581.285 -9.990e-29
      0.155   4.180836    14.5211      0.159       3270 8.7700e-02    276.361    6.19654    55.2620     3.0384 3.8827e-06     3.2769     0.2434     2.7320     0.0292     0.0118 1.9817e-13  1001.3607     1.3600      0.158    6.99829    14.5211     2.8321    1467.65   2597.983   2598.189 -9.990e-29
      0.156   3.895442    14.5213      0.169       3271 8.7848e-02    276.951    6.20877    55.2620     3.0479 4.4233e-06     3.3457     0.2439     2.7323     0.0293     0.0118 3.3015e-13  1001.2027     1.2020      0.168    7.00709    14.5213     2.6270    1467.41   2613.742   2613.949 -9.990e-29
      0.156   3.647202    14.5216      0.148       3272 8.8060e-02    277.444    6.21898    55.2620     3.0526 3.4596e-06     3.3930     0.2441     2.7326     0.0294     0.0118 5.5017e-13  1001.0659     1.0652      0.147    7.01469    14.5216     2.4496    1467.20   2627.389   2627.595 -9.990e-29
      0.156   3.449248    14.5216      0.148       3273 8.8134e-02    277.827    6.22690    55.2620     3.0486 2.0765e-06     3.4278     0.2439     2.7328     0.0294     0.0117 9.1690e-13  1000.9573     0.9566      0.147    7.02076    14.5216     2.3087    1467.03   2638.222   2638.428 -9.990e-29
      0.157   3.300932    14.5218      0.169       3274 8.8013e-02    278.125    6.23308    55.2620     3.0442 1.2472e-06     3.4526     0.2437     2.7331     0.0294     0.0117 1.5281e-12  1000.8763     0.8756      0.168    7.02527    14.5218     2.2035    1466.91   2646.315   2646.521 -9.990e-29
      0.157   3.213531    14.5218      0.158       3275 8.7711e-02    278.336    6.23751    55.2620     3.0459 7.5048e-07     3.4705     0.2438     2.7335     0.0293     0.0117 2.5469e-12  1000.8287     0.8279      0.157    7.02794    14.5218     2.1418    1466.83   2651.070   2651.277 -9.990e-29
