inst/extdata/initial_example/ctd/Cnv/C285C-005-HC.cnv
* Sea-Bird SBE19plus Data File:
* FileName = C:\Data\CTD\Hex\C285C-005-HC.hex
* Software Version 1.24
* Temperature SN =  4447
* Conductivity SN =  4447
* System UpLoad Time = Jun 15 2019 01:08:52
** Station = C285C-005-HC
** NMEA (UTC) Time = 0035
** NMEA Latitude = 41 02.2'N
** NMEA Longitude = 071 03.7'W
** Bottom Depth = 43
** Date = 14 June 2019
** Chief Scientist = Ben Harden
** General Locale = 
** C:\Data\CTD\Hex\4447201903_Tx0_CDOM1_DO2_Chl3_PAR4.con
** 4447 CTD 	Instrument	S/N	DWG #
** Voltage 0	Transmiss	CST-779PR	X
** Voltage 1	CDOM	WSCD-1258ad	X
** Voltage 2	DO	3328	x
** Voltage 3	Chl-a	SCF-3149	x
** Voltage 4	PAR	70187	x
** Voltage 5	Free	x	x
** 
# nquan = 27                                
# nvalues = 3096                        
# units = specified
# name 0 = depSM: Depth [salt water, m]
# name 1 = c0mS/cm: Conductivity [mS/cm]
# name 2 = tv290C: Temperature [ITS-90, deg C]
# name 3 = prdM: Pressure, Strain Gauge [db]
# name 4 = scan: Scan Count
# name 5 = flSP: Fluorescence, Seapoint
# name 6 = sbeox0Mm/Kg: Oxygen, SBE 43 [umol/Kg]
# name 7 = sbeox0ML/L: Oxygen, SBE 43 [ml/l]
# name 8 = bat: Beam Attenuation, Chelsea/Seatech/Wetlab CStar [1/m]
# name 9 = wetCDOM: Fluorescence, Wetlab CDOM [mg/m^3]
# name 10 = par: PAR/Irradiance, Biospherical/Licor
# name 11 = v0: Voltage 0
# name 12 = v1: Voltage 1
# name 13 = v2: Voltage 2
# name 14 = v3: Voltage 3
# name 15 = v4: Voltage 4
# name 16 = v5: Voltage 5
# name 17 = density00: Density [density, Kg/m^3]
# name 18 = sigma-é00: Density [sigma-theta, Kg/m^3]
# name 19 = depSM: Depth [salt water, m], lat = 30
# name 20 = oxsatML/L: Oxygen Saturation [ml/l]
# name 21 = potemp090C: Potential Temperature [ITS-90, deg C]
# name 22 = sal00: Salinity [PSU]
# name 23 = svCM: Sound Velocity [Chen-Millero, m/s]
# name 24 = sva: Specific Volume Anomaly [10^-8 * m^3/Kg]
# name 25 = tsa: Thermosteric Anomaly [10^-8 * m^3/Kg]
# name 26 = flag: flag
# span 0 =      0.076,     39.535       
# span 1 =   0.001662,  39.446019       
# span 2 =     8.9683,    15.5523       
# span 3 =      0.054,     39.820       
# span 4 =          1,       3096       
# span 5 = 6.8222e-02, 1.8969e+00       
# span 6 =    212.025,    345.639       
# span 7 =    4.86599,    7.92977       
# span 8 =    55.2620,    55.2620       
# span 9 =     0.7828,     3.1780       
# span 10 = 1.5601e-07, 3.7343e+00      
# span 11 =     0.9246,     4.5415      
# span 12 =     0.1221,     0.2509      
# span 13 =     2.3690,     3.5818      
# span 14 =     0.0227,     0.6323      
# span 15 =     0.0116,     1.6805      
# span 16 =     0.0000,     0.0003      
# span 17 =   999.0228,  1025.2539      
# span 18 =    -0.9776,    25.0801      
# span 19 =      0.054,     39.545      
# span 20 =    5.81604,    7.03681      
# span 21 =     8.9648,    15.5523      
# span 22 =     0.0082,    32.3917      
# span 23 =    1466.46,    1502.66      
# span 24 =    287.693,   2831.651      
# span 25 =    287.397,   2831.856      
# span 26 = 0.0000e+00, 0.0000e+00      
# interval = seconds: 0.25                        
# start_time = Jun 14 2019 17:33:39
# bad_flag = -9.990e-29
*END*
[from data line 3007]
      0.183   6.024469    14.7151      0.182       3008 8.6772e-02    234.090    5.25400    55.2620     3.0775 4.9932e-01     4.4979     0.2455     2.4873     0.0289     0.8628 1.7273e-13  1002.3529     2.3521      0.181    6.91233    14.7151     4.1607    1469.90   2499.138   2499.344 -9.990e-29
      0.186   5.397502    14.7148      0.203       3009 8.6919e-02    234.084    5.25200    55.2620     3.0764 4.8164e-01     4.4642     0.2454     2.4773     0.0290     0.8491 2.8788e-13  1001.9988     1.9979      0.202    6.93195    14.7148     3.6998    1469.35   2534.406   2534.613 -9.990e-29
      0.186   4.749509    14.7146      0.203       3010 8.7005e-02    234.256    5.25394    55.2620     3.0758 4.6071e-01     4.4065     0.2454     2.4682     0.0290     0.8325 4.7981e-13  1001.6360     1.6351      0.202    6.95208    14.7146     3.2281    1468.80   2570.553   2570.759 -9.990e-29
      0.184   4.250414    14.7144      0.181       3011 8.7145e-02    234.380    5.25525    55.2620     3.0785 4.3909e-01     4.3090     0.2455     2.4600     0.0290     0.8147 7.9968e-13  1001.3590     1.3582      0.180    6.96748    14.7144     2.8682    1468.37   2598.159   2598.365 -9.990e-29
      0.181   3.981743    14.7143      0.181       3012 8.7574e-02    234.339    5.25355    55.2620     3.0808 4.1906e-01     4.1452     0.2456     2.4525     0.0292     0.7978 1.3328e-12  1001.2110     1.2101      0.180    6.97572    14.7143     2.6758    1468.14   2612.929   2613.135 -9.990e-29
      0.180   3.907944    14.7140      0.170       3013 8.8239e-02    234.168    5.24950    55.2620     3.0790 4.0517e-01     3.8714     0.2455     2.4459     0.0294     0.7858 2.2213e-12  1001.1704     1.1696      0.169    6.97802    14.7140     2.6231    1468.08   2616.969   2617.175 -9.990e-29
      0.179   3.916979    14.7140      0.181       3014 8.8752e-02    233.986    5.24544    55.2620     3.0754 4.0050e-01     3.5339     0.2453     2.4400     0.0296     0.7819 3.7022e-12  1001.1754     1.1746      0.180    6.97775    14.7140     2.6296    1468.09   2616.473   2616.680 -9.990e-29
      0.180   3.895409    14.7137      0.170       3015 8.8931e-02    233.901    5.24348    55.2620     3.0729 4.0606e-01     3.2817     0.2452     2.4348     0.0296     0.7871 6.1703e-12  1001.1636     1.1628      0.169    6.97845    14.7137     2.6142    1468.07   2617.649   2617.856 -9.990e-29
      0.182   3.799336    14.7135      0.181       3016 8.8974e-02    233.944    5.24416    55.2620     3.0744 4.1844e-01     3.1670     0.2453     2.4302     0.0296     0.7982 1.0284e-11  1001.1110     1.1101      0.180    6.98141    14.7135     2.5458    1467.99   2622.903   2623.110 -9.990e-29
      0.185   3.641568    14.7133      0.192       3017 8.8939e-02    234.086    5.24688    55.2620     3.0774 4.3128e-01     3.1592     0.2455     2.4261     0.0296     0.8095 1.7140e-11  1001.0247     1.0238      0.191    6.98625    14.7133     2.4337    1467.85   2631.514   2631.721 -9.990e-29
      0.187   3.460928    14.7131      0.181       3018 8.8893e-02    234.276    5.25063    55.2620     3.0774 4.4103e-01     3.2313     0.2455     2.4225     0.0296     0.8180 2.8566e-11  1000.9262     0.9254      0.180    6.99176    14.7131     2.3058    1467.70   2641.343   2641.550 -9.990e-29
      0.190   3.286344    14.7129      0.202       3019 8.9039e-02    234.485    5.25482    55.2620     3.0764 4.4742e-01     3.3527     0.2454     2.4193     0.0297     0.8235 4.7611e-11  1000.8315     0.8305      0.201    6.99708    14.7129     2.1826    1467.55   2650.810   2651.017 -9.990e-29
      0.190   3.117200    14.7128      0.202       3020 8.9154e-02    234.700    5.25915    55.2620     3.0783 4.5266e-01     3.5308     0.2455     2.4166     0.0297     0.8279 7.9351e-11  1000.7399     0.7390      0.201    7.00220    14.7128     2.0638    1467.41   2659.952   2660.159 -9.990e-29
      0.189   2.968892    14.7125      0.191       3021 8.8965e-02    234.884    5.26284    55.2620     3.0860 4.5928e-01     3.7257     0.2459     2.4141     0.0296     0.8333 1.3225e-10  1000.6599     0.6590      0.190    7.00671    14.7125     1.9599    1467.29   2667.937   2668.144 -9.990e-29
      0.186   2.881933    14.7123      0.191       3022 8.8559e-02    234.999    5.26519    55.2620     3.0961 4.6707e-01     3.8140     0.2465     2.4119     0.0295     0.8395 2.2042e-10  1000.6131     0.6122      0.190    7.00935    14.7123     1.8992    1467.21   2672.607   2672.814 -9.990e-29
      0.184   2.851757    14.7120      0.170       3023 8.8087e-02    235.056    5.26638    55.2620     3.1025 4.7555e-01     3.7316     0.2468     2.4100     0.0294     0.8461 3.6737e-10  1000.5969     0.5961      0.169    7.01030    14.7120     1.8782    1467.19   2674.221   2674.428 -9.990e-29
      0.184   2.846378    14.7117      0.180       3024 8.7728e-02    235.078    5.26685    55.2620     3.1051 4.8527e-01     3.4565     0.2470     2.4083     0.0292     0.8536 6.1228e-10  1000.5941     0.5932      0.179    7.01050    14.7117     1.8745    1467.18   2674.504   2674.711 -9.990e-29
      0.185   2.860852    14.7115      0.191       3025 8.7584e-02    235.069    5.26669    55.2620     3.1079 4.9590e-01     3.0461     0.2471     2.4067     0.0292     0.8617 1.0205e-09  1000.6019     0.6011      0.190    7.01010    14.7115     1.8846    1467.19   2673.723   2673.930 -9.990e-29
      0.186   2.888756    14.7112      0.180       3026 8.7526e-02    235.038    5.26608    55.2620     3.1131 5.0659e-01     2.6523     0.2474     2.4054     0.0291     0.8697 1.7008e-09  1000.6170     0.6161      0.179    7.00931    14.7112     1.9041    1467.22   2672.220   2672.427 -9.990e-29
      0.187   2.893041    14.7108      0.191       3027 8.7401e-02    235.030    5.26590    55.2620     3.1193 5.1639e-01     2.3008     0.2477     2.4041     0.0291     0.8769 2.8346e-09  1000.6194     0.6185      0.190    7.00924    14.7108     1.9071    1467.22   2671.982   2672.189 -9.990e-29
      0.189   2.827859    14.7107      0.180       3028 8.7344e-02    235.107    5.26745    55.2620     3.1247 5.2511e-01     1.9809     0.2480     2.4031     0.0291     0.8833 4.7244e-09  1000.5843     0.5835      0.179    7.01121    14.7107     1.8616    1467.16   2675.479   2675.685 -9.990e-29
      0.192   2.690743    14.7105      0.201       3029 8.7553e-02    235.275    5.27081    55.2620     3.1247 5.3228e-01     1.7730     0.2480     2.4022     0.0292     0.8885 7.8739e-09  1000.5110     0.5100      0.200    7.01534    14.7105     1.7663    1467.05   2682.816   2683.023 -9.990e-29
      0.194   2.516928    14.7101      0.201       3030 8.8052e-02    235.496    5.27528    55.2620     3.1162 5.3630e-01     1.7044     0.2475     2.4015     0.0293     0.8914 1.3123e-08  1000.4182     0.4173      0.200    7.02059    14.7101     1.6460    1466.90   2692.081   2692.288 -9.990e-29
      0.194   2.337113    14.7098      0.201       3031 8.8685e-02    235.752    5.28053    55.2620     3.1053 5.3748e-01     1.7264     0.2470     2.4010     0.0295     0.8923 2.1872e-08  1000.3227     0.3218      0.200    7.02597    14.7098     1.5221    1466.76   2701.625   2701.832 -9.990e-29
      0.194   2.179266    14.7095      0.179       3032 8.9027e-02    236.021    5.28611    55.2620     3.0976 5.3748e-01     1.7844     0.2465     2.4008     0.0296     0.8923 3.6453e-08  1000.2392     0.2383      0.178    7.03068    14.7095     1.4139    1466.63   2709.965   2710.172 -9.990e-29
      0.195   2.064614    14.7093      0.201       3033 8.9000e-02    236.278    5.29154    55.2620     3.0940 5.3727e-01     1.8635     0.2463     2.4009     0.0296     0.8922 6.0756e-08  1000.1789     0.1780      0.200    7.03409    14.7093     1.3356    1466.53   2716.000   2716.207 -9.990e-29
      0.196   1.995165    14.7089      0.201       3034 8.9040e-02    236.515    5.29666    55.2620     3.0909 5.3694e-01     1.9848     0.2462     2.4011     0.0297     0.8920 1.0126e-07  1000.1425     0.1415      0.200    7.03619    14.7089     1.2884    1466.47   2719.641   2719.848 -9.990e-29
      0.196   1.976344    14.7085      0.190       3035 8.9386e-02    236.724    5.30128    55.2620     3.0812 5.3554e-01     2.1335     0.2457     2.4015     0.0298     0.8910 1.6877e-07  1000.1326     0.1317      0.189    7.03681    14.7085     1.2756    1466.46   2720.621   2720.828 -9.990e-29
      0.196   2.024989    14.7084      0.222       3036 8.9734e-02    236.887    5.30507    55.2620     3.0633 5.3243e-01     2.2546     0.2447     2.4021     0.0299     0.8887 2.8128e-07  1000.1583     0.1573      0.220    7.03539    14.7084     1.3087    1466.50   2718.066   2718.273 -9.990e-29
      0.194   2.137515    14.7081      0.179       3037 8.9749e-02    236.994    5.30779    55.2620     3.0430 5.2813e-01     2.3331     0.2436     2.4029     0.0299     0.8857 4.6879e-07  1000.2174     0.2166      0.178    7.03213    14.7081     1.3854    1466.59   2712.142   2712.348 -9.990e-29
      0.193   2.275459    14.7080      0.189       3038 8.9618e-02    237.076    5.31000    55.2620     3.0371 5.2317e-01     2.3868     0.2433     2.4037     0.0299     0.8821 4.6879e-07  1000.2903     0.2895      0.188    7.02807    14.7080     1.4798    1466.70   2704.857   2705.064 -9.990e-29
      0.192   2.403278    14.7075      0.211       3039 8.9581e-02    237.166    5.31238    55.2620     3.0513 5.1749e-01     2.4232     0.2441     2.4047     0.0299     0.8780 2.8128e-07  1000.3583     0.3573      0.210    7.02435    14.7075     1.5677    1466.80   2698.074   2698.282 -9.990e-29
      0.189   2.520275    14.7072      0.189       3040 8.9461e-02    237.263    5.31489    55.2620     3.0710 5.1089e-01     2.4488     0.2451     2.4057     0.0298     0.8731 1.6877e-07  1000.4205     0.4196      0.188    7.02092    14.7072     1.6484    1466.90   2691.850   2692.057 -9.990e-29
      0.185   2.650459    14.7069      0.178       3041 8.9149e-02    237.344    5.31706    55.2620     3.0852 5.0308e-01     2.4681     0.2459     2.4068     0.0297     0.8673 1.0126e-07  1000.4900     0.4892      0.177    7.01709    14.7069     1.7385    1467.00   2684.902   2685.109 -9.990e-29
      0.183   2.811222    14.7065      0.178       3042 8.8805e-02    237.384    5.31843    55.2620     3.0915 4.9478e-01     2.4822     0.2462     2.4080     0.0296     0.8611 6.0756e-08  1000.5762     0.5753      0.177    7.01234    14.7065     1.8502    1467.14   2676.292   2676.499 -9.990e-29
      0.182   2.987770    14.7063      0.178       3043 8.8461e-02    237.392    5.31910    55.2620     3.0949 4.8743e-01     2.4926     0.2464     2.4092     0.0294     0.8556 3.6454e-08  1000.6712     0.6703      0.177    7.00707    14.7063     1.9734    1467.28   2666.804   2667.010 -9.990e-29
      0.183   3.146822    14.7060      0.178       3044 8.8253e-02    237.399    5.31973    55.2620     3.0992 4.8173e-01     2.5021     0.2466     2.4104     0.0294     0.8512 2.1872e-08  1000.7571     0.7563      0.177    7.00232    14.7060     2.0849    1467.41   2658.222   2658.429 -9.990e-29
      0.185   3.267398    14.7057      0.189       3045 8.8173e-02    237.432    5.32079    55.2620     3.1033 4.7823e-01     2.5110     0.2469     2.4115     0.0294     0.8486 1.3123e-08  1000.8225     0.8217      0.188    6.99873    14.7057     2.1697    1467.51   2651.696   2651.903 -9.990e-29
      0.187   3.347198    14.7053      0.199       3046 8.8029e-02    237.495    5.32244    55.2620     3.1039 4.7753e-01     2.5178     0.2469     2.4125     0.0293     0.8481 7.8739e-09  1000.8660     0.8650      0.198    6.99637    14.7053     2.2259    1467.58   2647.364   2647.571 -9.990e-29
      0.187   3.379237    14.7051      0.178       3047 8.7938e-02    237.599    5.32486    55.2620     3.0999 4.7921e-01     2.5221     0.2467     2.4136     0.0293     0.8494 4.7243e-09  1000.8833     0.8825      0.177    6.99543    14.7051     2.2485    1467.60   2645.622   2645.829 -9.990e-29
      0.188   3.345687    14.7048      0.188       3048 8.8026e-02    237.766    5.32851    55.2620     3.0972 4.8202e-01     2.5248     0.2465     2.4146     0.0293     0.8516 2.8346e-09  1000.8652     0.8643      0.187    6.99649    14.7048     2.2249    1467.57   2647.436   2647.643 -9.990e-29
      0.189   3.244178    14.7044      0.199       3049 8.8151e-02    238.003    5.33353    55.2620     3.0986 4.8520e-01     2.5258     0.2466     2.4157     0.0294     0.8540 1.7008e-09  1000.8102     0.8093      0.198    6.99962    14.7044     2.1534    1467.49   2652.927   2653.134 -9.990e-29
      0.189   3.102038    14.7042      0.188       3050 8.7917e-02    238.284    5.33942    55.2620     3.1025 4.8798e-01     2.5249     0.2468     2.4167     0.0293     0.8562 1.0205e-09  1000.7333     0.7324      0.187    7.00394    14.7042     2.0536    1467.37   2660.605   2660.812 -9.990e-29
      0.189   2.957854    14.7040      0.188       3051 8.7492e-02    238.574    5.34549    55.2620     3.1032 4.8972e-01     2.5230     0.2468     2.4178     0.0292     0.8575 6.1229e-10  1000.6555     0.6547      0.187    7.00831    14.7040     1.9527    1467.25   2668.370   2668.577 -9.990e-29
      0.189   2.839790    14.7040      0.188       3052 8.7373e-02    238.835    5.35100    55.2620     3.1000 4.9139e-01     2.5213     0.2466     2.4188     0.0291     0.8588 3.6737e-10  1000.5920     0.5912      0.187    7.01186    14.7040     1.8703    1467.15   2674.713   2674.919 -9.990e-29
      0.190   2.763099    14.7037      0.188       3053 8.7297e-02    239.033    5.35523    55.2620     3.0986 4.9463e-01     2.5200     0.2466     2.4198     0.0291     0.8612 2.2042e-10  1000.5509     0.5501      0.187    7.01420    14.7037     1.8169    1467.09   2678.818   2679.025 -9.990e-29
      0.192   2.726164    14.7035      0.187       3054 8.6850e-02    239.151    5.35777    55.2620     3.0980 4.9892e-01     2.5189     0.2466     2.4205     0.0290     0.8644 1.3225e-10  1000.5312     0.5303      0.186    7.01534    14.7035     1.7912    1467.05   2680.792   2680.999 -9.990e-29
      0.195   2.718771    14.7034      0.198       3055 8.6293e-02    239.195    5.35873    55.2620     3.0949 5.0246e-01     2.5176     0.2464     2.4210     0.0288     0.8671 7.9352e-11  1000.5273     0.5264      0.197    7.01557    14.7034     1.7861    1467.05   2681.185   2681.392 -9.990e-29
      0.198   2.731205    14.7031      0.209       3056 8.6072e-02    239.203    5.35894    55.2620     3.0915 5.0433e-01     2.5157     0.2462     2.4216     0.0287     0.8685 4.7613e-11  1000.5340     0.5331      0.208    7.01524    14.7031     1.7948    1467.06   2680.514   2680.721 -9.990e-29
      0.198   2.742581    14.7029      0.209       3057 8.6189e-02    239.216    5.35927    55.2620     3.0923 5.0455e-01     2.5124     0.2462     2.4222     0.0287     0.8686 2.8570e-11  1000.5402     0.5392      0.208    7.01493    14.7029     1.8027    1467.07   2679.902   2680.109 -9.990e-29
      0.197   2.740170    14.7029      0.187       3058 8.6341e-02    239.233    5.35964    55.2620     3.0966 5.0403e-01     2.5083     0.2465     2.4227     0.0288     0.8682 1.7146e-11  1000.5388     0.5379      0.186    7.01501    14.7029     1.8010    1467.06   2680.031   2680.238 -9.990e-29
      0.197   2.736277    14.7026      0.198       3059 8.6462e-02    239.235    5.35968    55.2620     3.0993 5.0328e-01     2.5048     0.2466     2.4231     0.0288     0.8677 1.0293e-11  1000.5368     0.5359      0.197    7.01517    14.7026     1.7983    1467.06   2680.234   2680.441 -9.990e-29
      0.198   2.750963    14.7024      0.198       3060 8.6918e-02    239.221    5.35940    55.2620     3.0974 5.0159e-01     2.5022     0.2465     2.4235     0.0290     0.8664 6.1860e-12  1000.5447     0.5438      0.197    7.01476    14.7024     1.8085    1467.07   2679.444   2679.651 -9.990e-29
