inst/extdata/initial_example/ctd/Cnv/C285C-006-HC.cnv
* Sea-Bird SBE19plus Data File:
* FileName = C:\Data\CTD\Hex\C285C-006-HC.hex
* Software Version 1.24
* Temperature SN =  4447
* Conductivity SN =  4447
* System UpLoad Time = Jun 15 2019 08:50:24
** Station = C285C-006-HC
** NMEA (UTC) Time = 07:54
** NMEA Latitude = 41 12.6 N
** NMEA Longitude = 70 53.4 W
** Bottom Depth = 31
** Date = 15 June 19
** Chief Scientist = Ben Harden
** General Locale = 
** C:\Data\CTD\Hex\4447201903_Tx0_CDOM1_DO2_Chl3_PAR4.con
** 4447 CTD 	Instrument	S/N	DWG #
** Voltage 0	Transmiss	CST-779PR	X
** Voltage 1	CDOM	WSCD-1258ad	X
** Voltage 2	DO	3328	x
** Voltage 3	Chl-a	SCF-3149	x
** Voltage 4	PAR	70187	x
** Voltage 5	Free	x	x
** 
# nquan = 27                                
# nvalues = 3738                        
# units = specified
# name 0 = depSM: Depth [salt water, m]
# name 1 = c0mS/cm: Conductivity [mS/cm]
# name 2 = tv290C: Temperature [ITS-90, deg C]
# name 3 = prdM: Pressure, Strain Gauge [db]
# name 4 = scan: Scan Count
# name 5 = flSP: Fluorescence, Seapoint
# name 6 = sbeox0Mm/Kg: Oxygen, SBE 43 [umol/Kg]
# name 7 = sbeox0ML/L: Oxygen, SBE 43 [ml/l]
# name 8 = bat: Beam Attenuation, Chelsea/Seatech/Wetlab CStar [1/m]
# name 9 = wetCDOM: Fluorescence, Wetlab CDOM [mg/m^3]
# name 10 = par: PAR/Irradiance, Biospherical/Licor
# name 11 = v0: Voltage 0
# name 12 = v1: Voltage 1
# name 13 = v2: Voltage 2
# name 14 = v3: Voltage 3
# name 15 = v4: Voltage 4
# name 16 = v5: Voltage 5
# name 17 = density00: Density [density, Kg/m^3]
# name 18 = sigma-é00: Density [sigma-theta, Kg/m^3]
# name 19 = depSM: Depth [salt water, m], lat = 30
# name 20 = oxsatML/L: Oxygen Saturation [ml/l]
# name 21 = potemp090C: Potential Temperature [ITS-90, deg C]
# name 22 = sal00: Salinity [PSU]
# name 23 = svCM: Sound Velocity [Chen-Millero, m/s]
# name 24 = sva: Specific Volume Anomaly [10^-8 * m^3/Kg]
# name 25 = tsa: Thermosteric Anomaly [10^-8 * m^3/Kg]
# name 26 = flag: flag
# span 0 =      0.128,     25.177       
# span 1 =   0.002956,  38.402204       
# span 2 =    12.3701,    15.6211       
# span 3 =      0.102,     25.532       
# span 4 =          1,       3738       
# span 5 = 8.4529e-02, 1.1631e+00       
# span 6 =    212.831,    297.368       
# span 7 =    4.87483,    6.65194       
# span 8 =    55.2620,    55.2620       
# span 9 =    -1.4880,     3.8733       
# span 10 = 1.5420e-09, 1.4775e-02      
# span 11 =     0.3396,     4.3099      
# span 12 =     0.0000,     0.2883      
# span 13 =     2.6133,     3.1804      
# span 14 =     0.0282,     0.3877      
# span 15 =     0.0113,     0.0824      
# span 16 =     0.0000,     0.0005      
# span 17 =   999.0127,  1024.0833      
# span 18 =    -0.9880,    23.9693      
# span 19 =      0.101,     25.357      
# span 20 =    5.86262,    7.10100      
# span 21 =    12.3669,    15.6211      
# span 22 =     0.0086,    31.7135      
# span 23 =    1464.92,    1501.20      
# span 24 =    393.569,   2832.688      
# span 25 =    393.233,   2832.894      
# span 26 = 0.0000e+00, 0.0000e+00      
# interval = seconds: 0.25                        
# start_time = Jun 15 2019 00:55:31
# bad_flag = -9.990e-29
*END*
[from data line 3115]
      2.926  38.283718    14.5289      2.873       3116 7.2581e-01    237.993    5.45228    55.2620     1.8004 1.3988e-06     4.3012     0.1768     2.8351     0.2419     0.0118 8.1276e-09  1023.1448    23.1320      2.853    5.87834    14.5285    31.1850    1500.77    472.967    473.103 0.0000e+00
      2.909  38.283885    14.5291      2.884       3117 7.2535e-01    238.007    5.45259    55.2620     1.7999 1.4334e-06     4.3014     0.1768     2.8354     0.2418     0.0119 4.8767e-09  1023.1448    23.1320      2.864    5.87832    14.5287    31.1850    1500.77    472.973    473.108 -9.990e-29
      2.900  38.284093    14.5299      2.937       3118 7.2785e-01    238.050    5.45359    55.2620     1.7996 1.4634e-06     4.3020     0.1767     2.8356     0.2426     0.0119 2.9263e-09  1023.1445    23.1315      2.917    5.87824    14.5295    31.1845    1500.77    473.025    473.159 -9.990e-29
      2.888  38.284257    14.5301      2.948       3119 7.3294e-01    238.106    5.45486    55.2620     1.8000 1.1102e-06     4.3025     0.1768     2.8359     0.2443     0.0119 1.7563e-09  1023.1445    23.1314      2.928    5.87822    14.5297    31.1845    1500.77    473.030    473.164 -9.990e-29
      2.865  38.284329    14.5301      2.948       3120 7.4048e-01    238.152    5.45591    55.2620     1.7998 6.6615e-07     4.3029     0.1768     2.8360     0.2469     0.0119 1.0546e-09  1023.1445    23.1315      2.928    5.87821    14.5297    31.1846    1500.77    473.025    473.159 -9.990e-29
      2.826  38.284345    14.5301      2.926       3121 7.4687e-01    238.179    5.45653    55.2620     1.7995 3.9979e-07     4.3033     0.1767     2.8360     0.2490     0.0118 6.3411e-10  1023.1445    23.1315      2.906    5.87821    14.5297    31.1846    1500.77    473.023    473.158 -9.990e-29
      2.768  38.284324    14.5301      2.862       3122 7.4993e-01    238.186    5.45669    55.2620     1.7995 2.4003e-07     4.3034     0.1767     2.8360     0.2500     0.0118 3.8273e-10  1023.1442    23.1315      2.843    5.87821    14.5297    31.1846    1500.77    473.021    473.157 0.0000e+00
      2.691  38.284254    14.5299      2.765       3123 7.4821e-01    238.167    5.45626    55.2620     1.8013 1.4429e-07     4.3026     0.1768     2.8359     0.2495     0.0118 2.3341e-10  1023.1439    23.1316      2.746    5.87823    14.5295    31.1847    1500.77    473.005    473.144 0.0000e+00
      2.600  38.284130    14.5299      2.625       3124 7.4260e-01    238.133    5.45547    55.2620     1.8050 8.7015e-08     4.3004     0.1770     2.8358     0.2476     0.0117 1.4633e-10  1023.1432    23.1316      2.607    5.87823    14.5295    31.1847    1500.77    473.006    473.148 0.0000e+00
      2.506  38.283968    14.5295      2.507       3125 7.4369e-01    238.107    5.45488    55.2620     1.8078 5.2944e-08     4.2978     0.1772     2.8358     0.2479     0.0117 9.8281e-11  1023.1429    23.1318      2.490    5.87827    14.5291    31.1849    1500.76    472.979    473.124 0.0000e+00
      2.415  38.283848    14.5296      2.378       3126 7.5256e-01    238.100    5.45472    55.2620     1.8081 3.2993e-08     4.2966     0.1772     2.8359     0.2509     0.0117 7.6436e-11  1023.1422    23.1317      2.362    5.87827    14.5293    31.1847    1500.76    472.989    473.136 0.0000e+00
      2.335  38.283812    14.5297      2.303       3127 7.5566e-01    238.117    5.45510    55.2620     1.8068 2.1840e-08     4.2980     0.1771     2.8361     0.2519     0.0117 7.4974e-11  1023.1418    23.1316      2.287    5.87826    14.5294    31.1847    1500.76    472.995    473.145 0.0000e+00
      2.267  38.283824    14.5297      2.206       3128 7.5185e-01    238.156    5.45600    55.2620     1.8055 1.6510e-08     4.3008     0.1771     2.8363     0.2507     0.0118 9.3505e-11  1023.1414    23.1316      2.191    5.87826    14.5294    31.1847    1500.76    472.989    473.141 0.0000e+00
      2.217  38.283831    14.5298      2.152       3129 7.4791e-01    238.207    5.45718    55.2620     1.8048 1.5583e-08     4.3030     0.1771     2.8366     0.2494     0.0118 1.3697e-10  1023.1411    23.1316      2.137    5.87825    14.5295    31.1846    1500.76    472.994    473.147 0.0000e+00
      2.184  38.283818    14.5298      2.141       3130 7.4337e-01    238.254    5.45826    55.2620     1.8042 1.8810e-08     4.3037     0.1770     2.8368     0.2478     0.0119 2.1696e-10  1023.1411    23.1316      2.126    5.87825    14.5295    31.1846    1500.76    472.994    473.148 0.0000e+00
      2.168  38.283806    14.5297      2.098       3131 7.3893e-01    238.281    5.45887    55.2620     1.8034 2.7054e-08     4.3033     0.1770     2.8369     0.2463     0.0119 3.5481e-10  1023.1410    23.1316      2.084    5.87826    14.5294    31.1847    1500.76    472.985    473.139 0.0000e+00
      2.172  38.283810    14.5293      2.077       3132 7.3627e-01    238.281    5.45888    55.2620     1.8028 4.2512e-08     4.3021     0.1769     2.8368     0.2455     0.0119 5.8727e-10  1023.1412    23.1320      2.063    5.87829    14.5290    31.1851    1500.76    472.952    473.107 0.0000e+00
      2.200  38.283854    14.5297      2.120       3133 7.3620e-01    238.271    5.45863    55.2620     1.8027 6.9306e-08     4.3013     0.1769     2.8368     0.2454     0.0119 9.7634e-10  1023.1411    23.1317      2.106    5.87825    14.5294    31.1848    1500.76    472.983    473.137 -9.990e-29
      2.249  38.283913    14.5298      2.205       3134 7.4056e-01    238.262    5.45843    55.2620     1.8030 1.1458e-07     4.3012     0.1769     2.8368     0.2469     0.0119 1.6258e-09  1023.1414    23.1316      2.190    5.87825    14.5295    31.1847    1500.76    472.991    473.143 -9.990e-29
      2.314  38.283920    14.5295      2.291       3135 7.4834e-01    238.240    5.45793    55.2620     1.8031 1.9041e-07     4.3015     0.1769     2.8368     0.2495     0.0119 2.7087e-09  1023.1420    23.1318      2.275    5.87827    14.5292    31.1849    1500.76    472.972    473.121 -9.990e-29
      2.386  38.283882    14.5293      2.420       3136 7.5668e-01    238.200    5.45702    55.2620     1.8036 3.1702e-07     4.3019     0.1769     2.8366     0.2522     0.0119 4.5140e-09  1023.1427    23.1319      2.404    5.87829    14.5290    31.1850    1500.76    472.965    473.112 -9.990e-29
      2.454  38.283854    14.5295      2.506       3137 7.6604e-01    238.173    5.45639    55.2620     1.8051 5.2816e-07     4.3022     0.1770     2.8366     0.2553     0.0119 7.5231e-09  1023.1429    23.1317      2.489    5.87828    14.5291    31.1848    1500.76    472.987    473.132 -9.990e-29
      2.512  38.283842    14.5295      2.592       3138 7.7604e-01    238.163    5.45617    55.2620     1.8069 8.8015e-07     4.3025     0.1772     2.8366     0.2587     0.0119 1.2538e-08  1023.1432    23.1317      2.574    5.87828    14.5291    31.1847    1500.76    472.992    473.135 -9.990e-29
      2.554  38.283776    14.5293      2.657       3139 7.7661e-01    238.156    5.45600    55.2620     1.8092 1.4668e-06     4.3027     0.1773     2.8366     0.2589     0.0120 2.0897e-08  1023.1436    23.1318      2.639    5.87830    14.5289    31.1848    1500.77    472.984    473.125 -9.990e-29
      2.575  38.283626    14.5291      2.678       3140 7.6328e-01    238.157    5.45603    55.2620     1.8116 2.4447e-06     4.3031     0.1774     2.8366     0.2544     0.0120 3.4829e-08  1023.1438    23.1319      2.660    5.87832    14.5287    31.1848    1500.77    472.979    473.120 -9.990e-29
      2.574  38.283465    14.5290      2.678       3141 7.4739e-01    238.174    5.45643    55.2620     1.8117 4.0744e-06     4.3036     0.1774     2.8367     0.2491     0.0120 5.8048e-08  1023.1437    23.1318      2.660    5.87834    14.5286    31.1848    1500.76    472.982    473.123 -9.990e-29
      2.550  38.283339    14.5288      2.657       3142 7.3838e-01    238.209    5.45721    55.2620     1.8092 6.4039e-06     4.3043     0.1773     2.8369     0.2461     0.0120 9.6747e-08  1023.1437    23.1319      2.639    5.87836    14.5284    31.1848    1500.76    472.974    473.115 -9.990e-29
      2.505  38.283222    14.5286      2.592       3143 7.3010e-01    238.251    5.45817    55.2620     1.8071 8.3256e-06     4.3051     0.1772     2.8371     0.2433     0.0120 1.6124e-07  1023.1435    23.1320      2.574    5.87838    14.5282    31.1849    1500.76    472.962    473.105 -9.990e-29
      2.440  38.283106    14.5285      2.528       3144 7.1503e-01    238.268    5.45856    55.2620     1.8069 8.0549e-06     4.3058     0.1772     2.8371     0.2383     0.0120 2.6874e-07  1023.1433    23.1320      2.511    5.87839    14.5281    31.1849    1500.76    472.959    473.103 -9.990e-29
      2.360  38.282995    14.5285      2.410       3145 6.9815e-01    238.247    5.45808    55.2620     1.8076 5.9065e-06     4.3065     0.1772     2.8369     0.2327     0.0119 4.4790e-07  1023.1427    23.1320      2.394    5.87840    14.5282    31.1848    1500.76    472.960    473.107 -9.990e-29
      2.269  38.282881    14.5282      2.291       3146 6.8428e-01    238.204    5.45711    55.2620     1.8087 3.9913e-06     4.3070     0.1772     2.8367     0.2281     0.0118 4.4790e-07  1023.1424    23.1322      2.275    5.87843    14.5279    31.1850    1500.76    472.938    473.088 -9.990e-29
      2.176  38.282760    14.5282      2.162       3147 6.7575e-01    238.170    5.45633    55.2620     1.8094 3.1404e-06     4.3071     0.1773     2.8365     0.2252     0.0118 2.6874e-07  1023.1417    23.1321      2.147    5.87843    14.5279    31.1850    1500.75    472.940    473.092 -9.990e-29
      2.089  38.282643    14.5281      2.055       3148 6.7378e-01    238.169    5.45630    55.2620     1.8086 3.1268e-06     4.3069     0.1772     2.8367     0.2246     0.0118 1.6125e-07  1023.1413    23.1322      2.041    5.87844    14.5278    31.1850    1500.75    472.934    473.089 0.0000e+00
      2.013  38.282558    14.5279      1.958       3149 6.7431e-01    238.200    5.45702    55.2620     1.8074 3.9471e-06     4.3067     0.1772     2.8370     0.2248     0.0118 9.6751e-08  1023.1410    23.1323      1.945    5.87846    14.5276    31.1851    1500.75    472.919    473.077 0.0000e+00
      1.953  38.282547    14.5278      1.883       3150 6.7403e-01    238.251    5.45817    55.2620     1.8063 4.4780e-06     4.3066     0.1771     2.8374     0.2247     0.0118 5.8056e-08  1023.1407    23.1324      1.870    5.87847    14.5275    31.1852    1500.75    472.908    473.067 0.0000e+00
      1.913  38.282625    14.5280      1.818       3151 6.7512e-01    238.317    5.45970    55.2620     1.8046 3.5192e-06     4.3066     0.1770     2.8377     0.2250     0.0118 3.4840e-08  1023.1404    23.1323      1.806    5.87845    14.5277    31.1851    1500.75    472.915    473.076 0.0000e+00
      1.898  38.282759    14.5284      1.818       3152 6.8180e-01    238.403    5.46166    55.2620     1.8033 2.1569e-06     4.3065     0.1769     2.8381     0.2272     0.0118 2.0917e-08  1023.1401    23.1321      1.806    5.87841    14.5281    31.1849    1500.75    472.938    473.099 -9.990e-29
      1.904  38.282920    14.5287      1.861       3153 6.9505e-01    238.493    5.46372    55.2620     1.8034 1.3697e-06     4.3060     0.1769     2.8385     0.2317     0.0118 1.2571e-08  1023.1402    23.1319      1.848    5.87837    14.5284    31.1848    1500.75    472.953    473.113 -9.990e-29
      1.923  38.283064    14.5287      1.915       3154 7.1632e-01    238.565    5.46538    55.2620     1.8042 9.4788e-07     4.3049     0.1770     2.8389     0.2387     0.0118 7.5779e-09  1023.1405    23.1320      1.902    5.87837    14.5284    31.1849    1500.75    472.946    473.105 -9.990e-29
      1.947  38.283171    14.5288      1.968       3155 7.5054e-01    238.599    5.46614    55.2620     1.8049 7.7878e-07     4.3034     0.1770     2.8391     0.2501     0.0118 4.6053e-09  1023.1407    23.1320      1.955    5.87836    14.5285    31.1849    1500.75    472.950    473.107 -9.990e-29
      1.967  38.283292    14.5288      2.044       3156 8.0430e-01    238.593    5.46602    55.2620     1.8060 8.1735e-07     4.3022     0.1771     2.8391     0.2681     0.0118 2.8608e-09  1023.1411    23.1320      2.030    5.87835    14.5285    31.1850    1500.75    472.946    473.101 -9.990e-29
      1.972  38.283480    14.5295      2.065       3157 8.8664e-01    238.577    5.46565    55.2620     1.8079 1.0739e-06     4.3015     0.1772     2.8392     0.2955     0.0118 1.8792e-09  1023.1408    23.1316      2.051    5.87828    14.5292    31.1846    1500.76    472.989    473.144 -9.990e-29
      1.960  38.283721    14.5301      2.033       3158 9.4449e-01    238.563    5.46533    55.2620     1.8104 1.6168e-06     4.3010     0.1773     2.8393     0.3148     0.0119 1.3988e-09  1023.1403    23.1313      2.019    5.87822    14.5298    31.1843    1500.76    473.019    473.175 -9.990e-29
      1.930  38.283920    14.5306      2.011       3159 9.1282e-01    238.542    5.46485    55.2620     1.8115 2.5908e-06     4.3008     0.1774     2.8394     0.3043     0.0119 1.2913e-09  1023.1399    23.1310      1.997    5.87817    14.5303    31.1841    1500.76    473.044    473.201 -9.990e-29
      1.885  38.284026    14.5307      1.936       3160 8.4185e-01    238.518    5.46428    55.2620     1.8101 4.2558e-06     4.3009     0.1773     2.8394     0.2806     0.0118 1.5281e-09  1023.1396    23.1310      1.923    5.87816    14.5304    31.1842    1500.76    473.041    473.199 -9.990e-29
      1.831  38.284041    14.5308      1.839       3161 7.8776e-01    238.493    5.46370    55.2620     1.8078 7.0556e-06     4.3013     0.1772     2.8394     0.2626     0.0118 2.1725e-09  1023.1391    23.1310      1.826    5.87814    14.5305    31.1841    1500.76    473.043    473.204 -9.990e-29
      1.776  38.283938    14.5310      1.764       3162 7.4783e-01    238.459    5.46293    55.2620     1.8063 1.1737e-05     4.3019     0.1771     2.8393     0.2493     0.0118 3.3962e-09  1023.1386    23.1307      1.752    5.87813    14.5307    31.1839    1500.76    473.062    473.224 0.0000e+00
      1.727  38.283671    14.5306      1.689       3163 7.2167e-01    238.420    5.46205    55.2620     1.8050 1.9548e-05     4.3024     0.1771     2.8391     0.2406     0.0119 5.5256e-09  1023.1384    23.1309      1.677    5.87817    14.5304    31.1840    1500.75    473.044    473.208 0.0000e+00
      1.687  38.283446    14.5304      1.667       3164 7.0905e-01    238.392    5.46141    55.2620     1.8027 2.4539e-05     4.3026     0.1769     2.8390     0.2364     0.0120 9.1285e-09  1023.1383    23.1309      1.656    5.87820    14.5302    31.1840    1500.75    473.042    473.207 0.0000e+00
      1.653  38.283510    14.5303      1.656       3165 7.0204e-01    238.372    5.46095    55.2620     1.7997 2.0009e-05     4.3027     0.1768     2.8390     0.2340     0.0119 1.5166e-08  1023.1384    23.1311      1.645    5.87821    14.5301    31.1841    1500.75    473.030    473.194 0.0000e+00
      1.623  38.283679    14.5302      1.624       3166 6.9618e-01    238.356    5.46057    55.2620     1.7980 1.2782e-05     4.3027     0.1767     2.8389     0.2321     0.0119 2.5247e-08  1023.1385    23.1313      1.613    5.87821    14.5300    31.1844    1500.75    473.009    473.174 0.0000e+00
      1.593  38.283765    14.5303      1.603       3167 6.9505e-01    238.346    5.46035    55.2620     1.7983 8.9644e-06     4.3027     0.1767     2.8389     0.2317     0.0118 4.2061e-08  1023.1384    23.1312      1.592    5.87820    14.5301    31.1844    1500.75    473.010    473.176 0.0000e+00
