inst/extdata/initial_example/ctd/Cnv/C285C-003-HC.ros
* Sea-Bird SBE19plus Data File:
* FileName = C:\Data\CTD\Hex\C285C-003-HC.hex
* Software Version 1.24
* Temperature SN =  4447
* Conductivity SN =  4447
* System UpLoad Time = Jun 14 2019 15:42:15
** Station = C285C-003-HC
** NMEA (UTC) Time = 13:14
** NMEA Latitude = 41 3.2 N
** NMEA Longitude = 71 29.9 W
** Bottom Depth = 43
** Date = 14 June 19
** Chief Scientist = Ben Harden
** General Locale = 
** C:\Data\CTD\Hex\4447201903_Tx0_CDOM1_DO2_Chl3_PAR4.con
** 4447 CTD 	Instrument	S/N	DWG #
** Voltage 0	Transmiss	CST-779PR	X
** Voltage 1	CDOM	WSCD-1258ad	X
** Voltage 2	DO	3328	x
** Voltage 3	Chl-a	SCF-3149	x
** Voltage 4	PAR	70187	x
** Voltage 5	Free	x	x
** 
# nquan = 19
# nvalues = 108                     
# units = specified
# name 0 = depSM: Depth [salt water, m]
# name 1 = c0mS/cm: Conductivity [mS/cm]
# name 2 = tv290C: Temperature [ITS-90, deg C]
# name 3 = prdM: Pressure, Strain Gauge [db]
# name 4 = scan: Scan Count
# name 5 = flSP: Fluorescence, Seapoint
# name 6 = sbeox0Mm/Kg: Oxygen, SBE 43 [umol/Kg]
# name 7 = sbeox0ML/L: Oxygen, SBE 43 [ml/l]
# name 8 = bat: Beam Attenuation, Chelsea/Seatech/Wetlab CStar [1/m]
# name 9 = wetCDOM: Fluorescence, Wetlab CDOM [mg/m^3]
# name 10 = par: PAR/Irradiance, Biospherical/Licor
# name 11 = v0: Voltage 0
# name 12 = v1: Voltage 1
# name 13 = v2: Voltage 2
# name 14 = v3: Voltage 3
# name 15 = v4: Voltage 4
# name 16 = v5: Voltage 5
# name 17 = nbf: number of bottles fired
# name 18 = flag:  0.000e+00
# interval = seconds: 0.25                        
# start_time = Jun 14 2019 06:11:38
*END*
[from data line 77]
     10.246  39.051609    14.4583     10.303       2508 9.2607e-01    265.871    6.09449    55.2620     1.2906 9.7040e+01     3.8473     0.1494     3.1112     0.3087     3.0880     0.0000          9  0.000e+00
     10.267  39.052339    14.4614     10.324       2509 9.1646e-01    266.073    6.09909    55.2620     1.2835 9.6090e+01     3.8489     0.1490     3.1125     0.3055     3.0838     0.0000          9  0.000e+00
     10.289  39.052338    14.4636     10.346       2510 9.2515e-01    266.299    6.10425    55.2620     1.2849 9.5567e+01     3.8486     0.1491     3.1140     0.3084     3.0814     0.0000          9  0.000e+00
     10.310  39.052338    14.4647     10.367       2511 9.3248e-01    266.389    6.10631    55.2620     1.2892 9.5769e+01     3.8497     0.1493     3.1146     0.3108     3.0823     0.0000          9  0.000e+00
     10.342  39.052338    14.4655     10.399       2513 9.0455e-01    266.554    6.11009    55.2620     1.3033 9.7194e+01     3.8452     0.1501     3.1160     0.3015     3.0887     0.0000         10  0.000e+00
     10.331  39.052338    14.4657     10.388       2514 9.0249e-01    266.483    6.10846    55.2620     1.2948 9.9476e+01     3.8447     0.1496     3.1157     0.3008     3.0988     0.0000         10  0.000e+00
     10.331  39.052338    14.4656     10.389       2515 8.7457e-01    266.383    6.10617    55.2620     1.3033 1.0144e+02     3.8452     0.1501     3.1154     0.2915     3.1073     0.0000         10  0.000e+00
     10.278  39.051409    14.4655     10.335       2516 8.7640e-01    266.335    6.10508    55.2620     1.2892 1.0509e+02     3.8452     0.1493     3.1155     0.2921     3.1226     0.0000         10  0.000e+00
     10.278  39.051874    14.4651     10.335       2517 8.8945e-01    266.347    6.10536    55.2620     1.2963 1.0712e+02     3.8464     0.1497     3.1164     0.2965     3.1309     0.0000         10  0.000e+00
     10.203  39.051011    14.4649     10.260       2518 8.9540e-01    266.273    6.10366    55.2620     1.3019 1.0843e+02     3.8453     0.1500     3.1163     0.2985     3.1362     0.0000         10  0.000e+00
     10.192  39.051873    14.4647     10.249       2519 8.9288e-01    266.291    6.10408    55.2620     1.3062 1.0911e+02     3.8470     0.1502     3.1167     0.2976     3.1389     0.0000         10  0.000e+00
     10.160  39.052338    14.4647     10.217       2520 8.6267e-01    266.263    6.10344    55.2620     1.3119 1.0887e+02     3.8465     0.1505     3.1166     0.2876     3.1379     0.0000         10  0.000e+00
     10.128  39.052139    14.4651     10.185       2521 8.3680e-01    266.343    6.10527    55.2620     1.2849 1.0667e+02     3.8443     0.1491     3.1173     0.2789     3.1291     0.0000         10  0.000e+00
      2.803  39.159919    14.5810      2.818       2962 3.8109e-01    269.560    6.17889    55.2620    -1.4880 1.9877e+02     3.8402     0.0000     3.1607     0.1270     3.3993     0.0000         11  0.000e+00
      2.717  39.160649    14.5828      2.732       2963 3.9208e-01    269.429    6.17588    55.2620    -1.4256 2.1710e+02     3.8408     0.0034     3.1593     0.1307     3.4376     0.0000         11  0.000e+00
      2.664  39.161844    14.5844      2.678       2964 3.6965e-01    269.594    6.17966    55.2620    -1.2751 2.3943e+02     3.8399     0.0114     3.1603     0.1232     3.4800     0.0000         11  0.000e+00
      2.610  39.164435    14.5857      2.624       2965 3.7400e-01    269.729    6.18275    55.2620    -1.3291 2.5995e+02     3.8402     0.0085     3.1609     0.1247     3.5158     0.0000         11  0.000e+00
      2.567  39.164235    14.5875      2.581       2966 4.0490e-01    269.815    6.18470    55.2620    -1.4880 2.9434e+02     3.8412     0.0000     3.1611     0.1350     3.5697     0.0000         11  0.000e+00
      2.546  39.162774    14.5886      2.560       2967 3.8041e-01    269.810    6.18459    55.2620    -1.4880 3.1071e+02     3.8396     0.0000     3.1604     0.1268     3.5932     0.0000         11  0.000e+00
      2.492  39.161378    14.5884      2.506       2968 4.0375e-01    269.871    6.18598    55.2620    -0.6593 2.9522e+02     3.8431     0.0446     3.1609     0.1346     3.5710     0.0000         11  0.000e+00
      2.438  39.161378    14.5877      2.452       2969 3.6873e-01    269.966    6.18815    55.2620    -0.8792 2.7528e+02     3.8425     0.0327     3.1616     0.1229     3.5406     0.0002         11  0.000e+00
      2.374  39.160913    14.5870      2.387       2970 3.9918e-01    270.098    6.19120    55.2620    -0.8863 2.6558e+02     3.8429     0.0323     3.1627     0.1331     3.5251     0.0000         11  0.000e+00
      2.267  39.158986    14.5857      2.280       2972 3.9231e-01    270.299    6.19580    55.2620    -1.0169 2.3043e+02     3.8441     0.0253     3.1637     0.1308     3.4634     0.0002         12  0.000e+00
      2.245  39.159451    14.5849      2.258       2973 3.7858e-01    270.464    6.19959    55.2620    -0.9402 2.3185e+02     3.8444     0.0294     3.1649     0.1262     3.4661     0.0001         12  0.000e+00
      2.181  39.158986    14.5846      2.193       2974 4.0169e-01    270.633    6.20347    55.2620    -0.9856 2.4847e+02     3.8412     0.0270     3.1659     0.1339     3.4961     0.0000         12  0.000e+00
      2.107  39.159451    14.5844      2.118       2975 3.7011e-01    270.593    6.20254    55.2620    -1.0651 2.6363e+02     3.8420     0.0227     3.1653     0.1234     3.5219     0.0000         12  0.000e+00
      2.032  39.159251    14.5844      2.043       2976 4.1360e-01    270.729    6.20566    55.2620    -0.6082 2.3250e+02     3.8409     0.0473     3.1667     0.1379     3.4673     0.0000         12  0.000e+00
      1.946  39.158255    14.5844      1.957       2977 3.6416e-01    270.545    6.20144    55.2620    -0.7699 2.1524e+02     3.8412     0.0386     3.1656     0.1214     3.4338     0.0001         12  0.000e+00
      1.882  39.158254    14.5840      1.892       2978 3.5157e-01    270.428    6.19876    55.2620    -0.6692 2.0137e+02     3.8418     0.0440     3.1654     0.1172     3.4049     0.0000         12  0.000e+00
      1.839  39.158520    14.5839      1.849       2979 3.3806e-01    270.142    6.19221    55.2620    -0.7288 1.9772e+02     3.8421     0.0408     3.1639     0.1127     3.3970     0.0000         12  0.000e+00
      1.850  39.158520    14.5836      1.860       2980 3.6072e-01    270.176    6.19299    55.2620    -0.7330 1.9665e+02     3.8418     0.0406     3.1648     0.1202     3.3946     0.0000         12  0.000e+00
