inst/extdata/initial_example/ctd/Cnv/C285C-001-HC.ros
* Sea-Bird SBE19plus Data File:
* FileName = C:\Data\CTD\Hex\C285C-001-HC.hex
* Software Version 1.24
* Temperature SN =  4447
* Conductivity SN =  4447
* System UpLoad Time = Jun 14 2019 01:00:10
** Station = C285C-001-HC
** NMEA (UTC) Time = 00:30
** NMEA Latitude = 41 12.7 N
** NMEA Longitude = 70 59.7 W
** Bottom Depth = 35
** Date = 14 June 2019
** Chief Scientist = Ben Harden
** General Locale = 
** C:\Data\CTD\Hex\4447201903_Tx0_CDOM1_DO2_Chl3_PAR4.con
** 4447 CTD 	Instrument	S/N	DWG #
** Voltage 0	Transmiss	CST-779PR	X
** Voltage 1	CDOM	WSCD-1258ad	X
** Voltage 2	DO	3328	x
** Voltage 3	Chl-a	SCF-3149	x
** Voltage 4	PAR	70187	x
** Voltage 5	Free	x	x
** 
# nquan = 19
# nvalues = 108                     
# units = specified
# name 0 = depSM: Depth [salt water, m]
# name 1 = c0mS/cm: Conductivity [mS/cm]
# name 2 = tv290C: Temperature [ITS-90, deg C]
# name 3 = prdM: Pressure, Strain Gauge [db]
# name 4 = scan: Scan Count
# name 5 = flSP: Fluorescence, Seapoint
# name 6 = sbeox0Mm/Kg: Oxygen, SBE 43 [umol/Kg]
# name 7 = sbeox0ML/L: Oxygen, SBE 43 [ml/l]
# name 8 = bat: Beam Attenuation, Chelsea/Seatech/Wetlab CStar [1/m]
# name 9 = wetCDOM: Fluorescence, Wetlab CDOM [mg/m^3]
# name 10 = par: PAR/Irradiance, Biospherical/Licor
# name 11 = v0: Voltage 0
# name 12 = v1: Voltage 1
# name 13 = v2: Voltage 2
# name 14 = v3: Voltage 3
# name 15 = v4: Voltage 4
# name 16 = v5: Voltage 5
# name 17 = nbf: number of bottles fired
# name 18 = flag:  0.000e+00
# interval = seconds: 0.25                        
# start_time = Jun 13 2019 17:27:37
*END*
[from data line 77]
     11.174  38.121314    13.6047     11.236       2848 9.7574e-01    278.944    6.39453    55.2620     1.4282 1.0000e-12     4.3124     0.1568     3.1901     0.3252     0.0121     0.0000          9  0.000e+00
     11.206  38.115796    13.5811     11.268       2849 1.0623e+00    278.916    6.39398    55.2620     1.4041 1.0000e-12     4.3119     0.1555     3.1893     0.3541     0.0115     0.0000          9  0.000e+00
     11.195  38.110475    13.5662     11.257       2850 1.0043e+00    278.804    6.39147    55.2620     1.4254 9.1801e-05     4.3117     0.1566     3.1881     0.3348     0.0126     0.0000          9  0.000e+00
     11.141  38.111462    13.5564     11.203       2851 1.4697e+00    278.565    6.38605    55.2620     1.4282 1.0000e-12     4.3111     0.1568     3.1865     0.4899     0.0119     0.0000          9  0.000e+00
     10.650  38.122698    13.5516     10.709       2855 1.2065e+00    278.420    6.38279    55.2620     1.4098 1.0000e-12     4.3051     0.1558     3.1860     0.4022     0.0121     0.0000         10  0.000e+00
     10.479  38.138077    13.5553     10.537       2856 9.5422e-01    278.464    6.38385    55.2620     1.4524 1.0000e-12     4.3063     0.1581     3.1868     0.3181     0.0121     0.0000         10  0.000e+00
     10.351  38.161413    13.5646     10.408       2857 8.7869e-01    278.321    6.38062    55.2620     1.4339 1.0000e-12     4.3055     0.1571     3.1856     0.2929     0.0121     0.0000         10  0.000e+00
     10.222  38.175350    13.5802     10.279       2858 9.5079e-01    278.442    6.38338    55.2620     1.4538 1.0000e-12     4.3061     0.1582     3.1867     0.3169     0.0116     0.0000         10  0.000e+00
     10.126  38.188631    13.5961     10.183       2859 8.4390e-01    278.337    6.38094    55.2620     1.4226 1.0000e-12     4.3147     0.1565     3.1861     0.2813     0.0119     0.0000         10  0.000e+00
     10.030  38.199547    13.6113     10.086       2860 8.3062e-01    278.460    6.38373    55.2620     1.4495 1.0000e-12     4.3150     0.1579     3.1876     0.2769     0.0117     0.0000         10  0.000e+00
      9.977  38.202899    13.6243     10.032       2861 8.3749e-01    278.585    6.38655    55.2620     1.4353 2.2274e-03     4.3146     0.1572     3.1888     0.2792     0.0238     0.0003         10  0.000e+00
      9.955  38.217435    13.6342     10.010       2862 1.0707e+00    278.872    6.39315    55.2620     1.4069 1.0000e-12     4.3130     0.1556     3.1907     0.3569     0.0115     0.0000         10  0.000e+00
      9.987  38.225921    13.6452     10.043       2863 9.8077e-01    278.962    6.39518    55.2620     1.4098 1.1890e-03     4.3126     0.1558     3.1910     0.3269     0.0184     0.0000         10  0.000e+00
      2.776  38.402287    13.8416      2.791       3177 9.0570e-01    278.348    6.38087    55.2620     1.3559 6.8426e-02     4.2559     0.1529     3.2039     0.3019     0.2767     0.0002         11  0.000e+00
      2.722  38.410855    13.8429      2.737       3178 8.7343e-01    278.344    6.38081    55.2620     1.3331 6.5660e-02     4.2565     0.1517     3.2039     0.2911     0.2686     0.0000         11  0.000e+00
      2.669  38.412964    13.8477      2.683       3179 8.7572e-01    278.458    6.38342    55.2620     1.3246 6.0303e-02     4.2589     0.1512     3.2045     0.2919     0.2525     0.0000         11  0.000e+00
      2.690  38.400440    13.8510      2.705       3180 8.8693e-01    278.601    6.38662    55.2620    -0.6663 6.9617e-02     4.2580     0.0442     3.2051     0.2956     0.2802     0.0000         11  0.000e+00
      2.722  38.403670    13.8484      2.737       3181 1.0810e+00    278.754    6.39016    55.2620     1.3587 5.9657e-02     4.2585     0.1530     3.2053     0.3603     0.2506     0.0000         11  0.000e+00
      2.765  38.408812    13.8470      2.780       3182 1.1623e+00    278.805    6.39136    55.2620     1.3388 4.8330e-02     4.2605     0.1520     3.2053     0.3874     0.2142     0.0000         11  0.000e+00
      2.797  38.408877    13.8490      2.812       3183 1.3907e+00    278.939    6.39441    55.2620     1.3317 4.6270e-02     4.2612     0.1516     3.2061     0.4636     0.2073     0.0000         11  0.000e+00
      2.872  38.415272    13.8507      2.888       3184 1.0758e+00    279.002    6.39588    55.2620     1.3374 3.9220e-02     4.2606     0.1519     3.2066     0.3586     0.1827     0.0000         11  0.000e+00
      2.936  38.422457    13.8543      2.952       3185 1.0794e+00    278.960    6.39492    55.2620     1.3147 3.9156e-02     4.2606     0.1507     3.2067     0.3598     0.1824     0.0000         11  0.000e+00
      2.808  38.408876    13.8589      2.823       3192 1.0021e+00    278.166    6.37664    55.2620    -0.6891 5.2832e-02     4.2582     0.0430     3.2033     0.3340     0.2290     0.0000         12  0.000e+00
      2.711  38.405053    13.8553      2.726       3193 9.7711e-01    278.004    6.37294    55.2620     0.0177 6.7481e-02     4.2579     0.0809     3.2024     0.3257     0.2740     0.0000         12  0.000e+00
      2.679  38.405054    13.8516      2.694       3194 8.5969e-01    278.136    6.37597    55.2620     1.3133 7.4281e-02     4.2574     0.1506     3.2036     0.2866     0.2934     0.0000         12  0.000e+00
      2.647  38.406240    13.8494      2.662       3195 9.1531e-01    277.912    6.37087    55.2620     1.3374 7.7517e-02     4.2580     0.1519     3.2019     0.3051     0.3023     0.0000         12  0.000e+00
      2.637  38.406702    13.8490      2.651       3196 9.6109e-01    278.086    6.37484    55.2620     1.3402 6.4937e-02     4.2605     0.1521     3.2029     0.3204     0.2665     0.0000         12  0.000e+00
      2.647  38.407888    13.8492      2.662       3197 9.8512e-01    278.093    6.37501    55.2620     1.3587 6.9457e-02     4.2610     0.1530     3.2021     0.3284     0.2797     0.0000         12  0.000e+00
      2.647  38.410195    13.8497      2.662       3198 1.0698e+00    278.230    6.37816    55.2620     1.3317 6.8849e-02     4.2611     0.1516     3.2028     0.3566     0.2779     0.0000         12  0.000e+00
      2.690  38.410195    13.8510      2.705       3199 1.2309e+00    278.206    6.37760    55.2620     1.3388 6.3274e-02     4.2596     0.1520     3.2020     0.4103     0.2615     0.0002         12  0.000e+00
      2.701  38.410656    13.8520      2.716       3200 9.0570e-01    278.358    6.38109    55.2620     1.3488 5.6348e-02     4.2595     0.1525     3.2030     0.3019     0.2403     0.0000         12  0.000e+00
