inst/extdata/initial_example/raw/ctd/Cnv/C285C-004-HC.ros
* Sea-Bird SBE19plus Data File:
* FileName = C:\Data\CTD\Hex\C285C-004-HC.hex
* Software Version 1.24
* Temperature SN =  4447
* Conductivity SN =  4447
* System UpLoad Time = Jun 14 2019 19:45:00
** Station = C285C-004-HC
** NMEA (UTC) Time = 18:35
** NMEA Latitude = 41 17.0 N
** NMEA Longitude = 71 30.0 W
** Bottom Depth = 46
** Date = 14 June 2019
** Chief Scientist = Ben Harden
** General Locale = 
** C:\Data\CTD\Hex\4447201903_Tx0_CDOM1_DO2_Chl3_PAR4.con
** 4447 CTD 	Instrument	S/N	DWG #
** Voltage 0	Transmiss	CST-779PR	X
** Voltage 1	CDOM	WSCD-1258ad	X
** Voltage 2	DO	3328	x
** Voltage 3	Chl-a	SCF-3149	x
** Voltage 4	PAR	70187	x
** Voltage 5	Free	x	x
** 
# nquan = 19
# nvalues = 108                     
# units = specified
# name 0 = depSM: Depth [salt water, m]
# name 1 = c0mS/cm: Conductivity [mS/cm]
# name 2 = tv290C: Temperature [ITS-90, deg C]
# name 3 = prdM: Pressure, Strain Gauge [db]
# name 4 = scan: Scan Count
# name 5 = flSP: Fluorescence, Seapoint
# name 6 = sbeox0Mm/Kg: Oxygen, SBE 43 [umol/Kg]
# name 7 = sbeox0ML/L: Oxygen, SBE 43 [ml/l]
# name 8 = bat: Beam Attenuation, Chelsea/Seatech/Wetlab CStar [1/m]
# name 9 = wetCDOM: Fluorescence, Wetlab CDOM [mg/m^3]
# name 10 = par: PAR/Irradiance, Biospherical/Licor
# name 11 = v0: Voltage 0
# name 12 = v1: Voltage 1
# name 13 = v2: Voltage 2
# name 14 = v3: Voltage 3
# name 15 = v4: Voltage 4
# name 16 = v5: Voltage 5
# name 17 = nbf: number of bottles fired
# name 18 = flag:  0.000e+00
# interval = seconds: 0.25                        
# start_time = Jun 14 2019 11:31:20
*END*
[from data line 77]
     10.539  39.774638    16.0146     10.598       2617 1.0151e+00    244.258    5.59465    55.2620     1.8568 1.5476e+02     3.9393     0.1798     2.9656     0.3384     3.2906     0.0000          9  0.000e+00
     10.561  39.773436    16.0119     10.619       2618 9.3591e-01    244.101    5.59106    55.2620     1.8554 1.5853e+02     3.9398     0.1798     2.9645     0.3120     3.3011     0.0000          9  0.000e+00
     10.603  39.772500    16.0097     10.662       2619 9.7505e-01    244.053    5.58998    55.2620     1.8511 1.5706e+02     3.9402     0.1795     2.9643     0.3250     3.2970     0.0000          9  0.000e+00
     10.646  39.771030    16.0079     10.705       2620 9.2401e-01    243.967    5.58800    55.2620     1.8469 1.5292e+02     3.9406     0.1793     2.9640     0.3080     3.2854     0.0000          9  0.000e+00
     10.774  39.780723    16.0084     10.834       2622 9.3385e-01    243.631    5.58034    55.2620     1.8469 1.5073e+02     3.9407     0.1793     2.9622     0.3113     3.2792     0.0000         10  0.000e+00
     10.806  39.783798    16.0116     10.866       2623 9.7185e-01    243.505    5.57745    55.2620     1.8625 1.5292e+02     3.9409     0.1801     2.9617     0.3239     3.2854     0.0000         10  0.000e+00
     10.839  39.786740    16.0153     10.899       2624 9.7871e-01    243.421    5.57552    55.2620     1.8653 1.5457e+02     3.9387     0.1803     2.9615     0.3262     3.2901     0.0002         10  0.000e+00
     10.796  39.787675    16.0182     10.856       2625 9.5949e-01    243.303    5.57281    55.2620     1.8696 1.5585e+02     3.9395     0.1805     2.9606     0.3198     3.2937     0.0000         10  0.000e+00
     10.721  39.786003    16.0201     10.780       2626 1.0275e+00    243.450    5.57617    55.2620     1.8568 1.5582e+02     3.9393     0.1798     2.9616     0.3425     3.2936     0.0002         10  0.000e+00
     10.614  39.789613    16.0201     10.673       2627 8.7938e-01    242.994    5.56572    55.2620     1.8582 1.5711e+02     3.9382     0.1799     2.9579     0.2931     3.2972     0.0005         10  0.000e+00
     10.507  39.804590    16.0218     10.565       2628 9.1348e-01    242.921    5.56411    55.2620     1.8568 1.6111e+02     3.9377     0.1798     2.9578     0.3045     3.3081     0.0000         10  0.000e+00
     10.347  39.811810    16.0293     10.404       2629 9.1577e-01    243.116    5.56857    55.2620     1.8696 1.6594e+02     3.9376     0.1805     2.9596     0.3053     3.3209     0.0005         10  0.000e+00
     10.208  39.813547    16.0379     10.264       2630 9.2241e-01    242.581    5.55629    55.2620     1.8469 1.7218e+02     3.9278     0.1793     2.9553     0.3075     3.3369     0.0002         10  0.000e+00
      2.875  39.860667    16.1068      2.891       2963 5.4520e-01    244.819    5.60741    55.2620     1.8866 1.2780e+03     3.9192     0.1814     2.9797     0.1817     4.2073     0.0000         11  0.000e+00
      2.842  39.859127    16.1122      2.858       2964 5.3605e-01    244.789    5.60668    55.2620     1.8781 1.1628e+03     3.9133     0.1810     2.9794     0.1787     4.1662     0.0000         11  0.000e+00
      2.831  39.858726    16.1149      2.847       2965 5.3994e-01    244.986    5.61119    55.2620     1.8795 1.3929e+03     3.9140     0.1810     2.9811     0.1800     4.2447     0.0005         11  0.000e+00
      2.821  39.858926    16.1157      2.836       2966 5.2804e-01    244.980    5.61104    55.2620     1.8866 1.1409e+03     3.9136     0.1814     2.9807     0.1760     4.1580     0.0001         11  0.000e+00
      2.810  39.859930    16.1161      2.826       2967 5.3216e-01    245.082    5.61339    55.2620     1.8767 1.0402e+03     3.9128     0.1809     2.9814     0.1774     4.1179     0.0000         11  0.000e+00
      2.799  39.860866    16.1168      2.815       2968 5.1591e-01    244.986    5.61118    55.2620     1.8823 1.1365e+03     3.9126     0.1812     2.9805     0.1720     4.1563     0.0012         11  0.000e+00
      2.788  39.861870    16.1178      2.804       2969 5.2758e-01    245.013    5.61180    55.2620     1.8653 1.2573e+03     3.9118     0.1803     2.9808     0.1759     4.2002     0.0000         11  0.000e+00
      2.735  39.861602    16.1185      2.750       2970 5.2575e-01    244.999    5.61148    55.2620     1.8781 1.3251e+03     3.9120     0.1810     2.9809     0.1752     4.2230     0.0004         11  0.000e+00
      2.671  39.861869    16.1188      2.686       2971 5.2964e-01    244.780    5.60647    55.2620     1.8696 1.4164e+03     3.9205     0.1805     2.9795     0.1765     4.2519     0.0000         11  0.000e+00
      2.542  39.860731    16.1193      2.556       2973 5.3010e-01    244.679    5.60415    55.2620     1.8923 1.3858e+03     3.9203     0.1817     2.9797     0.1767     4.2425     0.0000         12  0.000e+00
      2.446  39.859192    16.1190      2.460       2974 4.9714e-01    244.380    5.59730    55.2620     1.8710 1.4231e+03     3.9185     0.1806     2.9774     0.1657     4.2540     0.0002         12  0.000e+00
      2.382  39.857051    16.1180      2.395       2975 4.7768e-01    244.147    5.59196    55.2620     1.8681 1.3507e+03     3.9194     0.1804     2.9760     0.1592     4.2313     0.0000         12  0.000e+00
      2.382  39.854576    16.1166      2.395       2976 5.1339e-01    244.428    5.59839    55.2620     1.0309 1.1230e+03     3.9186     0.1354     2.9784     0.1711     4.1511     0.0000         12  0.000e+00
      2.414  39.853372    16.1144      2.427       2977 5.5390e-01    244.543    5.60103    55.2620     1.0649 1.1512e+03     3.9210     0.1373     2.9790     0.1846     4.1619     0.0002         12  0.000e+00
      2.467  39.856784    16.1129      2.481       2978 5.9144e-01    244.795    5.60682    55.2620     1.8681 1.0774e+03     3.9213     0.1804     2.9804     0.1971     4.1331     0.0001         12  0.000e+00
      2.564  39.855781    16.1134      2.578       2979 5.8045e-01    244.788    5.60666    55.2620     1.8611 1.4455e+03     3.9213     0.1801     2.9794     0.1935     4.2608     0.0001         12  0.000e+00
      2.617  39.854845    16.1134      2.632       2980 5.4337e-01    245.125    5.61436    55.2620     1.0777 1.0313e+03     3.9205     0.1379     2.9816     0.1811     4.1141     0.0000         12  0.000e+00
      2.681  39.854845    16.1133      2.696       2981 5.3559e-01    245.337    5.61921    55.2620     1.0664 1.3503e+03     3.9115     0.1373     2.9825     0.1785     4.2312     0.0000         12  0.000e+00
