inst/extdata/initial_example/raw/ctd/Cnv/C285C-002-HC.cnv
* Sea-Bird SBE19plus Data File:
* FileName = C:\Data\CTD\Hex\C285C-002-HC.hex
* Software Version 1.24
* Temperature SN =  4447
* Conductivity SN =  4447
* System UpLoad Time = Jun 14 2019 08:05:35
** Station = C285C-002-HC
** NMEA (UTC) Time = 0646
** NMEA Latitude = 41 01.9'N
** NMEA Longitude = 071 17.5'W
** Bottom Depth = 45
** Date = 14 June 19
** Chief Scientist = Ben Harden
** General Locale = 
** C:\Data\CTD\Hex\4447201903_Tx0_CDOM1_DO2_Chl3_PAR4.con
** 4447 CTD 	Instrument	S/N	DWG #
** Voltage 0	Transmiss	CST-779PR	X
** Voltage 1	CDOM	WSCD-1258ad	X
** Voltage 2	DO	3328	x
** Voltage 3	Chl-a	SCF-3149	x
** Voltage 4	PAR	70187	x
** Voltage 5	Free	x	x
** 
# nquan = 27                                
# nvalues = 3710                        
# units = specified
# name 0 = depSM: Depth [salt water, m]
# name 1 = c0mS/cm: Conductivity [mS/cm]
# name 2 = tv290C: Temperature [ITS-90, deg C]
# name 3 = prdM: Pressure, Strain Gauge [db]
# name 4 = scan: Scan Count
# name 5 = flSP: Fluorescence, Seapoint
# name 6 = sbeox0Mm/Kg: Oxygen, SBE 43 [umol/Kg]
# name 7 = sbeox0ML/L: Oxygen, SBE 43 [ml/l]
# name 8 = bat: Beam Attenuation, Chelsea/Seatech/Wetlab CStar [1/m]
# name 9 = wetCDOM: Fluorescence, Wetlab CDOM [mg/m^3]
# name 10 = par: PAR/Irradiance, Biospherical/Licor
# name 11 = v0: Voltage 0
# name 12 = v1: Voltage 1
# name 13 = v2: Voltage 2
# name 14 = v3: Voltage 3
# name 15 = v4: Voltage 4
# name 16 = v5: Voltage 5
# name 17 = density00: Density [density, Kg/m^3]
# name 18 = sigma-é00: Density [sigma-theta, Kg/m^3]
# name 19 = depSM: Depth [salt water, m], lat = 30
# name 20 = oxsatML/L: Oxygen Saturation [ml/l]
# name 21 = potemp090C: Potential Temperature [ITS-90, deg C]
# name 22 = sal00: Salinity [PSU]
# name 23 = svCM: Sound Velocity [Chen-Millero, m/s]
# name 24 = sva: Specific Volume Anomaly [10^-8 * m^3/Kg]
# name 25 = tsa: Thermosteric Anomaly [10^-8 * m^3/Kg]
# name 26 = flag: flag
# span 0 =      0.070,     42.226       
# span 1 =   0.001012,  39.275861       
# span 2 =     9.3057,    14.7348       
# span 3 =      0.050,     42.539       
# span 4 =          1,       3710       
# span 5 = 7.7126e-02, 2.0847e+00       
# span 6 =    214.018,    322.809       
# span 7 =    4.90548,    7.22207       
# span 8 =    55.2620,    55.2620       
# span 9 =    -1.4880,     3.5602       
# span 10 = 4.0058e-07, 2.1896e-03      
# span 11 =     0.4241,     4.4352      
# span 12 =     0.0000,     3.4259      
# span 13 =     2.4383,     3.3475      
# span 14 =     0.0257,     0.6949      
# span 15 =     0.0114,     0.0228      
# span 16 =     0.0000,     0.0005      
# span 17 =   999.1584,  1025.1693      
# span 18 =    -0.8419,    24.9766      
# span 19 =      0.050,     42.245      
# span 20 =    5.82752,    7.10128      
# span 21 =     9.3012,    14.7344      
# span 22 =     0.0076,    32.3320      
# span 23 =    1464.71,    1502.35      
# span 24 =    297.770,   2818.054      
# span 25 =    297.269,   2818.259      
# span 26 = 0.0000e+00, 0.0000e+00      
# interval = seconds: 0.25                        
# start_time = Jun 13 2019 23:44:41
# bad_flag = -9.990e-29
*END*
[from data line 1665]
     10.065  39.144946    14.5393     10.269       1666 1.0569e+00    279.833    6.41450    55.2620    -1.3519 7.4748e-06     3.8041     0.0073     3.2526     0.3523     0.0118 3.3151e-07  1023.7697    23.7241     10.199    5.84933    14.5378    31.9557    1501.82    416.646    416.596 -9.990e-29
      9.946  39.153642    14.5565     10.119       1667 1.0444e+00    279.996    6.41825    55.2620    -1.3685 5.7267e-06     3.8050     0.0064     3.2539     0.3482     0.0117 5.5252e-07  1023.7606    23.7157     10.050    5.84750    14.5550    31.9495    1501.87    417.443    417.397 -9.990e-29
      9.800  39.164631    14.5812      9.893       1668 1.0294e+00    280.161    6.42201    55.2620    -1.3614 5.5058e-06     3.8060     0.0068     3.2553     0.3432     0.0117 9.2087e-07  1023.7465    23.7026      9.825    5.84492    14.5798    31.9393    1501.93    418.687    418.646 -9.990e-29
      9.642  39.176568    14.6031      9.721       1669 1.0177e+00    280.309    6.42540    55.2620    -1.3582 6.7531e-06     3.8065     0.0070     3.2567     0.3393     0.0118     0.0000  1023.7356    23.6925      9.655    5.84257    14.6017    31.9322    1501.99    419.645    419.608 -9.990e-29
      9.478  39.187453    14.6222      9.517       1670 1.0081e+00    280.446    6.42851    55.2620    -1.3875 9.8012e-06     3.8067     0.0054     3.2580     0.3361     0.0118     0.0000  1023.7263    23.6841      9.452    5.84050    14.6208    31.9264    1502.04    420.446    420.414 -9.990e-29
      9.319  39.196331    14.6360      9.302       1671 9.9583e-01    280.578    6.43150    55.2620    -1.4235 1.5463e-05     3.8068     0.0034     3.2594     0.3320     0.0119     0.0000  1023.7199    23.6787      9.238    5.83897    14.6347    31.9232    1502.08    420.954    420.927 -9.990e-29
      9.173  39.202830    14.6431      9.162       1672 9.7598e-01    280.704    6.43433    55.2620    -1.4424 2.5248e-05     3.8071     0.0024     3.2608     0.3253     0.0119     0.0000  1023.7179    23.6773      9.099    5.83812    14.6418    31.9233    1502.10    421.084    421.061 -9.990e-29
      9.046  39.207176    14.6470      8.990       1673 9.5000e-01    280.815    6.43684    55.2620    -1.4492 3.3733e-05     3.8077     0.0021     3.2621     0.3167     0.0119     0.0000  1023.7169    23.6771      8.929    5.83763    14.6457    31.9241    1502.11    421.100    421.081 -9.990e-29
      8.942  39.210103    14.6501      8.894       1674 9.2655e-01    280.907    6.43890    55.2620    -1.4467 3.5149e-05     3.8085     0.0022     3.2634     0.3088     0.0119     0.0000  1023.7160    23.6765      8.833    5.83725    14.6488    31.9243    1502.12    421.149    421.132 -9.990e-29
      8.862  39.212109    14.6517      8.818       1675 9.1074e-01    280.967    6.44027    55.2620    -1.4356 3.7905e-05     3.8088     0.0028     3.2644     0.3036     0.0119     0.0000  1023.7157    23.6766      8.758    5.83705    14.6504    31.9248    1502.13    421.140    421.125 -9.990e-29
      8.806  39.213353    14.6534      8.754       1676 9.0599e-01    280.989    6.44075    55.2620    -1.4115 4.0824e-05     3.8086     0.0041     3.2652     0.3020     0.0120     0.0000  1023.7149    23.6761      8.694    5.83685    14.6521    31.9246    1502.13    421.191    421.178 -9.990e-29
      8.776  39.213917    14.6567      8.700       1677 9.1256e-01    280.977    6.44046    55.2620    -1.3702 3.3397e-05     3.8082     0.0063     3.2657     0.3042     0.0120     0.0000  1023.7123    23.6737      8.641    5.83654    14.6554    31.9224    1502.14    421.416    421.404 -9.990e-29
      8.774  39.213511    14.6582      8.711       1678 9.2300e-01    280.929    6.43937    55.2620    -1.3196 2.2246e-05     3.8079     0.0091     3.2661     0.3077     0.0119     0.0000  1023.7107    23.6721      8.652    5.83642    14.6569    31.9208    1502.14    421.564    421.552 -9.990e-29
      8.804  39.211404    14.6547      8.700       1679 9.3314e-01    280.843    6.43738    55.2620    -1.3051 1.5686e-05     3.8079     0.0098     3.2661     0.3111     0.0119     0.0000  1023.7122    23.6736      8.641    5.83680    14.6534    31.9218    1502.13    421.422    421.411 -9.990e-29
      8.871  39.207238    14.6500      8.733       1680 9.4650e-01    280.737    6.43493    55.2620    -1.3503 1.3309e-05     3.8081     0.0074     3.2660     0.3155     0.0119     0.0000  1023.7134    23.6747      8.673    5.83735    14.6487    31.9218    1502.12    421.323    421.311 -9.990e-29
      8.984  39.201056    14.6430      8.829       1681 9.6623e-01    280.631    6.43248    55.2620    -1.4052 1.4481e-05     3.8083     0.0044     3.2657     0.3221     0.0120     0.0000  1023.7154    23.6762      8.769    5.83818    14.6417    31.9219    1502.09    421.177    421.162 -9.990e-29
      9.145  39.192488    14.6304      9.023       1682 9.8899e-01    280.525    6.43006    55.2620    -1.4380 1.5306e-05     3.8083     0.0027     3.2653     0.3297     0.0120     0.0000  1023.7208    23.6808      8.961    5.83959    14.6291    31.9244    1502.06    420.744    420.725 -9.990e-29
      9.348  39.181261    14.6131      9.259       1683 1.0119e+00    280.422    6.42770    55.2620    -1.4575 1.1797e-05     3.8081     0.0016     3.2647     0.3373     0.0119     0.0000  1023.7285    23.6875      9.196    5.84151    14.6118    31.9284    1502.01    420.113    420.088 -9.990e-29
      9.587  39.167925    14.5916      9.539       1684 1.0359e+00    280.338    6.42578    55.2620    -1.4688 7.2244e-06     3.8077     0.0010     3.2640     0.3453     0.0117 9.7075e-09  1023.7385    23.6962      9.474    5.84388    14.5902    31.9338    1501.95    419.286    419.254 -9.990e-29
      9.850  39.153366    14.5636      9.850       1685 1.0547e+00    280.292    6.42474    55.2620    -1.4750 4.5788e-06     3.8071     0.0007     3.2634     0.3516     0.0116 1.6179e-08  1023.7533    23.7096      9.783    5.84687    14.5622    31.9435    1501.88    418.019    417.980 -9.990e-29
     10.127  39.138882    14.5360     10.173       1686 1.0646e+00    280.290    6.42473    55.2620    -1.4777 3.1541e-06     3.8064     0.0005     3.2629     0.3548     0.0115 2.6965e-08  1023.7678    23.7227     10.104    5.84982    14.5345    31.9530    1501.81    416.780    416.733 -9.990e-29
     10.406  39.126119    14.5134     10.506       1687 1.0725e+00    280.323    6.42555    55.2620    -1.4777 2.5705e-06     3.8055     0.0005     3.2624     0.3575     0.0115 4.4942e-08  1023.7793    23.7327     10.434    5.85227    14.5119    31.9598    1501.75    415.830    415.775 0.0000e+00
     10.674  39.115629    14.4926     10.828       1688 1.0833e+00    280.376    6.42683    55.2620    -1.4749 2.6724e-06     3.8047     0.0007     3.2619     0.3611     0.0115 7.4903e-08  1023.7909    23.7429     10.754    5.85449    14.4910    31.9673    1501.70    414.872    414.809 0.0000e+00
     10.920  39.107057    14.4753     11.097       1689 1.0987e+00    280.453    6.42866    55.2620    -1.4686 3.4869e-06     3.8037     0.0010     3.2616     0.3662     0.0116 1.2484e-07  1023.8006    23.7514     11.021    5.85633    14.4737    31.9737    1501.65    414.065    413.996 0.0000e+00
     11.137  39.100330    14.4612     11.333       1690 1.1197e+00    280.572    6.43144    55.2620    -1.4572 5.2313e-06     3.8023     0.0017     3.2616     0.3732     0.0116 2.0807e-07  1023.8088    23.7585     11.256    5.85782    14.4596    31.9791    1501.62    413.391    413.316 0.0000e+00
     11.321  39.095317    14.4494     11.538       1691 1.1455e+00    280.728    6.43508    55.2620    -1.4376 8.3707e-06     3.8006     0.0027     3.2618     0.3818     0.0117 3.4678e-07  1023.8161    23.7649     11.459    5.85905    14.4478    31.9842    1501.59    412.785    412.706 0.0000e+00
     11.469  39.091531    14.4403     11.677       1692 1.1743e+00    280.919    6.43951    55.2620    -1.4046 1.3742e-05     3.7993     0.0045     3.2623     0.3914     0.0118 3.5681e-07  1023.8217    23.7699     11.597    5.86000    14.4386    31.9882    1501.56    412.312    412.229 0.0000e+00
     11.579  39.088504    14.4312     11.806       1693 1.1968e+00    281.163    6.44516    55.2620    -1.3493 2.2778e-05     3.7985     0.0074     3.2632     0.3989     0.0119 2.4083e-07  1023.8278    23.7755     11.725    5.86092    14.4295    31.9929    1501.54    411.788    411.702 0.0000e+00
     11.650  39.086168    14.4253     11.860       1694 1.1970e+00    281.476    6.45240    55.2620    -1.2570 2.9856e-05     3.7980     0.0124     3.2645     0.3990     0.0120 1.8908e-07  1023.8314    23.7788     11.779    5.86153    14.4236    31.9956    1501.53    411.471    411.384 0.0000e+00
     11.685  39.084737    14.4232     11.892       1695 1.1750e+00    281.850    6.46101    55.2620    -1.1086 2.7488e-05     3.7978     0.0204     3.2663     0.3916     0.0120 1.8776e-07  1023.8323    23.7796     11.811    5.86176    14.4215    31.9960    1501.52    411.399    411.311 0.0000e+00
     11.684  39.084174    14.4230     11.882       1696 1.1538e+00    282.255    6.47032    55.2620    -0.9353 2.1733e-05     3.7979     0.0297     3.2683     0.3846     0.0120 2.3649e-07  1023.8320    23.7793     11.801    5.86180    14.4213    31.9957    1501.52    411.420    411.333 -9.990e-29
     11.651  39.084231    14.4235     11.828       1697 1.1470e+00    282.661    6.47963    55.2620    -0.8248 2.0433e-05     3.7984     0.0356     3.2704     0.3823     0.0120 3.4830e-07  1023.8314    23.7790     11.747    5.86175    14.4218    31.9954    1501.52    411.454    411.368 -9.990e-29
     11.591  39.084764    14.4248     11.731       1698 1.1494e+00    283.045    6.48846    55.2620    -0.8343 2.4581e-05     3.7989     0.0351     3.2726     0.3831     0.0120 5.5298e-07  1023.8303    23.7783     11.651    5.86162    14.4231    31.9948    1501.52    411.518    411.434 -9.990e-29
     11.510  39.085614    14.4265     11.634       1699 1.1576e+00    283.397    6.49653    55.2620    -0.9263 3.1075e-05     3.7989     0.0302     3.2747     0.3859     0.0121 9.0513e-07  1023.8291    23.7775     11.554    5.86143    14.4248    31.9942    1501.53    411.593    411.511 -9.990e-29
     11.415  39.086552    14.4284     11.516       1700 1.1661e+00    283.710    6.50370    55.2620    -0.9917 3.1320e-05     3.7981     0.0267     3.2768     0.3887     0.0121     0.0000  1023.8276    23.7765     11.437    5.86123    14.4268    31.9935    1501.53    411.677    411.599 -9.990e-29
     11.312  39.087422    14.4315     11.387       1701 1.1695e+00    283.986    6.51002    55.2620    -0.9660 2.3468e-05     3.7966     0.0281     3.2789     0.3898     0.0120     0.0000  1023.8251    23.7746     11.309    5.86092    14.4299    31.9918    1501.54    411.862    411.787 -9.990e-29
     11.205  39.088159    14.4355     11.258       1702 1.1722e+00    284.225    6.51551    55.2620    -0.8524 1.5755e-05     3.7943     0.0342     3.2810     0.3908     0.0119     0.0000  1023.8217    23.7717     11.181    5.86053    14.4339    31.9892    1501.54    412.129    412.056 -9.990e-29
     11.099  39.088755    14.4398     11.140       1703 1.1735e+00    284.435    6.52029    55.2620    -0.6639 1.2242e-05     3.7910     0.0443     3.2831     0.3912     0.0118     0.0000  1023.8180    23.7685     11.064    5.86013    14.4382    31.9863    1501.55    412.430    412.360 -9.990e-29
     11.002  39.089310    14.4435     10.989       1704 1.1742e+00    284.633    6.52482    55.2620    -0.4244 1.1995e-05     3.7871     0.0572     3.2852     0.3914     0.0118     0.0000  1023.8146    23.7658     10.914    5.85977    14.4419    31.9838    1501.56    412.683    412.617 -9.990e-29
     10.920  39.089987    14.4477     10.893       1705 1.1733e+00    284.823    6.52916    55.2620    -0.2135 1.4946e-05     3.7837     0.0685     3.2873     0.3911     0.0117     0.0000  1023.8111    23.7628     10.819    5.85937    14.4461    31.9810    1501.57    412.972    412.908 -9.990e-29
     10.862  39.090791    14.4519     10.807       1706 1.1635e+00    285.002    6.53326    55.2620    -0.0873 2.1882e-05     3.7809     0.0753     3.2893     0.3878     0.0118     0.0000  1023.8078    23.7598     10.733    5.85896    14.4504    31.9783    1501.58    413.252    413.190 -9.990e-29
     10.830  39.091557    14.4574     10.774       1707 1.1556e+00    285.179    6.53729    55.2620     0.0113 3.4654e-05     3.7783     0.0806     3.2912     0.3852     0.0120     0.0000  1023.8035    23.7557     10.700    5.85844    14.4559    31.9745    1501.59    413.643    413.582 -9.990e-29
     10.828  39.092094    14.4626     10.753       1708 1.1658e+00    285.348    6.54116    55.2620     0.1276 4.8635e-05     3.7759     0.0869     3.2931     0.3886     0.0121 5.9031e-09  1023.7994    23.7517     10.680    5.85796    14.4611    31.9707    1501.60    414.025    413.965 -9.990e-29
     10.860  39.092121    14.4653     10.774       1709 1.1869e+00    285.494    6.54448    55.2620     0.2516 5.7222e-05     3.7742     0.0935     3.2949     0.3956     0.0122 9.8385e-09  1023.7972    23.7494     10.700    5.85771    14.4638    31.9684    1501.61    414.242    414.181 -9.990e-29
     10.925  39.091288    14.4654     10.860       1710 1.2032e+00    285.607    6.54706    55.2620     0.3771 6.0408e-05     3.7734     0.1003     3.2964     0.4011     0.0123 1.6398e-08  1023.7969    23.7488     10.786    5.85773    14.4638    31.9676    1501.61    414.310    414.247 -9.990e-29
     11.024  39.089358    14.4616     10.957       1711 1.2158e+00    285.679    6.54871    55.2620     0.4909 6.1341e-05     3.7729     0.1064     3.2976     0.4053     0.0123 2.7329e-08  1023.7992    23.7506     10.882    5.85814    14.4600    31.9689    1501.60    414.138    414.073 -9.990e-29
     11.151  39.086335    14.4551     11.129       1712 1.2241e+00    285.705    6.54928    55.2620     0.6183 7.0598e-05     3.7720     0.1133     3.2984     0.4080     0.0123 4.5549e-08  1023.8033    23.7539     11.053    5.85883    14.4535    31.9715    1501.58    413.826    413.756 -9.990e-29
     11.301  39.082355    14.4483     11.290       1713 1.2274e+00    285.691    6.54897    55.2620     0.7928 8.8737e-05     3.7700     0.1226     3.2990     0.4091     0.0124 7.5915e-08  1023.8069    23.7568     11.213    5.85957    14.4467    31.9734    1501.57    413.553    413.479 -9.990e-29
     11.469  39.077163    14.4395     11.484       1714 1.2308e+00    285.657    6.54821    55.2620     0.9655 9.6875e-05     3.7673     0.1319     3.2994     0.4102     0.0125 1.2652e-07  1023.8115    23.7606     11.406    5.86054    14.4379    31.9758    1501.54    413.201    413.123 -9.990e-29
     11.651  39.069674    14.4282     11.677       1715 1.2336e+00    285.618    6.54733    55.2620     1.0843 9.3352e-05     3.7647     0.1383     3.2997     0.4112     0.0125 2.1087e-07  1023.8166    23.7648     11.597    5.86180    14.4265    31.9783    1501.51    412.802    412.719 -9.990e-29
     11.839  39.058487    14.4125     11.913       1716 1.2378e+00    285.583    6.54653    55.2620     1.1482 9.7694e-05     3.7623     0.1417     3.2998     0.4126     0.0125 1.3646e-07  1023.8230    23.7701     11.832    5.86359    14.4108    31.9809    1501.47    412.298    412.210 0.0000e+00
     12.028  39.042633    14.3895     12.096       1717 1.2463e+00    285.568    6.54620    55.2620     1.1670 1.0781e-04     3.7593     0.1427     3.2998     0.4154     0.0126 1.2446e-08  1023.8321    23.7784     12.013    5.86619    14.3878    31.9854    1501.40    411.516    411.423 0.0000e+00
     12.213  39.021361    14.3430     12.343       1718 1.2626e+00    285.593    6.54679    55.2620     1.1453 1.0114e-04     3.7558     0.1416     3.2998     0.4209     0.0126 2.0743e-08  1023.8574    23.8027     12.259    5.87109    14.3412    32.0043    1501.28    409.205    409.107 0.0000e+00
