inst/extdata/initial_example/raw/ctd/Cnv/C285C-003-HC.cnv
* Sea-Bird SBE19plus Data File:
* FileName = C:\Data\CTD\Hex\C285C-003-HC.hex
* Software Version 1.24
* Temperature SN =  4447
* Conductivity SN =  4447
* System UpLoad Time = Jun 14 2019 15:42:15
** Station = C285C-003-HC
** NMEA (UTC) Time = 13:14
** NMEA Latitude = 41 3.2 N
** NMEA Longitude = 71 29.9 W
** Bottom Depth = 43
** Date = 14 June 19
** Chief Scientist = Ben Harden
** General Locale = 
** C:\Data\CTD\Hex\4447201903_Tx0_CDOM1_DO2_Chl3_PAR4.con
** 4447 CTD 	Instrument	S/N	DWG #
** Voltage 0	Transmiss	CST-779PR	X
** Voltage 1	CDOM	WSCD-1258ad	X
** Voltage 2	DO	3328	x
** Voltage 3	Chl-a	SCF-3149	x
** Voltage 4	PAR	70187	x
** Voltage 5	Free	x	x
** 
# nquan = 27                                
# nvalues = 3548                        
# units = specified
# name 0 = depSM: Depth [salt water, m]
# name 1 = c0mS/cm: Conductivity [mS/cm]
# name 2 = tv290C: Temperature [ITS-90, deg C]
# name 3 = prdM: Pressure, Strain Gauge [db]
# name 4 = scan: Scan Count
# name 5 = flSP: Fluorescence, Seapoint
# name 6 = sbeox0Mm/Kg: Oxygen, SBE 43 [umol/Kg]
# name 7 = sbeox0ML/L: Oxygen, SBE 43 [ml/l]
# name 8 = bat: Beam Attenuation, Chelsea/Seatech/Wetlab CStar [1/m]
# name 9 = wetCDOM: Fluorescence, Wetlab CDOM [mg/m^3]
# name 10 = par: PAR/Irradiance, Biospherical/Licor
# name 11 = v0: Voltage 0
# name 12 = v1: Voltage 1
# name 13 = v2: Voltage 2
# name 14 = v3: Voltage 3
# name 15 = v4: Voltage 4
# name 16 = v5: Voltage 5
# name 17 = density00: Density [density, Kg/m^3]
# name 18 = sigma-é00: Density [sigma-theta, Kg/m^3]
# name 19 = depSM: Depth [salt water, m], lat = 30
# name 20 = oxsatML/L: Oxygen Saturation [ml/l]
# name 21 = potemp090C: Potential Temperature [ITS-90, deg C]
# name 22 = sal00: Salinity [PSU]
# name 23 = svCM: Sound Velocity [Chen-Millero, m/s]
# name 24 = sva: Specific Volume Anomaly [10^-8 * m^3/Kg]
# name 25 = tsa: Thermosteric Anomaly [10^-8 * m^3/Kg]
# name 26 = flag: flag
# span 0 =      0.077,     39.206       
# span 1 =   0.001599,  39.499807       
# span 2 =     9.7338,    16.6731       
# span 3 =      0.058,     39.559       
# span 4 =          1,       3548       
# span 5 = 2.1026e-02, 2.0779e+00       
# span 6 =    209.645,    306.982       
# span 7 =    4.80539,    6.90421       
# span 8 =    55.2620,    55.2620       
# span 9 =    -1.4880,     3.1846       
# span 10 = 4.5634e-01, 4.1193e+03      
# span 11 =     0.1674,     4.7541      
# span 12 =     0.0000,     0.2512      
# span 13 =     2.3935,     3.3163      
# span 14 =     0.0070,     0.6926      
# span 15 =     0.8308,     4.7155      
# span 16 =     0.0000,     0.0005      
# span 17 =   998.8397,  1025.0020      
# span 18 =    -1.1609,    24.8234      
# span 19 =      0.058,     39.286      
# span 20 =    5.81073,    7.05011      
# span 21 =     9.7295,    16.6731      
# span 22 =     0.0084,    32.2268      
# span 23 =    1466.14,    1502.81      
# span 24 =    312.329,   2850.016      
# span 25 =    311.857,   2850.221      
# span 26 = 0.0000e+00, 0.0000e+00      
# interval = seconds: 0.25                        
# start_time = Jun 14 2019 06:11:38
# bad_flag = -9.990e-29
*END*
[from data line 2792]
      5.871  39.148882    14.5717      5.871       2793 4.1088e-01    267.130    6.12317    55.2620    -1.4880 2.3761e+02     3.8406 1.8193e-07     3.1324     0.1369     3.4759 2.0896e-07  1023.7267    23.7007      5.831    5.84623    14.5709    31.9343    1501.83    418.762    418.821 -9.990e-29
      5.858  39.148676    14.5716      5.870       2794 4.0972e-01    267.147    6.12357    55.2620    -1.4880 2.4188e+02     3.8406 1.6260e-07     3.1325     0.1366     3.4837 3.4827e-07  1023.7266    23.7006      5.830    5.84625    14.5708    31.9342    1501.83    418.768    418.827 -9.990e-29
      5.850  39.148387    14.5716      5.881       2795 4.0841e-01    267.182    6.12436    55.2620    -1.4880 2.4345e+02     3.8409 1.8662e-07     3.1328     0.1361     3.4867 5.8046e-07  1023.7265    23.7004      5.841    5.84626    14.5708    31.9339    1501.83    418.788    418.846 -9.990e-29
      5.844  39.147924    14.5714      5.860       2796 4.0671e-01    267.230    6.12547    55.2620    -1.4880 2.4234e+02     3.8414 2.6042e-07     3.1331     0.1356     3.4848 9.6743e-07  1023.7262    23.7003      5.820    5.84629    14.5706    31.9337    1501.83    418.801    418.861 -9.990e-29
      5.840  39.147178    14.5703      5.892       2797 4.0418e-01    267.287    6.12677    55.2620    -1.4880 2.4024e+02     3.8419 4.0365e-07     3.1335     0.1347     3.4810     0.0000  1023.7268    23.7007      5.852    5.84641    14.5695    31.9339    1501.83    418.764    418.823 -9.990e-29
      5.834  39.146135    14.5684      5.870       2798 4.0218e-01    267.341    6.12801    55.2620    -1.4880 2.3936e+02     3.8425 6.5453e-07     3.1338     0.1340     3.4795     0.0000  1023.7276    23.7015      5.830    5.84662    14.5676    31.9345    1501.82    418.680    418.739 -9.990e-29
      5.825  39.144973    14.5670      5.881       2799 4.0137e-01    267.382    6.12894    55.2620    -1.4880 2.4091e+02     3.8432     0.0000     3.1341     0.1338     3.4823     0.0000  1023.7280    23.7019      5.841    5.84678    14.5662    31.9346    1501.82    418.645    418.704 -9.990e-29
      5.811  39.143870    14.5665      5.860       2800 4.0072e-01    267.408    6.12954    55.2620    -1.4880 2.4423e+02     3.8437     0.0000     3.1342     0.1336     3.4882     0.0000  1023.7275    23.7016      5.820    5.84686    14.5657    31.9340    1501.81    418.678    418.737 -9.990e-29
      5.795  39.142753    14.5659      5.816       2801 4.0082e-01    267.421    6.12985    55.2620    -1.4879 2.4719e+02     3.8439     0.0000     3.1343     0.1336     3.4935     0.0000  1023.7271    23.7013      5.776    5.84695    14.5651    31.9335    1501.81    418.702    418.762 -9.990e-29
      5.780  39.141327    14.5624      5.795       2802 4.0192e-01    267.419    6.12980    55.2620    -1.4879 2.4854e+02     3.8440     0.0000     3.1343     0.1340     3.4959     0.0000  1023.7289    23.7033      5.755    5.84731    14.5616    31.9351    1501.80    418.514    418.575 -9.990e-29
      5.769  39.139724    14.5599      5.784       2803 4.0333e-01    267.400    6.12936    55.2620    -1.4878 2.4904e+02     3.8439     0.0000     3.1343     0.1344     3.4968     0.0000  1023.7299    23.7042      5.745    5.84759    14.5591    31.9357    1501.79    418.419    418.480 -9.990e-29
      5.763  39.138541    14.5597      5.773       2804 4.0569e-01    267.369    6.12866    55.2620    -1.4877 2.4860e+02     3.8438     0.0000     3.1342     0.1352     3.4960     0.0000  1023.7292    23.7036      5.734    5.84764    14.5589    31.9348    1501.79    418.481    418.543 -9.990e-29
      5.764  39.137808    14.5607      5.741       2805 4.0883e-01    267.339    6.12798    55.2620    -1.4876 2.4643e+02     3.8433     0.0000     3.1342     0.1363     3.4922     0.0000  1023.7277    23.7022      5.702    5.84758    14.5599    31.9333    1501.79    418.609    418.672 -9.990e-29
      5.774  39.136902    14.5601      5.783       2806 4.1172e-01    267.325    6.12766    55.2620    -1.4873 2.4336e+02     3.8426     0.0000     3.1342     0.1372     3.4867     0.0000  1023.7277    23.7021      5.744    5.84766    14.5593    31.9330    1501.79    418.624    418.685 -9.990e-29
      5.792  39.135327    14.5561      5.805       2807 4.1456e-01    267.331    6.12779    55.2620    -1.4868 2.4093e+02     3.8421     0.0001     3.1343     0.1382     3.4823     0.0000  1023.7301    23.7044      5.765    5.84807    14.5553    31.9348    1501.78    418.408    418.469 -9.990e-29
      5.815  39.133346    14.5511      5.826       2808 4.1741e-01    267.352    6.12828    55.2620    -1.4860 2.3940e+02     3.8419     0.0001     3.1344     0.1391     3.4794     0.0000  1023.7330    23.7072      5.786    5.84859    14.5503    31.9372    1501.77    418.139    418.199 -9.990e-29
      5.841  39.131993    14.5498      5.880       2809 4.1992e-01    267.389    6.12913    55.2620    -1.4847 2.3708e+02     3.8419     0.0002     3.1346     0.1400     3.4750     0.0001  1023.7334    23.7073      5.840    5.84875    14.5490    31.9370    1501.76    418.127    418.186 -9.990e-29
      5.867  39.131899    14.5512      5.923       2810 4.2148e-01    267.444    6.13039    55.2620    -1.4825 2.3244e+02     3.8420     0.0003     3.1349     0.1405     3.4662     0.0001  1023.7323    23.7061      5.883    5.84863    14.5503    31.9357    1501.77    418.248    418.306 -9.990e-29
      5.887  39.132627    14.5529      5.955       2811 4.2228e-01    267.514    6.13201    55.2620    -1.4789 2.2620e+02     3.8423     0.0005     3.1352     0.1408     3.4544     0.0001  1023.7315    23.7051      5.914    5.84845    14.5520    31.9350    1501.77    418.338    418.396 -9.990e-29
      5.899  39.133600    14.5547      5.966       2812 4.2319e-01    267.588    6.13371    55.2620    -1.4763 2.2043e+02     3.8426     0.0006     3.1356     0.1411     3.4433     0.0001  1023.7307    23.7043      5.925    5.84826    14.5538    31.9344    1501.78    418.419    418.476 -9.990e-29
      5.903  39.134623    14.5556      5.976       2813 4.2287e-01    267.648    6.13509    55.2620    -1.4777 2.1664e+02     3.8430     0.0005     3.1360     0.1410     3.4359     0.0000  1023.7307    23.7043      5.935    5.84814    14.5547    31.9346    1501.78    418.424    418.480 -9.990e-29
      5.898  39.135619    14.5568      5.955       2814 4.2080e-01    267.688    6.13601    55.2620    -1.4797 2.1478e+02     3.8433     0.0004     3.1362     0.1403     3.4324 1.0671e-08  1023.7303    23.7039      5.914    5.84800    14.5559    31.9345    1501.78    418.453    418.510 -9.990e-29
      5.887  39.136644    14.5584      5.933       2815 4.1960e-01    267.710    6.13651    55.2620    -1.4803 2.1372e+02     3.8434     0.0004     3.1364     0.1399     3.4303 1.7785e-08  1023.7296    23.7033      5.893    5.84782    14.5575    31.9341    1501.79    418.512    418.569 -9.990e-29
      5.873  39.137688    14.5603      5.901       2816 4.1979e-01    267.722    6.13679    55.2620    -1.4800 2.1220e+02     3.8435     0.0004     3.1366     0.1399     3.4271 2.9641e-08  1023.7286    23.7025      5.861    5.84762    14.5595    31.9335    1501.79    418.593    418.652 -9.990e-29
      5.861  39.138530    14.5611      5.858       2817 4.1882e-01    267.734    6.13706    55.2620    -1.4784 2.0957e+02     3.8437     0.0005     3.1368     0.1396     3.4216 4.9402e-08  1023.7283    23.7024      5.818    5.84752    14.5603    31.9336    1501.79    418.599    418.659 -9.990e-29
      5.857  39.139032    14.5609      5.836       2818 4.1612e-01    267.751    6.13743    55.2620    -1.4741 2.0595e+02     3.8440     0.0007     3.1371     0.1387     3.4139 8.2337e-08  1023.7288    23.7029      5.796    5.84752    14.5601    31.9343    1501.79    418.548    418.608 -9.990e-29
      5.865  39.139341    14.5603      5.847       2819 4.1388e-01    267.773    6.13794    55.2620    -1.4662 2.0143e+02     3.8443     0.0012     3.1375     0.1379     3.4041 1.3723e-07  1023.7295    23.7036      5.807    5.84756    14.5595    31.9350    1501.79    418.480    418.540 -9.990e-29
      5.884  39.139840    14.5625      5.879       2820 4.1357e-01    267.794    6.13841    55.2620    -1.4598 1.9601e+02     3.8444     0.0015     3.1377     0.1378     3.3921 2.2871e-07  1023.7282    23.7021      5.839    5.84735    14.5617    31.9337    1501.80    418.626    418.685 -9.990e-29
      5.914  39.140490    14.5640      5.911       2821 4.1546e-01    267.806    6.13868    55.2620    -1.4624 1.9043e+02     3.8442     0.0014     3.1379     0.1385     3.3796 3.8119e-07  1023.7275    23.7013      5.871    5.84720    14.5632    31.9330    1501.80    418.705    418.763 -9.990e-29
      5.951  39.140723    14.5631      5.965       2822 4.1840e-01    267.816    6.13892    55.2620    -1.4689 1.8597e+02     3.8438     0.0011     3.1380     0.1394     3.3695 3.7028e-07  1023.7286    23.7022      5.924    5.84727    14.5622    31.9339    1501.80    418.619    418.676 -9.990e-29
      5.994  39.140462    14.5621      6.019       2823 4.2037e-01    267.835    6.13935    55.2620    -1.4720 1.8288e+02     3.8432     0.0009     3.1382     0.1401     3.3623 1.9307e-07  1023.7295    23.7028      5.978    5.84737    14.5612    31.9345    1501.80    418.559    418.615 -9.990e-29
      6.036  39.140136    14.5621      6.105       2824 4.2193e-01    267.869    6.14013    55.2620    -1.4738 1.8041e+02     3.8425     0.0008     3.1385     0.1406     3.3565 6.7341e-08  1023.7297    23.7026      6.063    5.84738    14.5612    31.9342    1501.80    418.586    418.639 -9.990e-29
      6.073  39.139876    14.5619      6.137       2825 4.2463e-01    267.919    6.14128    55.2620    -1.4777 1.7806e+02     3.8418     0.0006     3.1389     0.1415     3.3507 1.6821e-08  1023.7298    23.7026      6.095    5.84741    14.5610    31.9341    1501.80    418.588    418.641 -9.990e-29
      6.098  39.139502    14.5614      6.212       2826 4.2814e-01    267.978    6.14262    55.2620    -1.4818 1.7617e+02     3.8411     0.0003     3.1394     0.1427     3.3460 2.8035e-08  1023.7303    23.7027      6.170    5.84747    14.5605    31.9341    1501.80    418.577    418.628 -9.990e-29
      6.107  39.138992    14.5607      6.223       2827 4.3044e-01    268.031    6.14384    55.2620    -1.4843 1.7574e+02     3.8408     0.0002     3.1398     0.1435     3.3447 4.6726e-08  1023.7305    23.7029      6.181    5.84755    14.5598    31.9342    1501.80    418.555    418.606 -9.990e-29
      6.094  39.138398    14.5607      6.223       2828 4.3071e-01    268.077    6.14489    55.2620    -1.4858 1.7764e+02     3.8411     0.0001     3.1401     0.1436     3.3490 7.7876e-08  1023.7301    23.7025      6.181    5.84756    14.5598    31.9337    1501.80    418.595    418.646 -9.990e-29
      6.059  39.137605    14.5602      6.191       2829 4.3085e-01    268.115    6.14576    55.2620    -1.4867 1.8213e+02     3.8419     0.0001     3.1403     0.1436     3.3594 1.2979e-07  1023.7299    23.7024      6.149    5.84764    14.5593    31.9334    1501.80    418.606    418.657 -9.990e-29
      6.001  39.136437    14.5581      6.105       2830 4.3131e-01    268.137    6.14628    55.2620    -1.4872 1.8873e+02     3.8425     0.0001     3.1405     0.1438     3.3745 2.1632e-07  1023.7304    23.7034      6.063    5.84786    14.5572    31.9341    1501.79    418.511    418.564 -9.990e-29
      5.925  39.134906    14.5553      5.997       2831 4.3126e-01    268.148    6.14651    55.2620    -1.4875 1.9643e+02     3.8429     0.0000     3.1407     0.1438     3.3916 3.6054e-07  1023.7313    23.7047      5.956    5.84816    14.5544    31.9351    1501.78    418.382    418.438 -9.990e-29
      5.840  39.133396    14.5529      5.879       2832 4.3093e-01    268.148    6.14650    55.2620    -1.4877 2.0443e+02     3.8432 2.1420e-08     3.1408     0.1437     3.4089 6.0090e-07  1023.7318    23.7057      5.839    5.84842    14.5521    31.9357    1501.77    418.283    418.342 -9.990e-29
      5.753  39.132338    14.5517      5.761       2833 4.2986e-01    268.136    6.14624    55.2620    -1.4878 2.1277e+02     3.8433 3.5700e-08     3.1409     0.1433     3.4263 7.0194e-07  1023.7315    23.7060      5.722    5.84856    14.5509    31.9358    1501.77    418.251    418.313 -9.990e-29
      5.673  39.131869    14.5506      5.632       2834 4.2890e-01    268.125    6.14600    55.2620    -1.4879 2.2142e+02     3.8433 5.9500e-08     3.1410     0.1430     3.4436 6.9060e-07  1023.7316    23.7066      5.594    5.84868    14.5498    31.9363    1501.76    418.187    418.252 -9.990e-29
      5.609  39.132024    14.5502      5.546       2835 4.2948e-01    268.124    6.14598    55.2620    -1.4879 2.2929e+02     3.8431 9.9167e-08     3.1411     0.1432     3.4590 8.6342e-07  1023.7317    23.7071      5.508    5.84871    14.5494    31.9368    1501.76    418.140    418.207 -9.990e-29
      5.568  39.132911    14.5519      5.481       2836 4.3078e-01    268.135    6.14624    55.2620    -1.4880 2.3576e+02     3.8429 1.6528e-07     3.1413     0.1436     3.4711     0.0000  1023.7306    23.7063      5.444    5.84852    14.5511    31.9362    1501.76    418.214    418.283 -9.990e-29
      5.556  39.134526    14.5553      5.459       2837 4.3243e-01    268.160    6.14682    55.2620    -1.4880 2.4258e+02     3.8426 2.7546e-07     3.1416     0.1441     3.4833     0.0000  1023.7288    23.7046      5.422    5.84817    14.5545    31.9349    1501.77    418.379    418.448 -9.990e-29
      5.574  39.136526    14.5595      5.481       2838 4.3450e-01    268.197    6.14766    55.2620    -1.4880 2.5127e+02     3.8425 4.5910e-07     3.1419     0.1448     3.4984     0.0000  1023.7267    23.7024      5.444    5.84772    14.5587    31.9333    1501.78    418.585    418.653 -9.990e-29
      5.621  39.138294    14.5643      5.577       2839 4.3547e-01    268.245    6.14876    55.2620    -1.4880 2.5920e+02     3.8423 4.7335e-07     3.1423     0.1451     3.5118     0.0000  1023.7243    23.6996      5.539    5.84724    14.5635    31.9309    1501.80    418.858    418.924 -9.990e-29
      5.687  39.138976    14.5652      5.674       2840 4.3429e-01    268.302    6.15007    55.2620    -1.4880 2.6108e+02     3.8421 3.2201e-07     3.1427     0.1447     3.5151     0.0000  1023.7244    23.6993      5.635    5.84713    14.5644    31.9307    1501.80    418.890    418.954 -9.990e-29
      5.762  39.137984    14.5611      5.803       2841 4.3169e-01    268.359    6.15137    55.2620    -1.4880 2.5674e+02     3.8420 2.5655e-07     3.1430     0.1439     3.5082     0.0000  1023.7277    23.7020      5.763    5.84754    14.5603    31.9332    1501.79    418.633    418.694 -9.990e-29
      5.838  39.135921    14.5565      5.889       2842 4.2937e-01    268.408    6.15249    55.2620    -1.4880 2.5229e+02     3.8421 2.5949e-07     3.1433     0.1431     3.5012     0.0000  1023.7305    23.7044      5.849    5.84802    14.5557    31.9350    1501.78    418.405    418.463 -9.990e-29
      5.907  39.133876    14.5523      6.018       2843 4.2913e-01    268.438    6.15316    55.2620    -1.4880 2.5040e+02     3.8422 3.3163e-07     3.1434     0.1430     3.4983     0.0000  1023.7332    23.7065      5.977    5.84846    14.5514    31.9366    1501.77    418.210    418.265 -9.990e-29
      5.960  39.132485    14.5499      6.061       2844 4.2973e-01    268.433    6.15305    55.2620    -1.4880 2.4886e+02     3.8424 4.9221e-07     3.1434     0.1432     3.4957     0.0001  1023.7344    23.7075      6.020    5.84873    14.5490    31.9373    1501.77    418.112    418.166 -9.990e-29
      5.995  39.132139    14.5510      6.093       2845 4.2794e-01    268.391    6.15211    55.2620    -1.4880 2.4595e+02     3.8427 7.8404e-07     3.1432     0.1426     3.4906     0.0001  1023.7334    23.7064      6.051    5.84864    14.5501    31.9360    1501.77    418.225    418.279 -9.990e-29
