inst/extdata/initial_example/raw/ctd/Cnv/C285C-007-HC.cnv
* Sea-Bird SBE19plus Data File:
* FileName = C:\Data\CTD\Hex\C285C-007-HC.hex
* Software Version 1.24
* Temperature SN =  4447
* Conductivity SN =  4447
* System UpLoad Time = Jun 15 2019 16:36:39
** Station = C285C-007-HC
** NMEA (UTC) Time = 15:13
** NMEA Latitude = 41 28.2 N
** NMEA Longitude = 70 55.6
** Bottom Depth = 26.28
** Date = 15 June 2019
** Chief Scientist = Ben Harden
** General Locale = 
** C:\Data\CTD\Hex\4447201903_Tx0_CDOM1_DO2_Chl3_PAR4.con
** 4447 CTD 	Instrument	S/N	DWG #
** Voltage 0	Transmiss	CST-779PR	X
** Voltage 1	CDOM	WSCD-1258ad	X
** Voltage 2	DO	3328	x
** Voltage 3	Chl-a	SCF-3149	x
** Voltage 4	PAR	70187	x
** Voltage 5	Free	x	x
** 
# nquan = 27                                
# nvalues = 2996                        
# units = specified
# name 0 = depSM: Depth [salt water, m]
# name 1 = c0mS/cm: Conductivity [mS/cm]
# name 2 = tv290C: Temperature [ITS-90, deg C]
# name 3 = prdM: Pressure, Strain Gauge [db]
# name 4 = scan: Scan Count
# name 5 = flSP: Fluorescence, Seapoint
# name 6 = sbeox0Mm/Kg: Oxygen, SBE 43 [umol/Kg]
# name 7 = sbeox0ML/L: Oxygen, SBE 43 [ml/l]
# name 8 = bat: Beam Attenuation, Chelsea/Seatech/Wetlab CStar [1/m]
# name 9 = wetCDOM: Fluorescence, Wetlab CDOM [mg/m^3]
# name 10 = par: PAR/Irradiance, Biospherical/Licor
# name 11 = v0: Voltage 0
# name 12 = v1: Voltage 1
# name 13 = v2: Voltage 2
# name 14 = v3: Voltage 3
# name 15 = v4: Voltage 4
# name 16 = v5: Voltage 5
# name 17 = density00: Density [density, Kg/m^3]
# name 18 = sigma-é00: Density [sigma-theta, Kg/m^3]
# name 19 = depSM: Depth [salt water, m], lat = 30
# name 20 = oxsatML/L: Oxygen Saturation [ml/l]
# name 21 = potemp090C: Potential Temperature [ITS-90, deg C]
# name 22 = sal00: Salinity [PSU]
# name 23 = svCM: Sound Velocity [Chen-Millero, m/s]
# name 24 = sva: Specific Volume Anomaly [10^-8 * m^3/Kg]
# name 25 = tsa: Thermosteric Anomaly [10^-8 * m^3/Kg]
# name 26 = flag: flag
# span 0 =      0.113,     23.087       
# span 1 =   0.002245,  40.863508       
# span 2 =    15.9267,    19.0320       
# span 3 =      0.093,     23.321       
# span 4 =          1,       2996       
# span 5 = 4.9971e-03, 2.0970e+00       
# span 6 =    177.441,    298.921       
# span 7 =    4.06423,    6.82068       
# span 8 =    55.2620,    55.2620       
# span 9 =    -1.4880,     3.0580       
# span 10 = 4.5419e-02, 4.5037e+03      
# span 11 =     0.3371,     4.5799      
# span 12 =     0.0000,     0.2444      
# span 13 =     2.3395,     3.2919      
# span 14 =     0.0016,     0.6990      
# span 15 =     0.2033,     4.7541      
# span 16 =     0.0000,     0.0003      
# span 17 =   998.4084,  1023.1525      
# span 18 =    -1.5922,    23.0709      
# span 19 =      0.092,     23.161      
# span 20 =    5.59424,    6.77606      
# span 21 =    15.9232,    19.0320      
# span 22 =     0.0096,    31.7214      
# span 23 =    1472.49,    1508.65      
# span 24 =    478.914,   2893.274      
# span 25 =    478.960,   2893.479      
# span 26 = 0.0000e+00, 0.0000e+00      
# interval = seconds: 0.25                        
# start_time = Jun 15 2019 08:08:48
# bad_flag = -9.990e-29
*END*
[from data line 1235]
      5.577  40.326471    16.5043      5.603       1236 1.4343e+00    206.434    4.72839    55.2620    -1.4880 2.4140e+02     3.0752 2.0345e-33     2.6100     0.4781     3.4834 1.1063e-09  1022.9123    22.8876      5.565    5.64123    16.5034    31.4267    1507.32    496.414    496.470 -9.990e-29
      5.604  40.356460    16.5553      5.657       1237 1.4362e+00    206.418    4.72800    55.2620    -1.4880 2.3856e+02     3.0741 1.2208e-33     2.6105     0.4787     3.4783 9.3336e-10  1022.8901    22.8653      5.618    5.63603    16.5544    31.4126    1507.46    498.554    498.608 -9.990e-29
      5.627  40.381093    16.5854      5.689       1238 1.4436e+00    206.411    4.72780    55.2620    -1.4880 2.3653e+02     3.0716 7.3253e-34     2.6110     0.4812     3.4746 1.0093e-09  1022.8817    22.8567      5.650    5.63276    16.5845    31.4103    1507.55    499.377    499.429 -9.990e-29
      5.643  40.397511    16.6003      5.700       1239 1.4560e+00    206.418    4.72788    55.2620    -1.4880 2.3567e+02     3.0681 4.3964e-34     2.6115     0.4853     3.4730 1.3544e-09  1022.8803    22.8552      5.661    5.63102    16.5994    31.4129    1507.60    499.516    499.568 -9.990e-29
      5.652  40.407273    16.6063      5.711       1240 1.4664e+00    206.445    4.72843    55.2620    -1.4880 2.3573e+02     3.0646 2.6399e-34     2.6119     0.4888     3.4732 2.0606e-09  1022.8818    22.8567      5.672    5.63023    16.6054    31.4166    1507.62    499.372    499.423 -9.990e-29
      5.654  40.412457    16.6088      5.722       1241 1.4660e+00    206.470    4.72896    55.2620    -1.4880 2.3595e+02     3.0613 1.5874e-34     2.6123     0.4887     3.4736 3.3164e-09  1022.8833    22.8581      5.683    5.62986    16.6079    31.4192    1507.63    499.241    499.293 -9.990e-29
      5.648  40.414435    16.6074      5.711       1242 1.4458e+00    206.465    4.72881    55.2620    -1.4880 2.3589e+02     3.0581 9.5822e-35     2.6124     0.4819     3.4735 5.4565e-09  1022.8857    22.8606      5.672    5.62992    16.6065    31.4220    1507.63    499.004    499.056 -9.990e-29
      5.634  40.414028    16.6007      5.679       1243 1.4038e+00    206.439    4.72819    55.2620    -1.4880 2.3579e+02     3.0558 5.8453e-35     2.6125     0.4679     3.4732 9.0516e-09  1022.8908    22.8659      5.640    5.63050    16.5998    31.4269    1507.62    498.497    498.549 -9.990e-29
      5.617  40.412560    16.5952      5.657       1244 1.3596e+00    206.417    4.72766    55.2620    -1.4880 2.3638e+02     3.0546 3.6670e-35     2.6126     0.4532     3.4743 1.5061e-08  1022.8943    22.8695      5.618    5.63100    16.5943    31.4299    1507.60    498.153    498.206 -9.990e-29
      5.599  40.411644    16.5941      5.614       1245 1.3254e+00    206.408    4.72744    55.2620    -1.4880 2.3827e+02     3.0540 2.4667e-35     2.6128     0.4418     3.4776 2.5086e-08  1022.8945    22.8698      5.576    5.63112    16.5932    31.4300    1507.60    498.121    498.175 -9.990e-29
      5.583  40.411753    16.5980      5.604       1246 1.2938e+00    206.412    4.72754    55.2620    -1.4880 2.4161e+02     3.0533 1.9242e-35     2.6130     0.4312     3.4835 4.1800e-08  1022.8913    22.8666      5.566    5.63079    16.5971    31.4271    1507.61    498.423    498.478 -9.990e-29
      5.571  40.412010    16.5991      5.582       1247 1.2658e+00    206.426    4.72787    55.2620    -1.4880 2.4563e+02     3.0521 1.8948e-35     2.6133     0.4219     3.4907 6.9662e-08  1022.8904    22.8659      5.544    5.63069    16.5982    31.4264    1507.61    498.493    498.548 -9.990e-29
      5.562  40.411349    16.5927      5.572       1248 1.2457e+00    206.459    4.72863    55.2620    -1.4880 2.4839e+02     3.0500 2.3707e-35     2.6136     0.4152     3.4956 1.1610e-07  1022.8953    22.8707      5.534    5.63125    16.5918    31.4309    1507.60    498.027    498.082 -9.990e-29
      5.558  40.410297    16.5888      5.582       1249 1.2328e+00    206.532    4.73029    55.2620    -1.4880 2.4859e+02     3.0476 3.4788e-35     2.6142     0.4109     3.4959 1.9350e-07  1022.8978    22.8733      5.544    5.63161    16.5879    31.4330    1507.59    497.785    497.840 -9.990e-29
      5.557  40.410661    16.5954      5.572       1250 1.2257e+00    206.636    4.73268    55.2620    -1.4880 2.4659e+02     3.0459 5.5145e-35     2.6149     0.4086     3.4924 3.2249e-07  1022.8926    22.8680      5.534    5.63104    16.5945    31.4282    1507.60    498.285    498.340 -9.990e-29
      5.560  40.412340    16.5983      5.583       1251 1.2230e+00    206.735    4.73496    55.2620    -1.4880 2.4338e+02     3.0453 9.0208e-35     2.6155     0.4077     3.4867 5.3749e-07  1022.8913    22.8668      5.545    5.63075    16.5974    31.4273    1507.61    498.409    498.464 -9.990e-29
      5.564  40.413632    16.5991      5.593       1252 1.2222e+00    206.806    4.73658    55.2620    -1.4880 2.4006e+02     3.0454 1.4933e-34     2.6160     0.4074     3.4808 8.9581e-07  1022.8916    22.8669      5.555    5.63064    16.5982    31.4278    1507.61    498.391    498.445 -9.990e-29
      5.568  40.414228    16.5964      5.615       1253 1.2203e+00    206.843    4.73743    55.2620    -1.4880 2.3744e+02     3.0457 2.4826e-34     2.6162     0.4068     3.4760     0.0000  1022.8943    22.8696      5.577    5.63085    16.5955    31.4305    1507.61    498.140    498.194 -9.990e-29
      5.570  40.414956    16.5956      5.615       1254 1.2179e+00    206.844    4.73745    55.2620    -1.4880 2.3563e+02     3.0463 4.1341e-34     2.6163     0.4060     3.4726     0.0000  1022.8954    22.8707      5.577    5.63090    16.5947    31.4317    1507.61    498.030    498.084 -9.990e-29
      5.567  40.416744    16.5970      5.615       1255 1.2163e+00    206.810    4.73667    55.2620    -1.4880 2.3476e+02     3.0471 6.8879e-34     2.6162     0.4054     3.4708     0.0000  1022.8955    22.8708      5.577    5.63073    16.5961    31.4322    1507.61    498.027    498.081 -9.990e-29
      5.561  40.420038    16.6022      5.615       1256 1.2148e+00    206.764    4.73563    55.2620    -1.4880 2.3562e+02     3.0482 1.1479e-33     2.6162     0.4049     3.4720     0.0000  1022.8933    22.8686      5.577    5.63019    16.6013    31.4309    1507.63    498.231    498.285 -9.990e-29
      5.548  40.424604    16.6099      5.605       1257 1.2102e+00    206.737    4.73501    55.2620    -1.4880 2.3928e+02     3.0491 1.9130e-33     2.6165     0.4034     3.4783     0.0000  1022.8899    22.8653      5.567    5.62941    16.6090    31.4289    1507.65    498.551    498.605 -9.990e-29
      5.532  40.429744    16.6169      5.551       1258 1.2025e+00    206.727    4.73478    55.2620    -1.4880 2.4617e+02     3.0495 3.1883e-33     2.6168     0.4008     3.4903     0.0000  1022.8873    22.8629      5.513    5.62867    16.6160    31.4278    1507.67    498.777    498.833 -9.990e-29
      5.517  40.434713    16.6223      5.530       1259 1.1963e+00    206.729    4.73482    55.2620    -1.4880 2.5544e+02     3.0499 5.3138e-33     2.6172     0.3988     3.5061     0.0000  1022.8860    22.8617      5.492    5.62807    16.6214    31.4279    1507.68    498.889    498.945 -9.990e-29
      5.507  40.439390    16.6274      5.497       1260 1.1946e+00    206.756    4.73543    55.2620    -1.4880 2.6465e+02     3.0504 8.8563e-33     2.6176     0.3982     3.5215     0.0000  1022.8848    22.8606      5.460    5.62750    16.6265    31.4280    1507.70    498.995    499.052 -9.990e-29
      5.506  40.443934    16.6328      5.497       1261 1.1957e+00    206.806    4.73657    55.2620    -1.4880 2.7001e+02     3.0514 1.4761e-32     2.6181     0.3986     3.5304 1.7884e-09  1022.8833    22.8591      5.460    5.62691    16.6319    31.4277    1507.71    499.134    499.191 -9.990e-29
      5.515  40.448281    16.6376      5.497       1262 1.1961e+00    206.868    4.73797    55.2620    -1.4880 2.6946e+02     3.0527 2.4601e-32     2.6186     0.3987     3.5297 2.9806e-09  1022.8822    22.8580      5.460    5.62638    16.6367    31.4277    1507.73    499.239    499.296 -9.990e-29
      5.533  40.452434    16.6428      5.551       1263 1.1952e+00    206.920    4.73915    55.2620    -1.4880 2.6481e+02     3.0535 4.1001e-32     2.6190     0.3984     3.5223 4.9677e-09  1022.8809    22.8565      5.513    5.62582    16.6419    31.4272    1507.74    499.391    499.446 -9.990e-29
      5.557  40.456424    16.6466      5.573       1264 1.1963e+00    206.942    4.73965    55.2620    -1.4880 2.5861e+02     3.0536 6.8336e-32     2.6193     0.3988     3.5119 8.2795e-09  1022.8805    22.8560      5.535    5.62538    16.6457    31.4277    1507.76    499.440    499.495 -9.990e-29
      5.583  40.460202    16.6488      5.637       1265 1.2005e+00    206.945    4.73972    55.2620    -1.4880 2.5131e+02     3.0530 1.1389e-31     2.6195     0.4002     3.4994 1.3799e-08  1022.8814    22.8566      5.599    5.62508    16.6479    31.4292    1507.77    499.378    499.432 -9.990e-29
      5.605  40.464290    16.6573      5.648       1266 1.2067e+00    206.942    4.73966    55.2620    -1.4880 2.4279e+02     3.0519 1.8982e-31     2.6197     0.4022     3.4843 2.2999e-08  1022.8771    22.8523      5.609    5.62425    16.6564    31.4260    1507.79    499.794    499.847 -9.990e-29
      5.623  40.468411    16.6625      5.691       1267 1.2108e+00    206.929    4.73937    55.2620    -1.4880 2.3417e+02     3.0506 3.1637e-31     2.6199     0.4036     3.4686 3.8331e-08  1022.8757    22.8507      5.652    5.62369    16.6616    31.4255    1507.81    499.947    499.999 -9.990e-29
      5.633  40.471375    16.6681      5.691       1268 1.2109e+00    206.907    4.73884    55.2620    -1.4880 2.2724e+02     3.0488 5.2728e-31     2.6200     0.4036     3.4558 6.3885e-08  1022.8731    22.8480      5.652    5.62313    16.6672    31.4237    1507.82    500.203    500.255 -9.990e-29
      5.636  40.472903    16.6677      5.691       1269 1.2100e+00    206.884    4.73830    55.2620    -1.4880 2.2304e+02     3.0469 8.7880e-31     2.6201     0.4033     3.4480 1.0648e-07  1022.8744    22.8494      5.652    5.62312    16.6668    31.4253    1507.82    500.075    500.126 -9.990e-29
      5.634  40.473122    16.6638      5.670       1270 1.2124e+00    206.864    4.73783    55.2620    -1.4880 2.2173e+02     3.0462 1.4647e-30     2.6202     0.4042     3.4457 1.7746e-07  1022.8777    22.8528      5.631    5.62344    16.6629    31.4286    1507.81    499.750    499.802 -9.990e-29
      5.629  40.472943    16.6640      5.681       1271 1.2169e+00    206.853    4.73758    55.2620    -1.4880 2.2322e+02     3.0471 2.4411e-30     2.6203     0.4056     3.4487 2.9576e-07  1022.8775    22.8525      5.642    5.62343    16.6631    31.4283    1507.81    499.778    499.830 -9.990e-29
      5.620  40.473188    16.6648      5.659       1272 1.2142e+00    206.854    4.73759    55.2620    -1.4880 2.2710e+02     3.0490 4.0685e-30     2.6205     0.4047     3.4562 4.9294e-07  1022.8769    22.8520      5.620    5.62336    16.6639    31.4279    1507.81    499.825    499.877 -9.990e-29
      5.607  40.473433    16.6647      5.659       1273 1.2018e+00    206.860    4.73772    55.2620    -1.4880 2.3224e+02     3.0508 6.7809e-30     2.6206     0.4006     3.4660 4.9511e-07  1022.8771    22.8522      5.620    5.62336    16.6638    31.4282    1507.81    499.801    499.854 -9.990e-29
      5.591  40.473488    16.6643      5.627       1274 1.1805e+00    206.877    4.73813    55.2620    -1.4880 2.3748e+02     3.0521 1.1301e-29     2.6209     0.3935     3.4757 3.0284e-07  1022.8773    22.8526      5.589    5.62339    16.6634    31.4285    1507.81    499.764    499.818 -9.990e-29
      5.574  40.473583    16.6654      5.595       1275 1.1534e+00    206.899    4.73862    55.2620    -1.4880 2.4229e+02     3.0532 1.8836e-29     2.6211     0.3845     3.4845 1.9134e-07  1022.8764    22.8517      5.557    5.62329    16.6645    31.4278    1507.82    499.844    499.898 -9.990e-29
      5.560  40.473658    16.6656      5.563       1276 1.1295e+00    206.920    4.73912    55.2620    -1.4880 2.4656e+02     3.0541 3.1393e-29     2.6212     0.3765     3.4922 1.3085e-07  1022.8761    22.8516      5.525    5.62327    16.6647    31.4277    1507.82    499.853    499.908 -9.990e-29
      5.551  40.473456    16.6635      5.563       1277 1.1149e+00    206.957    4.73996    55.2620    -1.4880 2.5017e+02     3.0547 5.2322e-29     2.6215     0.3716     3.4986 1.0526e-07  1022.8777    22.8532      5.525    5.62346    16.6626    31.4292    1507.81    499.700    499.755 -9.990e-29
      5.549  40.473254    16.6625      5.530       1278 1.1135e+00    207.008    4.74112    55.2620    -1.4880 2.5258e+02     3.0550 8.7203e-29     2.6219     0.3712     3.5028 1.0774e-07  1022.8783    22.8540      5.492    5.62355    16.6616    31.4298    1507.81    499.631    499.687 -9.990e-29
      5.556  40.473684    16.6642      5.563       1279 1.1224e+00    207.060    4.74232    55.2620    -1.4880 2.5268e+02     3.0551 1.4534e-28     2.6222     0.3741     3.5029 1.3895e-07  1022.8773    22.8528      5.525    5.62339    16.6633    31.4288    1507.81    499.741    499.796 -9.990e-29
      5.570  40.474678    16.6664      5.574       1280 1.1332e+00    207.110    4.74345    55.2620    -1.4880 2.4991e+02     3.0556 2.4223e-28     2.6226     0.3777     3.4981 2.0722e-07  1022.8762    22.8516      5.536    5.62318    16.6655    31.4279    1507.82    499.853    499.907 -9.990e-29
      5.590  40.475612    16.6669      5.617       1281 1.1399e+00    207.165    4.74472    55.2620    -1.4880 2.4559e+02     3.0566 4.0372e-28     2.6230     0.3800     3.4905 3.3074e-07  1022.8766    22.8518      5.579    5.62311    16.6660    31.4283    1507.82    499.835    499.889 -9.990e-29
      5.611  40.476354    16.6675      5.638       1282 1.1422e+00    207.225    4.74610    55.2620    -1.4880 2.4130e+02     3.0580 6.7286e-28     2.6235     0.3807     3.4829 5.4246e-07  1022.8766    22.8518      5.600    5.62304    16.6666    31.4285    1507.82    499.837    499.890 -9.990e-29
      5.633  40.477187    16.6698      5.681       1283 1.1449e+00    207.282    4.74742    55.2620    -1.4880 2.3735e+02     3.0595 1.1214e-27     2.6240     0.3816     3.4758 8.9884e-07  1022.8755    22.8505      5.642    5.62282    16.6689    31.4274    1507.83    499.969    500.021 -9.990e-29
      5.651  40.477961    16.6734      5.714       1284 1.1495e+00    207.325    4.74838    55.2620    -1.4880 2.3381e+02     3.0603 1.8691e-27     2.6243     0.3832     3.4693     0.0000  1022.8731    22.8480      5.675    5.62249    16.6725    31.4252    1507.84    500.207    500.258 -9.990e-29
      5.662  40.477997    16.6739      5.714       1285 1.1561e+00    207.334    4.74858    55.2620    -1.4880 2.3110e+02     3.0602 3.1151e-27     2.6245     0.3853     3.4643     0.0000  1022.8727    22.8476      5.675    5.62245    16.6730    31.4249    1507.84    500.245    500.295 -9.990e-29
      5.666  40.476650    16.6699      5.735       1286 1.1701e+00    207.319    4.74824    55.2620    -1.4880 2.2974e+02     3.0596 5.1918e-27     2.6245     0.3900     3.4618     0.0000  1022.8752    22.8500      5.696    5.62283    16.6690    31.4268    1507.83    500.014    500.064 -9.990e-29
      5.663  40.474181    16.6648      5.714       1287 1.1903e+00    207.302    4.74784    55.2620    -1.4880 2.3022e+02     3.0592 8.6531e-27     2.6245     0.3968     3.4627     0.0000  1022.8777    22.8526      5.675    5.62333    16.6639    31.4287    1507.82    499.765    499.816 -9.990e-29
      5.653  40.471582    16.6613      5.725       1288 1.2130e+00    207.292    4.74761    55.2620    -1.4880 2.3248e+02     3.0595 1.4422e-26     2.6246     0.4043     3.4670     0.0000  1022.8790    22.8538      5.686    5.62370    16.6604    31.4292    1507.81    499.653    499.703 -9.990e-29
