inst/extdata/initial_example/raw/ctd/Cnv/C285C-007-HC.cnv
* Sea-Bird SBE19plus Data File:
* FileName = C:\Data\CTD\Hex\C285C-007-HC.hex
* Software Version 1.24
* Temperature SN =  4447
* Conductivity SN =  4447
* System UpLoad Time = Jun 15 2019 16:36:39
** Station = C285C-007-HC
** NMEA (UTC) Time = 15:13
** NMEA Latitude = 41 28.2 N
** NMEA Longitude = 70 55.6
** Bottom Depth = 26.28
** Date = 15 June 2019
** Chief Scientist = Ben Harden
** General Locale = 
** C:\Data\CTD\Hex\4447201903_Tx0_CDOM1_DO2_Chl3_PAR4.con
** 4447 CTD 	Instrument	S/N	DWG #
** Voltage 0	Transmiss	CST-779PR	X
** Voltage 1	CDOM	WSCD-1258ad	X
** Voltage 2	DO	3328	x
** Voltage 3	Chl-a	SCF-3149	x
** Voltage 4	PAR	70187	x
** Voltage 5	Free	x	x
** 
# nquan = 27                                
# nvalues = 2996                        
# units = specified
# name 0 = depSM: Depth [salt water, m]
# name 1 = c0mS/cm: Conductivity [mS/cm]
# name 2 = tv290C: Temperature [ITS-90, deg C]
# name 3 = prdM: Pressure, Strain Gauge [db]
# name 4 = scan: Scan Count
# name 5 = flSP: Fluorescence, Seapoint
# name 6 = sbeox0Mm/Kg: Oxygen, SBE 43 [umol/Kg]
# name 7 = sbeox0ML/L: Oxygen, SBE 43 [ml/l]
# name 8 = bat: Beam Attenuation, Chelsea/Seatech/Wetlab CStar [1/m]
# name 9 = wetCDOM: Fluorescence, Wetlab CDOM [mg/m^3]
# name 10 = par: PAR/Irradiance, Biospherical/Licor
# name 11 = v0: Voltage 0
# name 12 = v1: Voltage 1
# name 13 = v2: Voltage 2
# name 14 = v3: Voltage 3
# name 15 = v4: Voltage 4
# name 16 = v5: Voltage 5
# name 17 = density00: Density [density, Kg/m^3]
# name 18 = sigma-é00: Density [sigma-theta, Kg/m^3]
# name 19 = depSM: Depth [salt water, m], lat = 30
# name 20 = oxsatML/L: Oxygen Saturation [ml/l]
# name 21 = potemp090C: Potential Temperature [ITS-90, deg C]
# name 22 = sal00: Salinity [PSU]
# name 23 = svCM: Sound Velocity [Chen-Millero, m/s]
# name 24 = sva: Specific Volume Anomaly [10^-8 * m^3/Kg]
# name 25 = tsa: Thermosteric Anomaly [10^-8 * m^3/Kg]
# name 26 = flag: flag
# span 0 =      0.113,     23.087       
# span 1 =   0.002245,  40.863508       
# span 2 =    15.9267,    19.0320       
# span 3 =      0.093,     23.321       
# span 4 =          1,       2996       
# span 5 = 4.9971e-03, 2.0970e+00       
# span 6 =    177.441,    298.921       
# span 7 =    4.06423,    6.82068       
# span 8 =    55.2620,    55.2620       
# span 9 =    -1.4880,     3.0580       
# span 10 = 4.5419e-02, 4.5037e+03      
# span 11 =     0.3371,     4.5799      
# span 12 =     0.0000,     0.2444      
# span 13 =     2.3395,     3.2919      
# span 14 =     0.0016,     0.6990      
# span 15 =     0.2033,     4.7541      
# span 16 =     0.0000,     0.0003      
# span 17 =   998.4084,  1023.1525      
# span 18 =    -1.5922,    23.0709      
# span 19 =      0.092,     23.161      
# span 20 =    5.59424,    6.77606      
# span 21 =    15.9232,    19.0320      
# span 22 =     0.0096,    31.7214      
# span 23 =    1472.49,    1508.65      
# span 24 =    478.914,   2893.274      
# span 25 =    478.960,   2893.479      
# span 26 = 0.0000e+00, 0.0000e+00      
# interval = seconds: 0.25                        
# start_time = Jun 15 2019 08:08:48
# bad_flag = -9.990e-29
*END*
[from data line 430]
      0.143   0.002526    18.7361      0.141        431 8.5601e-03    285.917    6.39227    55.2620     3.0395 4.4601e+03     2.0945     0.2434     2.9668     0.0028     4.7501 2.5523e-08   998.4659    -1.5348      0.140    6.51468    18.7361     0.0098    1478.42   2887.509   2887.714 -9.990e-29
      0.147   0.002528    18.7352      0.163        432 6.1528e-03    285.928    6.39252    55.2620     3.0413 4.4575e+03     2.1006     0.2435     2.9669     0.0020     4.7498 4.2538e-08   998.4661    -1.5346      0.162    6.51480    18.7352     0.0098    1478.42   2887.491   2887.697 -9.990e-29
      0.148   0.002535    18.7348      0.152        433 5.3863e-03    285.952    6.39305    55.2620     3.0436 4.4537e+03     2.1128     0.2436     2.9671     0.0018     4.7494 7.0897e-08   998.4662    -1.5345      0.151    6.51485    18.7348     0.0098    1478.42   2887.483   2887.689 -9.990e-29
      0.147   0.002539    18.7338      0.152        434 6.0562e-03    285.980    6.39368    55.2620     3.0440 4.4479e+03     2.1345     0.2436     2.9673     0.0020     4.7489 1.1816e-07   998.4664    -1.5343      0.151    6.51498    18.7338     0.0098    1478.42   2887.464   2887.670 -9.990e-29
      0.146   0.002541    18.7334      0.152        435 8.3410e-03    286.005    6.39421    55.2620     3.0415 4.4408e+03     2.1723     0.2435     2.9674     0.0028     4.7482 1.9693e-07   998.4664    -1.5343      0.151    6.51504    18.7334     0.0098    1478.42   2887.456   2887.662 -9.990e-29
      0.144   0.002544    18.7327      0.130        436 1.1339e-02    286.028    6.39473    55.2620     3.0373 4.4340e+03     2.2366     0.2433     2.9676     0.0038     4.7475 3.2822e-07   998.4665    -1.5341      0.129    6.51513    18.7327     0.0098    1478.41   2887.443   2887.648 -9.990e-29
      0.144   0.002542    18.7317      0.141        437 1.2708e-02    286.054    6.39533    55.2620     3.0373 4.4284e+03     2.3231     0.2433     2.9677     0.0042     4.7470 3.2822e-07   998.4667    -1.5339      0.140    6.51526    18.7317     0.0098    1478.41   2887.423   2887.629 -9.990e-29
      0.145   0.002537    18.7311      0.163        438 1.2689e-02    286.079    6.39589    55.2620     3.0404 4.4250e+03     2.4122     0.2434     2.9679     0.0042     4.7467 1.9693e-07   998.4669    -1.5338      0.162    6.51534    18.7311     0.0098    1478.41   2887.412   2887.618 -9.990e-29
      0.143   0.002533    18.7304      0.152        439 1.4420e-02    286.105    6.39647    55.2620     3.0426 4.4244e+03     2.5062     0.2436     2.9681     0.0048     4.7466 1.1816e-07   998.4670    -1.5337      0.151    6.51543    18.7304     0.0098    1478.41   2887.398   2887.604 -9.990e-29
      0.140   0.002530    18.7295      0.130        440 1.9997e-02    286.133    6.39710    55.2620     3.0426 4.4268e+03     2.6304     0.2436     2.9683     0.0067     4.7468 7.0896e-08   998.4671    -1.5335      0.129    6.51555    18.7295     0.0098    1478.40   2887.381   2887.587 -9.990e-29
      0.139   0.002529    18.7286      0.109        441 3.0907e-02    286.150    6.39748    55.2620     3.0401 4.4311e+03     2.7663     0.2434     2.9684     0.0103     4.7472 4.2538e-08   998.4672    -1.5333      0.108    6.51567    18.7286     0.0097    1478.40   2887.364   2887.569 -9.990e-29
      0.142   0.002527    18.7277      0.152        442 4.7968e-02    286.166    6.39783    55.2620     3.0379 4.4352e+03     2.8473     0.2433     2.9685     0.0160     4.7476 2.5523e-08   998.4675    -1.5332      0.151    6.51579    18.7277     0.0097    1478.40   2887.346   2887.552 -9.990e-29
      0.146   0.002521    18.7269      0.163        443 6.2393e-02    286.193    6.39844    55.2620     3.0374 4.4379e+03     2.8439     0.2433     2.9686     0.0208     4.7479 1.5314e-08   998.4677    -1.5330      0.162    6.51590    18.7269     0.0097    1478.40   2887.331   2887.537 -9.990e-29
      0.146   0.002514    18.7260      0.152        444 6.8874e-02    286.228    6.39922    55.2620     3.0394 4.4393e+03     2.7799     0.2434     2.9689     0.0230     4.7480 9.1882e-09   998.4679    -1.5328      0.151    6.51602    18.7260     0.0097    1478.39   2887.314   2887.520 -9.990e-29
      0.146   0.002506    18.7251      0.141        445 7.3183e-02    286.268    6.40011    55.2620     3.0408 4.4394e+03     2.6884     0.2435     2.9691     0.0244     4.7480 5.5130e-09   998.4680    -1.5327      0.140    6.51614    18.7251     0.0097    1478.39   2887.297   2887.502 -9.990e-29
      0.146   0.002497    18.7243      0.141        446 7.2959e-02    286.308    6.40101    55.2620     3.0387 4.4388e+03     2.5698     0.2434     2.9694     0.0243     4.7480 3.3078e-09   998.4681    -1.5325      0.140    6.51625    18.7243     0.0097    1478.39   2887.282   2887.487 -9.990e-29
      0.147   0.002488    18.7233      0.141        447 7.1973e-02    286.352    6.40199    55.2620     3.0347 4.4383e+03     2.4347     0.2432     2.9697     0.0240     4.7479 1.9847e-09   998.4683    -1.5323      0.140    6.51638    18.7233     0.0097    1478.38   2887.262   2887.468 -9.990e-29
      0.149   0.002480    18.7224      0.152        448 7.5334e-02    286.399    6.40305    55.2620     3.0301 4.4384e+03     2.3312     0.2429     2.9699     0.0251     4.7479 1.1908e-09   998.4685    -1.5322      0.151    6.51650    18.7224     0.0097    1478.38   2887.245   2887.451 -9.990e-29
      0.152   0.002474    18.7217      0.152        449 7.4735e-02    286.445    6.40408    55.2620     3.0263 4.4387e+03     2.2736     0.2427     2.9702     0.0249     4.7480 7.1448e-10   998.4687    -1.5320      0.151    6.51659    18.7217     0.0097    1478.38   2887.232   2887.437 -9.990e-29
      0.153   0.002470    18.7209      0.163        450 7.2094e-02    286.488    6.40503    55.2620     3.0232 4.4391e+03     2.2466     0.2426     2.9704     0.0240     4.7480 4.2868e-10   998.4689    -1.5319      0.162    6.51670    18.7209     0.0097    1478.38   2887.216   2887.422 -9.990e-29
      0.154   0.002465    18.7202      0.152        451 7.2945e-02    286.526    6.40588    55.2620     3.0227 4.4398e+03     2.2432     0.2425     2.9707     0.0243     4.7481 2.5721e-10   998.4690    -1.5317      0.151    6.51679    18.7202     0.0097    1478.37   2887.203   2887.409 -9.990e-29
      0.153   0.002465    18.7193      0.174        452 7.7454e-02    286.558    6.40661    55.2620     3.0255 4.4405e+03     2.2627     0.2427     2.9709     0.0258     4.7481 1.5433e-10   998.4692    -1.5316      0.173    6.51691    18.7193     0.0097    1478.37   2887.185   2887.391 -9.990e-29
      0.151   0.002469    18.7184      0.141        453 8.3545e-02    286.583    6.40716    55.2620     3.0268 4.4409e+03     2.3105     0.2428     2.9711     0.0279     4.7482 9.2597e-11   998.4693    -1.5314      0.140    6.51703    18.7184     0.0097    1478.37   2887.168   2887.374 -9.990e-29
      0.149   0.002479    18.7179      0.152        454 8.4966e-02    286.595    6.40743    55.2620     3.0263 4.4409e+03     2.3799     0.2427     2.9712     0.0283     4.7482 5.5559e-11   998.4694    -1.5313      0.151    6.51710    18.7179     0.0097    1478.37   2887.158   2887.364 -9.990e-29
      0.147   0.002492    18.7169      0.141        455 8.2844e-02    286.596    6.40745    55.2620     3.0255 4.4410e+03     2.4504     0.2427     2.9713     0.0276     4.7482 3.3335e-11   998.4696    -1.5311      0.140    6.51723    18.7169     0.0097    1478.36   2887.139   2887.344 -9.990e-29
      0.146   0.002498    18.7163      0.141        456 7.8233e-02    286.593    6.40739    55.2620     3.0247 4.4414e+03     2.5211     0.2426     2.9714     0.0261     4.7482 2.0001e-11   998.4697    -1.5310      0.140    6.51731    18.7163     0.0097    1478.36   2887.127   2887.333 -9.990e-29
      0.147   0.002501    18.7155      0.141        457 7.0833e-02    286.592    6.40736    55.2620     3.0252 4.4415e+03     2.6109     0.2427     2.9715     0.0236     4.7482 1.2001e-11   998.4698    -1.5308      0.140    6.51741    18.7155     0.0097    1478.36   2887.112   2887.317 -9.990e-29
      0.149   0.002509    18.7146      0.152        458 6.4453e-02    286.596    6.40745    55.2620     3.0278 4.4410e+03     2.7133     0.2428     2.9716     0.0215     4.7482 7.2004e-12   998.4701    -1.5306      0.151    6.51753    18.7146     0.0097    1478.36   2887.094   2887.300 -9.990e-29
      0.151   0.002516    18.7140      0.152        459 5.8903e-02    286.612    6.40782    55.2620     3.0308 4.4407e+03     2.7944     0.2430     2.9717     0.0196     4.7482 4.3202e-12   998.4702    -1.5305      0.151    6.51761    18.7140     0.0097    1478.35   2887.082   2887.288 -9.990e-29
      0.153   0.002519    18.7132      0.163        460 5.6777e-02    286.641    6.40848    55.2620     3.0337 4.4400e+03     2.8452     0.2431     2.9719     0.0189     4.7481 2.5921e-12   998.4704    -1.5304      0.162    6.51772    18.7132     0.0097    1478.35   2887.067   2887.272 -9.990e-29
      0.153   0.002520    18.7125      0.152        461 6.1796e-02    286.684    6.40944    55.2620     3.0387 4.4388e+03     2.8752     0.2434     2.9722     0.0206     4.7480 1.5553e-12   998.4705    -1.5302      0.151    6.51781    18.7125     0.0097    1478.35   2887.053   2887.259 -9.990e-29
      0.153   0.002515    18.7116      0.163        462 6.7058e-02    286.742    6.41073    55.2620     3.0426 4.4374e+03     2.8844     0.2436     2.9726     0.0224     4.7479 9.3316e-13   998.4707    -1.5301      0.162    6.51793    18.7116     0.0097    1478.35   2887.036   2887.242 -9.990e-29
      0.152   0.002510    18.7107      0.141        463 6.6246e-02    286.809    6.41223    55.2620     3.0419 4.4361e+03     2.8713     0.2435     2.9729     0.0221     4.7477 5.5989e-13   998.4708    -1.5299      0.140    6.51805    18.7107     0.0097    1478.34   2887.019   2887.224 -9.990e-29
      0.151   0.002508    18.7098      0.163        464 6.2882e-02    286.879    6.41380    55.2620     3.0409 4.4353e+03     2.8389     0.2435     2.9733     0.0210     4.7477 3.3593e-13   998.4710    -1.5297      0.162    6.51817    18.7098     0.0097    1478.34   2887.001   2887.207 -9.990e-29
      0.149   0.002501    18.7088      0.141        465 6.1242e-02    286.942    6.41521    55.2620     3.0417 4.4358e+03     2.7912     0.2435     2.9737     0.0204     4.7477 2.0156e-13   998.4711    -1.5295      0.140    6.51831    18.7088     0.0097    1478.34   2886.982   2887.188 -9.990e-29
      0.149   0.002493    18.7079      0.141        466 6.1924e-02    286.993    6.41633    55.2620     3.0428 4.4373e+03     2.7223     0.2436     2.9739     0.0207     4.7478 1.2093e-13   998.4713    -1.5294      0.140    6.51843    18.7079     0.0097    1478.34   2886.965   2887.171 -9.990e-29
      0.150   0.002492    18.7073      0.152        467 6.3158e-02    287.033    6.41725    55.2620     3.0420 4.4397e+03     2.6136     0.2435     2.9742     0.0211     4.7481 7.2562e-14   998.4715    -1.5292      0.151    6.51851    18.7073     0.0097    1478.33   2886.953   2887.159 -9.990e-29
      0.151   0.002491    18.7063      0.152        468 6.3916e-02    287.053    6.41769    55.2620     3.0389 4.4428e+03     2.4775     0.2434     2.9743     0.0213     4.7484 4.3538e-14   998.4716    -1.5291      0.151    6.51864    18.7063     0.0097    1478.33   2886.934   2887.140 -9.990e-29
      0.151   0.002491    18.7055      0.152        469 6.5010e-02    287.046    6.41752    55.2620     3.0349 4.4457e+03     2.3598     0.2432     2.9744     0.0217     4.7487 2.6123e-14   998.4718    -1.5289      0.151    6.51874    18.7055     0.0097    1478.33   2886.919   2887.124 -9.990e-29
      0.152   0.002492    18.7046      0.163        470 6.7524e-02    287.032    6.41721    55.2620     3.0297 4.4472e+03     2.2703     0.2429     2.9744     0.0225     4.7488 1.5674e-14   998.4720    -1.5287      0.162    6.51886    18.7046     0.0097    1478.33   2886.901   2887.107 -9.990e-29
      0.152   0.002490    18.7040      0.131        471 6.9748e-02    287.022    6.41698    55.2620     3.0271 4.4473e+03     2.1906     0.2428     2.9745     0.0232     4.7489 9.4043e-15   998.4720    -1.5286      0.130    6.51894    18.7040     0.0097    1478.32   2886.890   2887.095 -9.990e-29
      0.153   0.002485    18.7032      0.174        472 7.0720e-02    287.018    6.41689    55.2620     3.0266 4.4465e+03     2.1102     0.2428     2.9746     0.0236     4.7488 5.6428e-15   998.4723    -1.5285      0.173    6.51905    18.7032     0.0097    1478.32   2886.874   2887.080 -9.990e-29
      0.153   0.002483    18.7022      0.163        473 7.3736e-02    287.031    6.41721    55.2620     3.0241 4.4450e+03     2.0132     0.2426     2.9748     0.0246     4.7486 3.3860e-15   998.4725    -1.5283      0.162    6.51918    18.7022     0.0097    1478.32   2886.855   2887.061 -9.990e-29
      0.151   0.002485    18.7013      0.141        474 7.8836e-02    287.066    6.41798    55.2620     3.0212 4.4434e+03     1.9066     0.2425     2.9750     0.0263     4.7485 2.0321e-15   998.4726    -1.5281      0.140    6.51930    18.7013     0.0097    1478.31   2886.838   2887.043 -9.990e-29
      0.149   0.002486    18.7006      0.152        475 8.4375e-02    287.109    6.41894    55.2620     3.0195 4.4422e+03     1.8283     0.2424     2.9753     0.0281     4.7483 1.2201e-15   998.4727    -1.5280      0.151    6.51940    18.7006     0.0097    1478.31   2886.824   2887.030 -9.990e-29
      0.148   0.002480    18.6997      0.152        476 9.1326e-02    287.153    6.41994    55.2620     3.0180 4.4421e+03     1.7905     0.2423     2.9755     0.0304     4.7483 7.3356e-16   998.4729    -1.5278      0.151    6.51952    18.6997     0.0097    1478.31   2886.807   2887.013 -9.990e-29
      0.147   0.002473    18.6989      0.141        477 9.9040e-02    287.195    6.42088    55.2620     3.0156 4.4435e+03     1.7834     0.2421     2.9757     0.0330     4.7485 4.4260e-16   998.4730    -1.5276      0.140    6.51962    18.6989     0.0097    1478.31   2886.792   2886.997 -9.990e-29
      0.146   0.002475    18.6983      0.152        478 1.0277e-01    287.228    6.42162    55.2620     3.0157 4.4456e+03     1.8080     0.2421     2.9759     0.0343     4.7487 2.6966e-16   998.4732    -1.5275      0.151    6.51970    18.6983     0.0097    1478.30   2886.780   2886.986 -9.990e-29
      0.144   0.002488    18.6977      0.141        479 9.9157e-02    287.241    6.42191    55.2620     3.0179 4.4476e+03     1.8772     0.2423     2.9760     0.0331     4.7489 1.6864e-16   998.4732    -1.5274      0.140    6.51978    18.6977     0.0097    1478.30   2886.768   2886.974 -9.990e-29
      0.143   0.002503    18.6973      0.141        480 9.2128e-02    287.244    6.42197    55.2620     3.0175 4.4491e+03     2.0123     0.2422     2.9760     0.0307     4.7491 1.1258e-16   998.4733    -1.5273      0.140    6.51984    18.6973     0.0097    1478.30   2886.760   2886.966 -9.990e-29
      0.142   0.002514    18.6966      0.152        481 8.5818e-02    287.247    6.42204    55.2620     3.0149 4.4503e+03     2.1960     0.2421     2.9762     0.0286     4.7492 8.6546e-17   998.4735    -1.5272      0.151    6.51993    18.6966     0.0097    1478.30   2886.747   2886.952 -9.990e-29
      0.140   0.002526    18.6960      0.131        482 7.9228e-02    287.238    6.42184    55.2620     3.0134 4.4508e+03     2.3704     0.2420     2.9762     0.0264     4.7492 8.3589e-17   998.4735    -1.5271      0.130    6.52001    18.6960     0.0097    1478.30   2886.735   2886.940 -9.990e-29
      0.139   0.002534    18.6952      0.142        483 7.3090e-02    287.222    6.42147    55.2620     3.0161 4.4501e+03     2.5287     0.2421     2.9762     0.0244     4.7491 1.0292e-16   998.4737    -1.5269      0.141    6.52011    18.6952     0.0097    1478.29   2886.719   2886.925 -9.990e-29
