inst/extdata/initial_example/raw/ctd/Cnv/C285C-004-HC.cnv
* Sea-Bird SBE19plus Data File:
* FileName = C:\Data\CTD\Hex\C285C-004-HC.hex
* Software Version 1.24
* Temperature SN =  4447
* Conductivity SN =  4447
* System UpLoad Time = Jun 14 2019 19:45:00
** Station = C285C-004-HC
** NMEA (UTC) Time = 18:35
** NMEA Latitude = 41 17.0 N
** NMEA Longitude = 71 30.0 W
** Bottom Depth = 46
** Date = 14 June 2019
** Chief Scientist = Ben Harden
** General Locale = 
** C:\Data\CTD\Hex\4447201903_Tx0_CDOM1_DO2_Chl3_PAR4.con
** 4447 CTD 	Instrument	S/N	DWG #
** Voltage 0	Transmiss	CST-779PR	X
** Voltage 1	CDOM	WSCD-1258ad	X
** Voltage 2	DO	3328	x
** Voltage 3	Chl-a	SCF-3149	x
** Voltage 4	PAR	70187	x
** Voltage 5	Free	x	x
** 
# nquan = 27                                
# nvalues = 3422                        
# units = specified
# name 0 = depSM: Depth [salt water, m]
# name 1 = c0mS/cm: Conductivity [mS/cm]
# name 2 = tv290C: Temperature [ITS-90, deg C]
# name 3 = prdM: Pressure, Strain Gauge [db]
# name 4 = scan: Scan Count
# name 5 = flSP: Fluorescence, Seapoint
# name 6 = sbeox0Mm/Kg: Oxygen, SBE 43 [umol/Kg]
# name 7 = sbeox0ML/L: Oxygen, SBE 43 [ml/l]
# name 8 = bat: Beam Attenuation, Chelsea/Seatech/Wetlab CStar [1/m]
# name 9 = wetCDOM: Fluorescence, Wetlab CDOM [mg/m^3]
# name 10 = par: PAR/Irradiance, Biospherical/Licor
# name 11 = v0: Voltage 0
# name 12 = v1: Voltage 1
# name 13 = v2: Voltage 2
# name 14 = v3: Voltage 3
# name 15 = v4: Voltage 4
# name 16 = v5: Voltage 5
# name 17 = density00: Density [density, Kg/m^3]
# name 18 = sigma-é00: Density [sigma-theta, Kg/m^3]
# name 19 = depSM: Depth [salt water, m], lat = 30
# name 20 = oxsatML/L: Oxygen Saturation [ml/l]
# name 21 = potemp090C: Potential Temperature [ITS-90, deg C]
# name 22 = sal00: Salinity [PSU]
# name 23 = svCM: Sound Velocity [Chen-Millero, m/s]
# name 24 = sva: Specific Volume Anomaly [10^-8 * m^3/Kg]
# name 25 = tsa: Thermosteric Anomaly [10^-8 * m^3/Kg]
# name 26 = flag: flag
# span 0 =      0.052,     40.602       
# span 1 =   0.239826,  39.880992       
# span 2 =    12.7406,    18.8183       
# span 3 =      0.024,     40.890       
# span 4 =          1,       3422       
# span 5 = 6.4727e-03, 1.2403e+00       
# span 6 =    194.570,    296.324       
# span 7 =    4.45600,    6.78727       
# span 8 =    55.2620,    55.2620       
# span 9 =    -1.0987,     4.1202       
# span 10 = 5.3277e-02, 5.4540e+03      
# span 11 =     0.3530,     4.2282      
# span 12 =     0.0209,     0.3015      
# span 13 =     2.3426,     3.3589      
# span 14 =     0.0022,     0.4134      
# span 15 =     0.2300,     4.8372      
# span 16 =     0.0000,     0.0004      
# span 17 =   998.5488,  1024.2266      
# span 18 =    -1.4515,    24.0453      
# span 19 =      0.024,     40.608      
# span 20 =    5.68531,    6.85542      
# span 21 =    12.7353,    18.8183      
# span 22 =     0.1322,    31.9106      
# span 23 =    1470.59,    1506.01      
# span 24 =    386.718,   2879.154      
# span 25 =    386.030,   2879.359      
# span 26 = 0.0000e+00, 0.0000e+00      
# interval = seconds: 0.25                        
# start_time = Jun 14 2019 11:31:20
# bad_flag = -9.990e-29
*END*
[from data line 1987]
     37.806  37.644721    12.9600     38.003       1988 5.1314e-01    239.613    5.49398    55.2620     0.0300 2.9120e-01     3.0786     0.0816     2.7783     0.1711     0.6716     0.0001  1024.1485    23.9789     37.741    6.04680    12.9550    31.8711    1496.98    393.003    392.360 -9.990e-29
     37.821  37.646144    12.9619     38.014       1989 5.1104e-01    239.662    5.49509    55.2620     0.0061 2.8578e-01     3.0908     0.0803     2.7787     0.1704     0.6652     0.0001  1024.1480    23.9783     37.752    6.04657    12.9569    31.8709    1496.99    393.058    392.415 -9.990e-29
     37.839  37.647293    12.9637     38.057       1990 5.0953e-01    239.792    5.49806    55.2620    -0.0090 2.7966e-01     3.1020     0.0795     2.7793     0.1699     0.6579     0.0001  1024.1475    23.9776     37.795    6.04636    12.9587    31.8704    1496.99    393.126    392.481 -9.990e-29
     37.858  37.647897    12.9621     38.057       1991 5.0603e-01    239.981    5.50237    55.2620    -0.0176 2.7324e-01     3.1102     0.0791     2.7801     0.1687     0.6501     0.0001  1024.1493    23.9794     37.795    6.04649    12.9571    31.8723    1496.99    392.955    392.310 -9.990e-29
     37.879  37.647869    12.9618     38.079       1992 5.0031e-01    240.184    5.50702    55.2620    -0.0209 2.6668e-01     3.1151     0.0789     2.7809     0.1668     0.6419     0.0001  1024.1496    23.9796     37.816    6.04652    12.9568    31.8725    1496.99    392.933    392.289 -9.990e-29
     37.904  37.647708    12.9620     38.101       1993 4.9480e-01    240.380    5.51151    55.2620    -0.0223 2.6037e-01     3.1182     0.0788     2.7817     0.1649     0.6340     0.0001  1024.1494    23.9793     37.838    6.04651    12.9570    31.8722    1496.99    392.962    392.317 -9.990e-29
     37.933  37.647383    12.9602     38.122       1994 4.9160e-01    240.577    5.51603    55.2620    -0.0229 2.5423e-01     3.1202     0.0788     2.7826     0.1639     0.6261     0.0001  1024.1508    23.9806     37.859    6.04669    12.9552    31.8734    1496.99    392.840    392.195 -9.990e-29
     37.967  37.646800    12.9586     38.165       1995 4.9080e-01    240.749    5.51998    55.2620    -0.0190 2.4745e-01     3.1214     0.0790     2.7835     0.1636     0.6171     0.0001  1024.1519    23.9815     37.902    6.04687    12.9536    31.8742    1496.98    392.754    392.107 -9.990e-29
     38.006  37.646340    12.9591     38.198       1996 4.9110e-01    240.872    5.52280    55.2620    -0.0085 2.3990e-01     3.1220     0.0796     2.7842     0.1637     0.6070     0.0001  1024.1513    23.9807     37.935    6.04684    12.9540    31.8733    1496.98    392.828    392.181 -9.990e-29
     38.050  37.646070    12.9581     38.241       1997 4.9205e-01    240.979    5.52525    55.2620     0.0084 2.3244e-01     3.1220     0.0805     2.7850     0.1640     0.5968     0.0001  1024.1521    23.9814     37.977    6.04694    12.9530    31.8739    1496.98    392.768    392.120 -9.990e-29
     38.099  37.645723    12.9574     38.316       1998 4.9524e-01    241.092    5.52785    55.2620     0.0359 2.2571e-01     3.1213     0.0820     2.7859     0.1651     0.5874     0.0001  1024.1527    23.9817     38.052    6.04702    12.9523    31.8741    1496.98    392.740    392.090 -9.990e-29
     38.146  37.645381    12.9573     38.391       1999 5.0082e-01    241.184    5.52995    55.2620     0.0849 2.1995e-01     3.1195     0.0846     2.7867     0.1669     0.5792     0.0002  1024.1529    23.9815     38.126    6.04704    12.9522    31.8739    1496.98    392.759    392.108 -9.990e-29
     38.186  37.645118    12.9563     38.434       2000 5.0677e-01    241.242    5.53127    55.2620     0.1713 2.1558e-01     3.1172     0.0892     2.7873     0.1689     0.5728     0.0002  1024.1537    23.9821     38.169    6.04715    12.9512    31.8744    1496.98    392.699    392.047 -9.990e-29
     38.216  37.644847    12.9553     38.509       2001 5.1162e-01    241.269    5.53191    55.2620     0.3184 2.1327e-01     3.1151     0.0971     2.7878     0.1705     0.5692     0.0002  1024.1547    23.9828     38.243    6.04725    12.9502    31.8750    1496.98    392.641    391.987 -9.990e-29
     38.228  37.644704    12.9556     38.541       2002 5.1651e-01    241.261    5.53172    55.2620     0.5232 2.1360e-01     3.1134     0.1081     2.7881     0.1722     0.5693     0.0001  1024.1545    23.9824     38.275    6.04723    12.9505    31.8746    1496.98    392.677    392.022 -9.990e-29
     38.216  37.644826    12.9539     38.552       2003 5.2349e-01    241.239    5.53121    55.2620     0.7965 2.1737e-01     3.1119     0.1228     2.7883     0.1745     0.5741     0.0001  1024.1560    23.9839     38.286    6.04739    12.9488    31.8761    1496.97    392.532    391.877 -9.990e-29
     38.174  37.645358    12.9536     38.520       2004 5.3274e-01    241.212    5.53060    55.2620     1.1331 2.2535e-01     3.1104     0.1409     2.7885     0.1776     0.5847     0.0001  1024.1565    23.9846     38.254    6.04740    12.9485    31.8769    1496.97    392.469    391.815 -9.990e-29
     38.099  37.646700    12.9564     38.445       2005 5.4202e-01    241.158    5.52937    55.2620     1.4177 2.3757e-01     3.1089     0.1562     2.7886     0.1806     0.6007     0.0002  1024.1548    23.9832     38.180    6.04708    12.9513    31.8758    1496.98    392.598    391.945 -9.990e-29
     37.992  37.648957    12.9596     38.337       2006 5.4682e-01    241.068    5.52730    55.2620     1.5899 2.5400e-01     3.1074     0.1655     2.7885     0.1822     0.6215     0.0002  1024.1533    23.9822     38.073    6.04670    12.9545    31.8753    1496.99    392.694    392.043 -9.990e-29
     37.855  37.651840    12.9614     38.165       2007 5.4597e-01    240.958    5.52479    55.2620     1.6884 2.7432e-01     3.1060     0.1708     2.7883     0.1820     0.6464     0.0001  1024.1532    23.9828     37.902    6.04642    12.9564    31.8766    1496.99    392.630    391.983 -9.990e-29
     37.694  37.655435    12.9630     37.961       2008 5.4346e-01    240.869    5.52276    55.2620     1.7399 2.9736e-01     3.1053     0.1735     2.7882     0.1812     0.6732     0.0001  1024.1536    23.9841     37.699    6.04614    12.9580    31.8787    1497.00    392.498    391.856 -9.990e-29
     37.520  37.660435    12.9660     37.735       2009 5.4246e-01    240.822    5.52167    55.2620     1.7573 3.2256e-01     3.1057     0.1745     2.7884     0.1808     0.7011     0.0001  1024.1538    23.9853     37.475    6.04567    12.9610    31.8810    1497.01    392.381    391.744 0.0000e+00
     37.344  37.667812    12.9716     37.510       2010 5.4109e-01    240.790    5.52094    55.2620     1.7433 3.4965e-01     3.1077     0.1737     2.7886     0.1804     0.7296     0.0002  1024.1534    23.9860     37.251    6.04487    12.9666    31.8833    1497.03    392.309    391.676 0.0000e+00
     37.178  37.678604    12.9839     37.316       2011 5.3670e-01    240.753    5.52012    55.2620     1.6924 3.7675e-01     3.1129     0.1710     2.7887     0.1789     0.7568     0.0002  1024.1501    23.9835     37.059    6.04332    12.9790    31.8832    1497.06    392.542    391.913 0.0000e+00
     37.031  37.693583    13.0118     37.123       2012 5.3292e-01    240.720    5.51936    55.2620     1.5921 4.0124e-01     3.1230     0.1656     2.7889     0.1777     0.7803     0.0003  1024.1366    23.9709     36.867    6.04013    13.0069    31.8739    1497.14    393.743    393.117 0.0000e+00
     36.910  37.711595    13.0402     36.994       2013 5.3188e-01    240.684    5.51856    55.2620     1.4168 4.2148e-01     3.1406     0.1562     2.7892     0.1773     0.7991     0.0003  1024.1251    23.9600     36.739    6.03680    13.0353    31.8670    1497.23    394.778    394.153 0.0000e+00
     36.820  37.729840    13.0544     36.887       2014 5.3161e-01    240.653    5.51782    55.2620     1.1264 4.3595e-01     3.1641     0.1406     2.7895     0.1772     0.8122     0.0002  1024.1259    23.9613     36.633    6.03480    13.0495    31.8723    1497.28    394.652    394.029 0.0000e+00
     36.765  37.748712    13.0814     36.812       2015 5.3131e-01    240.662    5.51800    55.2620     0.7817 4.4320e-01     3.1874     0.1220     2.7901     0.1771     0.8188     0.0001  1024.1165    23.9523     36.558    6.03158    13.0765    31.8674    1497.36    395.518    394.895 0.0000e+00
     36.748  37.770391    13.1321     36.801       2016 5.2972e-01    240.736    5.51969    55.2620     0.5286 4.4302e-01     3.2107     0.1084     2.7913     0.1766     0.8188     0.0001  1024.0893    23.9252     36.547    6.02601    13.1272    31.8452    1497.51    398.104    397.480 0.0000e+00
     36.770  37.791676    13.1858     36.823       2017 5.2812e-01    240.880    5.52296    55.2620     0.3729 4.3601e-01     3.2341     0.1001     2.7929     0.1761     0.8129     0.0001  1024.0595    23.8953     36.569    6.02018    13.1809    31.8202    1497.66    400.960    400.333 -9.990e-29
     36.826  37.804874    13.2038     36.930       2018 5.2760e-01    241.099    5.52791    55.2620     0.2478 4.2329e-01     3.2524     0.0933     2.7948     0.1759     0.8018     0.0001  1024.0543    23.8896     36.675    6.01802    13.1989    31.8174    1497.72    401.503    400.873 -9.990e-29
     36.909  37.805564    13.1925     37.049       2019 5.2755e-01    241.384    5.53434    55.2620     0.1623 4.0620e-01     3.2645     0.0887     2.7968     0.1759     0.7865     0.0001  1024.0648    23.8996     36.794    6.01907    13.1875    31.8275    1497.69    400.551    399.919 -9.990e-29
     37.010  37.796327    13.1695     37.178       2020 5.3015e-01    241.703    5.54158    55.2620     0.1267 3.8648e-01     3.2737     0.0868     2.7987     0.1767     0.7683     0.0001  1024.0781    23.9123     36.922    6.02157    13.1645    31.8380    1497.63    399.344    398.709 -9.990e-29
     37.119  37.781772    13.1379     37.329       2021 5.3778e-01    242.026    5.54891    55.2620     0.1301 3.6661e-01     3.2810     0.0870     2.8003     0.1793     0.7494     0.0000  1024.0949    23.9284     37.072    6.02507    13.1329    31.8508    1497.54    397.811    397.175 -9.990e-29
     37.229  37.764921    13.0983     37.468       2022 5.5119e-01    242.316    5.55553    55.2620     0.1691 3.4813e-01     3.2855     0.0891     2.8016     0.1838     0.7312     0.0000  1024.1167    23.9496     37.210    6.02941    13.0933    31.8682    1497.43    395.792    395.154 -9.990e-29
     37.332  37.749385    13.0700     37.597       2023 5.6650e-01    242.548    5.56088    55.2620     0.2430 3.3093e-01     3.2869     0.0931     2.8028     0.1889     0.7137     0.0000  1024.1299    23.9622     37.338    6.03265    13.0650    31.8773    1497.35    394.593    393.952 -9.990e-29
     37.421  37.738753    13.0545     37.716       2024 5.7833e-01    242.726    5.56500    55.2620     0.3500 3.1553e-01     3.2858     0.0988     2.8039     0.1928     0.6975     0.0001  1024.1358    23.9675     37.456    6.03449    13.0495    31.8803    1497.30    394.085    393.443 -9.990e-29
     37.489  37.733934    13.0445     37.802       2025 5.8704e-01    242.866    5.56826    55.2620     0.5001 3.0350e-01     3.2824     0.1069     2.8051     0.1957     0.6846     0.0001  1024.1411    23.9724     37.541    6.03561    13.0395    31.8841    1497.28    393.617    392.973 -9.990e-29
     37.534  37.734907    13.0482     37.834       2026 5.9120e-01    242.985    5.57106    55.2620     0.7404 2.9569e-01     3.2760     0.1198     2.8064     0.1971     0.6761     0.0002  1024.1388    23.9700     37.573    6.03523    13.0432    31.8819    1497.29    393.850    393.205 -9.990e-29
     37.555  37.742200    13.0804     37.867       2027 5.8884e-01    243.094    5.57361    55.2620     1.0672 2.9178e-01     3.2672     0.1374     2.8078     0.1963     0.6719     0.0002  1024.1170    23.9481     37.606    6.03192    13.0754    31.8617    1497.37    395.943    395.297 -9.990e-29
     37.551  37.752849    13.1128     37.877       2028 5.8204e-01    243.202    5.57610    55.2620     1.3666 2.9122e-01     3.2584     0.1535     2.8093     0.1940     0.6714     0.0003  1024.0974    23.9284     37.616    6.02847    13.1078    31.8445    1497.46    397.818    397.170 -9.990e-29
     37.520  37.759983    13.1194     37.824       2029 5.7281e-01    243.319    5.57878    55.2620     1.5666 2.9403e-01     3.2497     0.1642     2.8107     0.1909     0.6746     0.0004  1024.0968    23.9280     37.563    6.02759    13.1144    31.8457    1497.48    397.853    397.207 -9.990e-29
     37.467  37.760692    13.1150     37.749       2030 5.6461e-01    243.427    5.58122    55.2620     1.6882 2.9977e-01     3.2388     0.1708     2.8120     0.1882     0.6811     0.0004  1024.1007    23.9323     37.489    6.02798    13.1100    31.8501    1497.47    397.446    396.801 -9.990e-29
     37.394  37.757580    13.1099     37.673       2031 5.5888e-01    243.484    5.58250    55.2620     1.7640 3.0748e-01     3.2273     0.1748     2.8127     0.1863     0.6897     0.0003  1024.1024    23.9344     37.413    6.02858    13.1049    31.8514    1497.45    397.246    396.603 -9.990e-29
     37.307  37.752140    13.0918     37.544       2032 5.5511e-01    243.504    5.58292    55.2620     1.8096 3.1677e-01     3.2212     0.1773     2.8133     0.1850     0.6999     0.0003  1024.1133    23.9457     37.285    6.03048    13.0868    31.8616    1497.40    396.157    395.517 -9.990e-29
     37.210  37.745732    13.0758     37.437       2033 5.5279e-01    243.514    5.58315    55.2620     1.8319 3.2718e-01     3.2234     0.1785     2.8138     0.1843     0.7110     0.0002  1024.1217    23.9546     37.179    6.03222    13.0708    31.8690    1497.36    395.305    394.669 -9.990e-29
     37.109  37.741630    13.0677     37.330       2034 5.4941e-01    243.456    5.58182    55.2620     1.8403 3.3827e-01     3.2316     0.1790     2.8139     0.1831     0.7225     0.0002  1024.1251    23.9585     37.073    6.03313    13.0627    31.8720    1497.33    394.931    394.297 -9.990e-29
     37.006  37.741141    13.0645     37.201       2035 5.4395e-01    243.267    5.57750    55.2620     1.8410 3.5016e-01     3.2415     0.1790     2.8133     0.1813     0.7346     0.0001  1024.1269    23.9609     36.944    6.03345    13.0596    31.8743    1497.32    394.700    394.069 -9.990e-29
     36.904  37.744243    13.0711     37.115       2036 5.3841e-01    242.996    5.57132    55.2620     1.8341 3.6254e-01     3.2526     0.1786     2.8123     0.1795     0.7469     0.0001  1024.1232    23.9576     36.859    6.03272    13.0662    31.8717    1497.34    395.013    394.383 -9.990e-29
     36.802  37.750812    13.0815     37.007       2037 5.3513e-01    242.728    5.56520    55.2620     1.8295 3.7496e-01     3.2650     0.1784     2.8116     0.1784     0.7589     0.0001  1024.1188    23.9536     36.752    6.03150    13.0766    31.8692    1497.37    395.391    394.764 -9.990e-29
     36.700  37.759846    13.0921     36.900       2038 5.3416e-01    242.481    5.55955    55.2620     1.8382 3.8772e-01     3.2756     0.1788     2.8110     0.1780     0.7709     0.0001  1024.1159    23.9513     36.646    6.03017    13.0872    31.8688    1497.40    395.614    394.989 -9.990e-29
     36.599  37.771076    13.1046     36.793       2039 5.3463e-01    242.285    5.55507    55.2620     1.8493 4.0080e-01     3.2842     0.1794     2.8107     0.1782     0.7829     0.0001  1024.1130    23.9489     36.539    6.02859    13.0997    31.8689    1497.44    395.839    395.215 0.0000e+00
     36.503  37.785221    13.1228     36.674       2040 5.3535e-01    242.189    5.55287    55.2620     1.8522 4.1370e-01     3.2930     0.1796     2.8109     0.1785     0.7945     0.0001  1024.1074    23.9438     36.421    6.02637    13.1179    31.8670    1497.50    396.322    395.700 0.0000e+00
