inst/extdata/initial_example/raw/ctd/Cnv/C285C-002-HC.cnv
* Sea-Bird SBE19plus Data File:
* FileName = C:\Data\CTD\Hex\C285C-002-HC.hex
* Software Version 1.24
* Temperature SN =  4447
* Conductivity SN =  4447
* System UpLoad Time = Jun 14 2019 08:05:35
** Station = C285C-002-HC
** NMEA (UTC) Time = 0646
** NMEA Latitude = 41 01.9'N
** NMEA Longitude = 071 17.5'W
** Bottom Depth = 45
** Date = 14 June 19
** Chief Scientist = Ben Harden
** General Locale = 
** C:\Data\CTD\Hex\4447201903_Tx0_CDOM1_DO2_Chl3_PAR4.con
** 4447 CTD 	Instrument	S/N	DWG #
** Voltage 0	Transmiss	CST-779PR	X
** Voltage 1	CDOM	WSCD-1258ad	X
** Voltage 2	DO	3328	x
** Voltage 3	Chl-a	SCF-3149	x
** Voltage 4	PAR	70187	x
** Voltage 5	Free	x	x
** 
# nquan = 27                                
# nvalues = 3710                        
# units = specified
# name 0 = depSM: Depth [salt water, m]
# name 1 = c0mS/cm: Conductivity [mS/cm]
# name 2 = tv290C: Temperature [ITS-90, deg C]
# name 3 = prdM: Pressure, Strain Gauge [db]
# name 4 = scan: Scan Count
# name 5 = flSP: Fluorescence, Seapoint
# name 6 = sbeox0Mm/Kg: Oxygen, SBE 43 [umol/Kg]
# name 7 = sbeox0ML/L: Oxygen, SBE 43 [ml/l]
# name 8 = bat: Beam Attenuation, Chelsea/Seatech/Wetlab CStar [1/m]
# name 9 = wetCDOM: Fluorescence, Wetlab CDOM [mg/m^3]
# name 10 = par: PAR/Irradiance, Biospherical/Licor
# name 11 = v0: Voltage 0
# name 12 = v1: Voltage 1
# name 13 = v2: Voltage 2
# name 14 = v3: Voltage 3
# name 15 = v4: Voltage 4
# name 16 = v5: Voltage 5
# name 17 = density00: Density [density, Kg/m^3]
# name 18 = sigma-é00: Density [sigma-theta, Kg/m^3]
# name 19 = depSM: Depth [salt water, m], lat = 30
# name 20 = oxsatML/L: Oxygen Saturation [ml/l]
# name 21 = potemp090C: Potential Temperature [ITS-90, deg C]
# name 22 = sal00: Salinity [PSU]
# name 23 = svCM: Sound Velocity [Chen-Millero, m/s]
# name 24 = sva: Specific Volume Anomaly [10^-8 * m^3/Kg]
# name 25 = tsa: Thermosteric Anomaly [10^-8 * m^3/Kg]
# name 26 = flag: flag
# span 0 =      0.070,     42.226       
# span 1 =   0.001012,  39.275861       
# span 2 =     9.3057,    14.7348       
# span 3 =      0.050,     42.539       
# span 4 =          1,       3710       
# span 5 = 7.7126e-02, 2.0847e+00       
# span 6 =    214.018,    322.809       
# span 7 =    4.90548,    7.22207       
# span 8 =    55.2620,    55.2620       
# span 9 =    -1.4880,     3.5602       
# span 10 = 4.0058e-07, 2.1896e-03      
# span 11 =     0.4241,     4.4352      
# span 12 =     0.0000,     3.4259      
# span 13 =     2.4383,     3.3475      
# span 14 =     0.0257,     0.6949      
# span 15 =     0.0114,     0.0228      
# span 16 =     0.0000,     0.0005      
# span 17 =   999.1584,  1025.1693      
# span 18 =    -0.8419,    24.9766      
# span 19 =      0.050,     42.245      
# span 20 =    5.82752,    7.10128      
# span 21 =     9.3012,    14.7344      
# span 22 =     0.0076,    32.3320      
# span 23 =    1464.71,    1502.35      
# span 24 =    297.770,   2818.054      
# span 25 =    297.269,   2818.259      
# span 26 = 0.0000e+00, 0.0000e+00      
# interval = seconds: 0.25                        
# start_time = Jun 13 2019 23:44:41
# bad_flag = -9.990e-29
*END*
[from data line 2954]
     10.617  39.069580    14.4455     10.644       2955 1.1345e+00    266.279    6.10408    55.2620     1.3333 4.2519e-06     3.7382     0.1517     3.1164     0.3782     0.0115     0.0001  1023.7976    23.7504     10.571    5.86024    14.4440    31.9643    1501.54    414.149    414.092 0.0000e+00
     10.579  39.075312    14.4563     10.601       2956 1.1251e+00    266.160    6.10132    55.2620     1.3316 5.8276e-06     3.7392     0.1516     3.1161     0.3750     0.0116     0.0001  1023.7923    23.7453     10.529    5.85907    14.4548    31.9606    1501.57    414.633    414.577 0.0000e+00
     10.550  39.080112    14.4645     10.558       2957 1.1191e+00    266.027    6.09825    55.2620     1.3297 8.5706e-06     3.7403     0.1515     3.1156     0.3730     0.0117     0.0001  1023.7886    23.7417     10.486    5.85818    14.4630    31.9582    1501.59    414.971    414.915 0.0000e+00
     10.533  39.083858    14.4703     10.558       2958 1.1200e+00    265.895    6.09520    55.2620     1.3293 1.2826e-05     3.7414     0.1515     3.1151     0.3733     0.0117     0.0001  1023.7863    23.7395     10.486    5.85753    14.4688    31.9569    1501.61    415.187    415.132 -9.990e-29
     10.523  39.086646    14.4738     10.569       2959 1.1190e+00    265.771    6.09231    55.2620     1.3291 2.0114e-05     3.7424     0.1515     3.1146     0.3730     0.0118     0.0001  1023.7853    23.7385     10.497    5.85713    14.4723    31.9565    1501.62    415.283    415.228 -9.990e-29
     10.516  39.088685    14.4769     10.579       2960 1.1175e+00    265.650    6.08952    55.2620     1.3273 3.2766e-05     3.7433     0.1514     3.1140     0.3725     0.0119     0.0001  1023.7842    23.7373     10.507    5.85678    14.4754    31.9558    1501.63    415.397    415.341 -9.990e-29
     10.509  39.090208    14.4790     10.579       2961 1.1217e+00    265.534    6.08684    55.2620     1.3250 4.4210e-05     3.7440     0.1512     3.1134     0.3739     0.0120     0.0001  1023.7835    23.7366     10.507    5.85654    14.4775    31.9555    1501.63    415.465    415.408 -9.990e-29
     10.497  39.091313    14.4796     10.601       2962 1.1331e+00    265.434    6.08455    55.2620     1.3242 4.3345e-05     3.7447     0.1512     3.1128     0.3777     0.0121     0.0002  1023.7839    23.7368     10.529    5.85645    14.4781    31.9560    1501.64    415.440    415.383 -9.990e-29
     10.475  39.092152    14.4799     10.601       2963 1.1494e+00    265.349    6.08259    55.2620     1.3244 3.5676e-05     3.7456     0.1512     3.1123     0.3831     0.0121     0.0002  1023.7842    23.7372     10.529    5.85640    14.4784    31.9565    1501.64    415.408    415.351 -9.990e-29
     10.438  39.093007    14.4814     10.569       2964 1.1638e+00    265.257    6.08046    55.2620     1.3243 3.1015e-05     3.7467     0.1512     3.1116     0.3879     0.0121     0.0002  1023.7834    23.7365     10.497    5.85623    14.4799    31.9561    1501.64    415.470    415.414 -9.990e-29
     10.383  39.094027    14.4844     10.504       2965 1.1826e+00    265.150    6.07802    55.2620     1.3226 3.0030e-05     3.7482     0.1511     3.1108     0.3942     0.0121     0.0001  1023.7813    23.7347     10.432    5.85593    14.4829    31.9545    1501.65    415.640    415.586 0.0000e+00
     10.312  39.095009    14.4881     10.429       2966 1.2022e+00    265.031    6.07528    55.2620     1.3191 3.0548e-05     3.7503     0.1509     3.1100     0.4007     0.0121     0.0001  1023.7786    23.7323     10.358    5.85556    14.4866    31.9524    1501.66    415.869    415.816 0.0000e+00
     10.227  39.095516    14.4901     10.332       2967 1.2037e+00    264.903    6.07233    55.2620     1.3165 2.7543e-05     3.7529     0.1508     3.1091     0.4012     0.0119     0.0000  1023.7768    23.7310     10.261    5.85537    14.4886    31.9513    1501.66    415.991    415.941 0.0000e+00
     10.131  39.095414    14.4893     10.203       2968 1.1854e+00    264.767    6.06922    55.2620     1.3160 2.1169e-05     3.7564     0.1508     3.1081     0.3951     0.0117 3.6105e-10  1023.7769    23.7316     10.133    5.85544    14.4878    31.9519    1501.66    415.926    415.879 0.0000e+00
     10.031  39.095197    14.4874     10.064       2969 1.1525e+00    264.622    6.06587    55.2620     1.3155 1.7187e-05     3.7613     0.1508     3.1071     0.3842     0.0116 6.0175e-10  1023.7778    23.7331      9.995    5.85562    14.4860    31.9533    1501.65    415.780    415.737 0.0000e+00
      9.936  39.095708    14.4888      9.945       2970 1.1176e+00    264.465    6.06226    55.2620     1.3140 1.7788e-05     3.7673     0.1507     3.1060     0.3725     0.0116 1.0029e-09  1023.7764    23.7323      9.877    5.85547    14.4874    31.9527    1501.65    415.853    415.812 0.0000e+00
      9.853  39.097555    14.4919      9.827       2971 1.0918e+00    264.306    6.05863    55.2620     1.3123 2.3133e-05     3.7724     0.1506     3.1049     0.3639     0.0117 1.6715e-09  1023.7746    23.7310      9.760    5.85513    14.4905    31.9518    1501.66    415.973    415.935 0.0000e+00
      9.787  39.100935    14.4955      9.773       2972 1.0677e+00    264.166    6.05542    55.2620     1.3114 2.6613e-05     3.7763     0.1505     3.1040     0.3559     0.0117 2.7859e-09  1023.7737    23.7304      9.706    5.85470    14.4941    31.9520    1501.67    416.034    415.997 0.0000e+00
      9.740  39.106135    14.5078      9.709       2973 1.0456e+00    264.052    6.05280    55.2620     1.3117 2.1125e-05     3.7800     0.1505     3.1032     0.3485     0.0116 4.6432e-09  1023.7667    23.7237      9.643    5.85342    14.5064    31.9466    1501.70    416.674    416.639 0.0000e+00
      9.711  39.113008    14.5251      9.698       2974 1.0404e+00    263.958    6.05064    55.2620     1.3130 1.3238e-05     3.7836     0.1506     3.1026     0.3468     0.0115 7.7386e-09  1023.7569    23.7139      9.632    5.85164    14.5237    31.9386    1501.75    417.608    417.573 0.0000e+00
      9.700  39.120123    14.5393      9.698       2975 1.0554e+00    263.867    6.04855    55.2620     1.3142 8.8813e-06     3.7864     0.1506     3.1019     0.3518     0.0114 1.2898e-08  1023.7499    23.7069      9.632    5.85013    14.5379    31.9334    1501.79    418.276    418.241 -9.990e-29
      9.703  39.125967    14.5491      9.709       2976 1.0814e+00    263.772    6.04634    55.2620     1.3144 6.8929e-06     3.7882     0.1506     3.1012     0.3604     0.0114 2.1496e-08  1023.7457    23.7027      9.643    5.84906    14.5477    31.9306    1501.82    418.675    418.640 -9.990e-29
      9.717  39.130113    14.5543      9.763       2977 1.1087e+00    263.676    6.04411    55.2620     1.3142 6.7424e-06     3.7892     0.1506     3.1004     0.3695     0.0114 3.5827e-08  1023.7445    23.7012      9.696    5.84846    14.5529    31.9301    1501.83    418.820    418.783 -9.990e-29
      9.734  39.132758    14.5568      9.784       2978 1.1337e+00    263.577    6.04183    55.2620     1.3143 8.3900e-06     3.7898     0.1506     3.0995     0.3779     0.0115 5.9711e-08  1023.7443    23.7009      9.717    5.84815    14.5554    31.9304    1501.84    418.845    418.808 -9.990e-29
      9.752  39.134236    14.5577      9.827       2979 1.1568e+00    263.470    6.03934    55.2620     1.3152 1.2275e-05     3.7900     0.1507     3.0986     0.3856     0.0115 9.9519e-08  1023.7448    23.7012      9.760    5.84802    14.5563    31.9310    1501.85    418.821    418.783 -9.990e-29
      9.764  39.134889    14.5575      9.860       2980 1.1774e+00    263.337    6.03629    55.2620     1.3168 1.6180e-05     3.7901     0.1508     3.0976     0.3925     0.0116 1.6586e-07  1023.7455    23.7018      9.793    5.84802    14.5561    31.9318    1501.85    418.763    418.724 -9.990e-29
      9.765  39.134952    14.5561      9.892       2981 1.2014e+00    263.170    6.03245    55.2620     1.3172 1.7895e-05     3.7904     0.1508     3.0963     0.4005     0.0115 2.7644e-07  1023.7469    23.7030      9.824    5.84814    14.5547    31.9330    1501.84    418.648    418.608 -9.990e-29
      9.751  39.134652    14.5544      9.870       2982 1.2278e+00    262.980    6.02807    55.2620     1.3162 2.1130e-05     3.7907     0.1507     3.0950     0.4093     0.0115 4.6074e-07  1023.7480    23.7043      9.803    5.84830    14.5530    31.9341    1501.84    418.530    418.490 -9.990e-29
      9.722  39.134442    14.5544      9.806       2983 1.2417e+00    262.785    6.02359    55.2620     1.3154 2.9999e-05     3.7912     0.1507     3.0936     0.4139     0.0116 4.6186e-07  1023.7476    23.7041      9.739    5.84831    14.5530    31.9339    1501.84    418.541    418.503 -9.990e-29
      9.683  39.134694    14.5548      9.774       2984 1.2425e+00    262.596    6.01926    55.2620     1.3157 4.6867e-05     3.7920     0.1507     3.0923     0.4142     0.0118 2.8012e-07  1023.7473    23.7040      9.707    5.84826    14.5534    31.9338    1501.84    418.554    418.517 -9.990e-29
      9.637  39.135344    14.5555      9.709       2985 1.2403e+00    262.418    6.01519    55.2620     1.3164 6.2459e-05     3.7934     0.1508     3.0910     0.4134     0.0120 1.7308e-07  1023.7469    23.7039      9.643    5.84818    14.5541    31.9339    1501.84    418.564    418.528 -9.990e-29
      9.584  39.136235    14.5566      9.655       2986 1.2385e+00    262.260    6.01156    55.2620     1.3159 6.7160e-05     3.7958     0.1507     3.0898     0.4128     0.0121 1.1219e-07  1023.7464    23.7036      9.589    5.84805    14.5552    31.9338    1501.84    418.590    418.556 0.0000e+00
      9.527  39.137334    14.5585      9.591       2987 1.2352e+00    262.126    6.00849    55.2620     1.3151 6.3179e-05     3.7989     0.1507     3.0887     0.4117     0.0120 8.1218e-08  1023.7453    23.7028      9.526    5.84784    14.5571    31.9333    1501.85    418.666    418.634 0.0000e+00
      9.467  39.138646    14.5593      9.537       2988 1.2247e+00    262.020    6.00607    55.2620     1.3148 5.0412e-05     3.8013     0.1507     3.0877     0.4082     0.0119 7.1903e-08  1023.7453    23.7030      9.472    5.84773    14.5579    31.9338    1501.85    418.640    418.609 0.0000e+00
      9.403  39.140251    14.5607      9.473       2989 1.2078e+00    261.949    6.00443    55.2620     1.3142 3.8271e-05     3.8029     0.1507     3.0868     0.4026     0.0119 8.1764e-08  1023.7450    23.7030      9.408    5.84755    14.5593    31.9341    1501.85    418.642    418.613 0.0000e+00
      9.334  39.142326    14.5634      9.409       2990 1.1908e+00    261.911    6.00357    55.2620     1.3128 3.6337e-05     3.8040     0.1506     3.0861     0.3969     0.0119 1.1343e-07  1023.7439    23.7022      9.345    5.84724    14.5620    31.9338    1501.86    418.718    418.690 0.0000e+00
      9.260  39.144936    14.5678      9.333       2991 1.1736e+00    261.895    6.00320    55.2620     1.3111 3.7972e-05     3.8049     0.1505     3.0855     0.3912     0.0120 1.7534e-07  1023.7417    23.7003      9.269    5.84676    14.5665    31.9326    1501.87    418.894    418.867 0.0000e+00
      9.180  39.147878    14.5730      9.247       2992 1.1568e+00    261.879    6.00283    55.2620     1.3096 3.5195e-05     3.8055     0.1504     3.0850     0.3856     0.0120 2.8401e-07  1023.7390    23.6980      9.184    5.84619    14.5717    31.9310    1501.89    419.112    419.087 0.0000e+00
      9.096  39.150751    14.5777      9.161       2993 1.1420e+00    261.846    6.00208    55.2620     1.3083 3.1090e-05     3.8058     0.1504     3.0843     0.3807     0.0119 4.6841e-07  1023.7367    23.6961      9.098    5.84568    14.5764    31.9298    1501.90    419.294    419.271 0.0000e+00
      9.008  39.153169    14.5799      9.075       2994 1.1260e+00    261.794    6.00089    55.2620     1.3068 3.2978e-05     3.8059     0.1503     3.0836     0.3754     0.0119 7.7772e-07  1023.7361    23.6959      9.013    5.84540    14.5786    31.9302    1501.90    419.305    419.285 0.0000e+00
      8.917  39.155230    14.5808      8.978       2995 1.1073e+00    261.728    5.99937    55.2620     1.3051 3.4672e-05     3.8059     0.1502     3.0829     0.3691     0.0119     0.0000  1023.7364    23.6966      8.917    5.84525    14.5795    31.9314    1501.91    419.235    419.217 0.0000e+00
      8.821  39.157557    14.5834      8.882       2996 1.0847e+00    261.656    5.99770    55.2620     1.3041 2.7632e-05     3.8057     0.1501     3.0822     0.3616     0.0118     0.0000  1023.7355    23.6961      8.821    5.84494    14.5821    31.9314    1501.91    419.283    419.268 0.0000e+00
      8.724  39.160515    14.5864      8.774       2997 1.0633e+00    261.574    5.99583    55.2620     1.3036 1.8972e-05     3.8055     0.1500     3.0816     0.3545     0.0118     0.0000  1023.7345    23.6957      8.714    5.84457    14.5851    31.9317    1501.92    419.322    419.309 0.0000e+00
      8.627  39.164171    14.5907      8.645       2998 1.0470e+00    261.472    5.99349    55.2620     1.3036 1.5371e-05     3.8056     0.1500     3.0809     0.3490     0.0117     0.0000  1023.7329    23.6946      8.586    5.84407    14.5895    31.9315    1501.93    419.417    419.408 0.0000e+00
      8.535  39.168730    14.5967      8.559       2999 1.0288e+00    261.349    5.99065    55.2620     1.3047 1.5869e-05     3.8063     0.1501     3.0800     0.3429     0.0117     0.0000  1023.7307    23.6928      8.501    5.84338    14.5955    31.9308    1501.95    419.592    419.584 0.0000e+00
      8.449  39.174281    14.6052      8.473       3000 1.0113e+00    261.216    5.98760    55.2620     1.3065 2.0599e-05     3.8078     0.1502     3.0792     0.3371     0.0118     0.0000  1023.7271    23.6895      8.415    5.84243    14.6040    31.9288    1501.97    419.901    419.895 0.0000e+00
      8.370  39.180601    14.6150      8.387       3001 1.0003e+00    261.084    5.98458    55.2620     1.3080 2.5658e-05     3.8097     0.1503     3.0784     0.3334     0.0119     0.0000  1023.7228    23.6857      8.330    5.84135    14.6138    31.9266    1502.00    420.264    420.260 0.0000e+00
      8.299  39.187196    14.6242      8.291       3002 9.8713e-01    260.960    5.98173    55.2620     1.3087 2.6844e-05     3.8113     0.1503     3.0776     0.3290     0.0119     0.0000  1023.7193    23.6825      8.234    5.84031    14.6230    31.9250    1502.03    420.560    420.558 0.0000e+00
      8.240  39.193733    14.6311      8.226       3003 9.6542e-01    260.851    5.97921    55.2620     1.3080 2.9251e-05     3.8124     0.1503     3.0770     0.3218     0.0120     0.0001  1023.7178    23.6813      8.170    5.83948    14.6299    31.9253    1502.05    420.676    420.676 0.0000e+00
      8.196  39.200678    14.6418      8.183       3004 9.4729e-01    260.762    5.97716    55.2620     1.3061 3.4864e-05     3.8131     0.1502     3.0765     0.3158     0.0120     0.0001  1023.7134    23.6771      8.127    5.83829    14.6406    31.9228    1502.08    421.072    421.073 0.0000e+00
      8.166  39.208366    14.6561      8.151       3005 9.4738e-01    260.676    5.97517    55.2620     1.3048 3.5237e-05     3.8133     0.1502     3.0760     0.3158     0.0119     0.0002  1023.7066    23.6705      8.095    5.83676    14.6549    31.9181    1502.12    421.709    421.711 0.0000e+00
      8.150  39.215733    14.6673      8.151       3006 9.6969e-01    260.547    5.97220    55.2620     1.3052 2.8557e-05     3.8133     0.1502     3.0751     0.3232     0.0118     0.0002  1023.7023    23.6662      8.095    5.83552    14.6661    31.9156    1502.15    422.119    422.121 -9.990e-29
