inst/extdata/initial_example/raw/ctd/Cnv/C285C-002-HC.cnv
* Sea-Bird SBE19plus Data File:
* FileName = C:\Data\CTD\Hex\C285C-002-HC.hex
* Software Version 1.24
* Temperature SN =  4447
* Conductivity SN =  4447
* System UpLoad Time = Jun 14 2019 08:05:35
** Station = C285C-002-HC
** NMEA (UTC) Time = 0646
** NMEA Latitude = 41 01.9'N
** NMEA Longitude = 071 17.5'W
** Bottom Depth = 45
** Date = 14 June 19
** Chief Scientist = Ben Harden
** General Locale = 
** C:\Data\CTD\Hex\4447201903_Tx0_CDOM1_DO2_Chl3_PAR4.con
** 4447 CTD 	Instrument	S/N	DWG #
** Voltage 0	Transmiss	CST-779PR	X
** Voltage 1	CDOM	WSCD-1258ad	X
** Voltage 2	DO	3328	x
** Voltage 3	Chl-a	SCF-3149	x
** Voltage 4	PAR	70187	x
** Voltage 5	Free	x	x
** 
# nquan = 27                                
# nvalues = 3710                        
# units = specified
# name 0 = depSM: Depth [salt water, m]
# name 1 = c0mS/cm: Conductivity [mS/cm]
# name 2 = tv290C: Temperature [ITS-90, deg C]
# name 3 = prdM: Pressure, Strain Gauge [db]
# name 4 = scan: Scan Count
# name 5 = flSP: Fluorescence, Seapoint
# name 6 = sbeox0Mm/Kg: Oxygen, SBE 43 [umol/Kg]
# name 7 = sbeox0ML/L: Oxygen, SBE 43 [ml/l]
# name 8 = bat: Beam Attenuation, Chelsea/Seatech/Wetlab CStar [1/m]
# name 9 = wetCDOM: Fluorescence, Wetlab CDOM [mg/m^3]
# name 10 = par: PAR/Irradiance, Biospherical/Licor
# name 11 = v0: Voltage 0
# name 12 = v1: Voltage 1
# name 13 = v2: Voltage 2
# name 14 = v3: Voltage 3
# name 15 = v4: Voltage 4
# name 16 = v5: Voltage 5
# name 17 = density00: Density [density, Kg/m^3]
# name 18 = sigma-é00: Density [sigma-theta, Kg/m^3]
# name 19 = depSM: Depth [salt water, m], lat = 30
# name 20 = oxsatML/L: Oxygen Saturation [ml/l]
# name 21 = potemp090C: Potential Temperature [ITS-90, deg C]
# name 22 = sal00: Salinity [PSU]
# name 23 = svCM: Sound Velocity [Chen-Millero, m/s]
# name 24 = sva: Specific Volume Anomaly [10^-8 * m^3/Kg]
# name 25 = tsa: Thermosteric Anomaly [10^-8 * m^3/Kg]
# name 26 = flag: flag
# span 0 =      0.070,     42.226       
# span 1 =   0.001012,  39.275861       
# span 2 =     9.3057,    14.7348       
# span 3 =      0.050,     42.539       
# span 4 =          1,       3710       
# span 5 = 7.7126e-02, 2.0847e+00       
# span 6 =    214.018,    322.809       
# span 7 =    4.90548,    7.22207       
# span 8 =    55.2620,    55.2620       
# span 9 =    -1.4880,     3.5602       
# span 10 = 4.0058e-07, 2.1896e-03      
# span 11 =     0.4241,     4.4352      
# span 12 =     0.0000,     3.4259      
# span 13 =     2.4383,     3.3475      
# span 14 =     0.0257,     0.6949      
# span 15 =     0.0114,     0.0228      
# span 16 =     0.0000,     0.0005      
# span 17 =   999.1584,  1025.1693      
# span 18 =    -0.8419,    24.9766      
# span 19 =      0.050,     42.245      
# span 20 =    5.82752,    7.10128      
# span 21 =     9.3012,    14.7344      
# span 22 =     0.0076,    32.3320      
# span 23 =    1464.71,    1502.35      
# span 24 =    297.770,   2818.054      
# span 25 =    297.269,   2818.259      
# span 26 = 0.0000e+00, 0.0000e+00      
# interval = seconds: 0.25                        
# start_time = Jun 13 2019 23:44:41
# bad_flag = -9.990e-29
*END*
[from data line 1021]
      6.110  39.262173    14.7161      6.208       1022 1.0478e+00    277.801    6.36749    55.2620    -1.4879 2.6928e-05     3.8334     0.0000     3.2463     0.3493     0.0120     0.0001  1023.6854    23.6579      6.166    5.82963    14.7152    31.9183    1502.28    422.852    422.901 -9.990e-29
      6.153  39.261341    14.7145      6.283       1023 1.0350e+00    277.769    6.36675    55.2620    -1.4879 3.3371e-05     3.8337     0.0000     3.2459     0.3450     0.0119     0.0001  1023.6865    23.6587      6.240    5.82980    14.7136    31.9189    1502.28    422.782    422.830 -9.990e-29
      6.174  39.260846    14.7142      6.304       1024 1.0353e+00    277.730    6.36587    55.2620    -1.4878 4.0294e-05     3.8341     0.0000     3.2456     0.3451     0.0119     0.0001  1023.6865    23.6586      6.261    5.82984    14.7133    31.9186    1502.28    422.792    422.840 -9.990e-29
      6.173  39.260663    14.7142      6.283       1025 1.0474e+00    277.683    6.36481    55.2620    -1.4877 4.1896e-05     3.8344     0.0000     3.2452     0.3491     0.0119     0.0001  1023.6863    23.6585      6.240    5.82985    14.7133    31.9185    1502.28    422.803    422.851 -9.990e-29
      6.153  39.260677    14.7145      6.240       1026 1.0621e+00    277.624    6.36346    55.2620    -1.4875 3.8605e-05     3.8349     0.0000     3.2448     0.3541     0.0118     0.0001  1023.6859    23.6582      6.197    5.82982    14.7136    31.9183    1502.28    422.824    422.873 -9.990e-29
      6.119  39.260828    14.7146      6.197       1027 1.0785e+00    277.565    6.36210    55.2620    -1.4871 2.9543e-05     3.8353     0.0000     3.2443     0.3595     0.0117     0.0001  1023.6857    23.6583      6.155    5.82981    14.7137    31.9183    1502.28    422.820    422.870 -9.990e-29
      6.074  39.261131    14.7153      6.132       1028 1.0907e+00    277.523    6.36116    55.2620    -1.4865 2.0326e-05     3.8357     0.0001     3.2441     0.3636     0.0116     0.0001  1023.6851    23.6579      6.090    5.82973    14.7144    31.9181    1502.28    422.853    422.904 -9.990e-29
      6.023  39.261605    14.7166      6.057       1029 1.0920e+00    277.511    6.36088    55.2620    -1.4855 1.5188e-05     3.8358     0.0001     3.2440     0.3640     0.0116     0.0001  1023.6840    23.6572      6.016    5.82960    14.7157    31.9175    1502.28    422.922    422.975 -9.990e-29
      5.972  39.262167    14.7180      5.982       1030 1.0731e+00    277.528    6.36126    55.2620    -1.4839 1.1417e-05     3.8357     0.0002     3.2440     0.3577     0.0117     0.0001  1023.6829    23.6564      5.941    5.82946    14.7171    31.9168    1502.28    422.993    423.049 -9.990e-29
      5.928  39.262698    14.7189      5.896       1031 1.0319e+00    277.567    6.36215    55.2620    -1.4811 9.3484e-06     3.8355     0.0004     3.2441     0.3440     0.0117     0.0001  1023.6821    23.6560      5.856    5.82936    14.7180    31.9166    1502.28    423.026    423.083 -9.990e-29
      5.898  39.263135    14.7195      5.864       1032 9.9381e-01    277.611    6.36317    55.2620    -1.4765 9.7725e-06     3.8352     0.0006     3.2442     0.3313     0.0117     0.0001  1023.6818    23.6558      5.824    5.82929    14.7187    31.9165    1502.28    423.043    423.102 -9.990e-29
      5.884  39.263440    14.7200      5.853       1033 9.7151e-01    277.650    6.36405    55.2620    -1.4689 1.2803e-05     3.8345     0.0010     3.2443     0.3238     0.0117     0.0001  1023.6816    23.6556      5.813    5.82924    14.7192    31.9164    1502.29    423.063    423.121 -9.990e-29
      5.884  39.263613    14.7201      5.885       1034 9.6027e-01    277.679    6.36471    55.2620    -1.4561 1.9247e-05     3.8337     0.0017     3.2442     0.3201     0.0118     0.0001  1023.6817    23.6556      5.845    5.82922    14.7192    31.9165    1502.29    423.061    423.119 -9.990e-29
      5.895  39.263698    14.7201      5.896       1035 9.6567e-01    277.689    6.36495    55.2620    -1.4406 2.5659e-05     3.8331     0.0026     3.2442     0.3219     0.0119     0.0001  1023.6818    23.6557      5.856    5.82922    14.7192    31.9165    1502.29    423.056    423.113 -9.990e-29
      5.910  39.263759    14.7206      5.949       1036 9.8637e-01    277.674    6.36459    55.2620    -1.4308 2.8199e-05     3.8331     0.0031     3.2440     0.3288     0.0119     0.0000  1023.6817    23.6553      5.908    5.82917    14.7197    31.9162    1502.29    423.095    423.151 -9.990e-29
      5.925  39.263736    14.7199      5.982       1037 1.0125e+00    277.638    6.36376    55.2620    -1.4314 3.2321e-05     3.8334     0.0030     3.2438     0.3375     0.0119     0.0000  1023.6824    23.6559      5.941    5.82924    14.7190    31.9167    1502.29    423.042    423.097 -9.990e-29
      5.935  39.263540    14.7187      6.003       1038 1.0386e+00    277.594    6.36276    55.2620    -1.4408 3.8555e-05     3.8337     0.0025     3.2436     0.3462     0.0120     0.0000  1023.6833    23.6567      5.962    5.82935    14.7178    31.9175    1502.29    422.959    423.014 -9.990e-29
      5.935  39.263360    14.7182      6.025       1039 1.0600e+00    277.547    6.36169    55.2620    -1.4523 3.7667e-05     3.8338     0.0019     3.2434     0.3534     0.0120     0.0000  1023.6837    23.6570      5.984    5.82940    14.7173    31.9177    1502.28    422.932    422.986 -9.990e-29
      5.922  39.263422    14.7188      6.025       1040 1.0686e+00    277.504    6.36069    55.2620    -1.4583 3.0374e-05     3.8336     0.0016     3.2432     0.3562     0.0120     0.0000  1023.6833    23.6566      5.984    5.82935    14.7179    31.9173    1502.29    422.976    423.031 -9.990e-29
      5.895  39.263730    14.7194      5.961       1041 1.0653e+00    277.474    6.36002    55.2620    -1.4563 2.6017e-05     3.8333     0.0017     3.2430     0.3551     0.0120     0.0000  1023.6827    23.6563      5.920    5.82928    14.7185    31.9171    1502.29    423.001    423.057 -9.990e-29
      5.857  39.264175    14.7197      5.918       1042 1.0605e+00    277.460    6.35969    55.2620    -1.4503 2.8211e-05     3.8330     0.0020     3.2429     0.3535     0.0119     0.0000  1023.6826    23.6564      5.878    5.82924    14.7188    31.9173    1502.29    422.993    423.050 -9.990e-29
      5.815  39.264716    14.7204      5.842       1043 1.0523e+00    277.453    6.35953    55.2620    -1.4458 3.7154e-05     3.8328     0.0023     3.2429     0.3508     0.0119     0.0000  1023.6821    23.6562      5.802    5.82916    14.7196    31.9172    1502.29    423.009    423.068 -9.990e-29
      5.773  39.265368    14.7216      5.767       1044 1.0366e+00    277.457    6.35963    55.2620    -1.4447 4.8542e-05     3.8325     0.0023     3.2429     0.3455     0.0120     0.0001  1023.6812    23.6556      5.728    5.82903    14.7208    31.9169    1502.29    423.059    423.119 -9.990e-29
      5.740  39.266134    14.7233      5.724       1045 1.0227e+00    277.481    6.36016    55.2620    -1.4484 5.0690e-05     3.8324     0.0021     3.2430     0.3409     0.0121     0.0001  1023.6801    23.6547      5.685    5.82885    14.7225    31.9162    1502.29    423.142    423.204 -9.990e-29
      5.719  39.266964    14.7250      5.692       1046 1.0180e+00    277.521    6.36108    55.2620    -1.4570 4.3214e-05     3.8324     0.0017     3.2432     0.3393     0.0120     0.0001  1023.6791    23.6539      5.653    5.82867    14.7242    31.9156    1502.30    423.222    423.285 -9.990e-29
      5.713  39.267699    14.7257      5.659       1047 1.0175e+00    277.568    6.36215    55.2620    -1.4675 3.9228e-05     3.8325     0.0011     3.2434     0.3392     0.0120     0.0001  1023.6789    23.6538      5.620    5.82859    14.7249    31.9157    1502.30    423.228    423.291 -9.990e-29
      5.727  39.268233    14.7261      5.670       1048 1.0173e+00    277.612    6.36316    55.2620    -1.4757 3.9584e-05     3.8325     0.0007     3.2435     0.3391     0.0120     0.0001  1023.6790    23.6539      5.631    5.82853    14.7253    31.9158    1502.30    423.225    423.288 -9.990e-29
      5.763  39.268629    14.7269      5.713       1049 1.0213e+00    277.653    6.36410    55.2620    -1.4807 3.8256e-05     3.8323     0.0004     3.2437     0.3404     0.0120     0.0001  1023.6788    23.6535      5.674    5.82845    14.7261    31.9155    1502.30    423.265    423.327 -9.990e-29
      5.817  39.268913    14.7278      5.789       1050 1.0287e+00    277.694    6.36504    55.2620    -1.4836 3.9666e-05     3.8321     0.0003     3.2439     0.3429     0.0121     0.0001  1023.6785    23.6529      5.750    5.82836    14.7270    31.9150    1502.31    423.323    423.383 -9.990e-29
      5.886  39.268969    14.7279      5.896       1051 1.0415e+00    277.735    6.36599    55.2620    -1.4854 4.2851e-05     3.8319     0.0002     3.2442     0.3472     0.0122     0.0001  1023.6789    23.6528      5.856    5.82835    14.7270    31.9149    1502.31    423.333    423.390 -9.990e-29
      5.965  39.268657    14.7266      5.950       1052 1.0618e+00    277.765    6.36668    55.2620    -1.4864 3.8716e-05     3.8315     0.0001     3.2443     0.3540     0.0121     0.0001  1023.6800    23.6537      5.909    5.82848    14.7257    31.9157    1502.31    423.252    423.308 -9.990e-29
      6.050  39.268041    14.7248      6.100       1053 1.0825e+00    277.775    6.36689    55.2620    -1.4871 2.8457e-05     3.8308     0.0001     3.2444     0.3609     0.0121     0.0001  1023.6817    23.6547      6.058    5.82866    14.7239    31.9165    1502.31    423.156    423.208 -9.990e-29
      6.133  39.267382    14.7235      6.208       1054 1.1023e+00    277.768    6.36674    55.2620    -1.4874 2.0622e-05     3.8300     0.0000     3.2444     0.3674     0.0120     0.0001  1023.6828    23.6553      6.166    5.82880    14.7226    31.9170    1502.30    423.101    423.150 -9.990e-29
      6.206  39.266814    14.7228      6.294       1055 1.1180e+00    277.748    6.36629    55.2620    -1.4877 1.6944e-05     3.8296 8.6390e-09     3.2443     0.3727     0.0119     0.0001  1023.6834    23.6555      6.251    5.82888    14.7219    31.9170    1502.30    423.087    423.134 -9.990e-29
      6.267  39.266310    14.7224      6.358       1056 1.1224e+00    277.712    6.36545    55.2620    -1.4878 1.5100e-05     3.8297 1.4398e-08     3.2441     0.3741     0.0119     0.0001  1023.6836    23.6555      6.315    5.82894    14.7215    31.9168    1502.30    423.091    423.137 -9.990e-29
      6.312  39.265832    14.7216      6.444       1057 1.1229e+00    277.667    6.36442    55.2620    -1.4879 1.4599e-05     3.8301 2.3997e-08     3.2439     0.3743     0.0118     0.0000  1023.6843    23.6558      6.400    5.82902    14.7207    31.9170    1502.30    423.063    423.107 -9.990e-29
      6.335  39.265382    14.7209      6.455       1058 1.1321e+00    277.619    6.36332    55.2620    -1.4879 1.5308e-05     3.8305 3.9995e-08     3.2437     0.3774     0.0118 5.5532e-07  1023.6847    23.6561      6.411    5.82910    14.7200    31.9172    1502.30    423.038    423.081 -9.990e-29
      6.337  39.265017    14.7199      6.466       1059 1.1440e+00    277.564    6.36206    55.2620    -1.4879 1.8758e-05     3.8306 6.6659e-08     3.2434     0.3813     0.0118 9.2553e-07  1023.6853    23.6566      6.422    5.82920    14.7190    31.9177    1502.30    422.982    423.025 -9.990e-29
      6.316  39.264848    14.7194      6.433       1060 1.1392e+00    277.502    6.36066    55.2620    -1.4880 2.3956e-05     3.8306 1.1110e-07     3.2431     0.3797     0.0119     0.0000  1023.6855    23.6570      6.389    5.82925    14.7185    31.9180    1502.30    422.951    422.995 -9.990e-29
      6.276  39.264971    14.7203      6.369       1061 1.1147e+00    277.442    6.35927    55.2620    -1.4880 2.9038e-05     3.8306 1.8516e-07     3.2428     0.3716     0.0120     0.0000  1023.6845    23.6563      6.326    5.82917    14.7194    31.9174    1502.30    423.012    423.058 -9.990e-29
      6.221  39.265341    14.7214      6.294       1062 1.0863e+00    277.401    6.35834    55.2620    -1.4880 3.8610e-05     3.8307 3.0861e-07     3.2426     0.3621     0.0120     0.0000  1023.6835    23.6556      6.251    5.82906    14.7205    31.9168    1502.30    423.072    423.120 -9.990e-29
      6.155  39.265784    14.7224      6.229       1063 1.0623e+00    277.406    6.35845    55.2620    -1.4880 4.6619e-05     3.8311 3.0861e-07     3.2426     0.3541     0.0120     0.0000  1023.6827    23.6551      6.187    5.82895    14.7215    31.9164    1502.30    423.120    423.169 -9.990e-29
      6.082  39.266163    14.7229      6.111       1064 1.0406e+00    277.458    6.35964    55.2620    -1.4880 4.3340e-05     3.8317 1.8517e-07     3.2430     0.3469     0.0119     0.0000  1023.6821    23.6550      6.069    5.82889    14.7220    31.9164    1502.30    423.129    423.180 -9.990e-29
      6.008  39.266450    14.7233      6.014       1065 1.0230e+00    277.531    6.36131    55.2620    -1.4880 3.8418e-05     3.8323 1.1110e-07     3.2433     0.3410     0.0118     0.0000  1023.6815    23.6549      5.973    5.82885    14.7224    31.9164    1502.30    423.137    423.191 -9.990e-29
      5.940  39.266690    14.7234      5.950       1066 1.0094e+00    277.609    6.36309    55.2620    -1.4880 4.1057e-05     3.8332 6.6659e-08     3.2436     0.3365     0.0119     0.0000  1023.6814    23.6550      5.909    5.82883    14.7225    31.9165    1502.30    423.125    423.181 -9.990e-29
      5.879  39.266949    14.7237      5.874       1067 9.9070e-01    277.693    6.36501    55.2620    -1.4880 5.3302e-05     3.8341 3.9995e-08     3.2440     0.3302     0.0120     0.0000  1023.6810    23.6549      5.834    5.82879    14.7228    31.9165    1502.30    423.128    423.186 -9.990e-29
      5.827  39.267262    14.7241      5.810       1068 9.6156e-01    277.768    6.36675    55.2620    -1.4880 6.9816e-05     3.8349 2.3997e-08     3.2443     0.3205     0.0121     0.0000  1023.6806    23.6548      5.770    5.82875    14.7233    31.9165    1502.30    423.136    423.196 -9.990e-29
      5.786  39.267636    14.7250      5.767       1069 9.3128e-01    277.821    6.36795    55.2620    -1.4880 7.4154e-05     3.8356 1.4398e-08     3.2445     0.3104     0.0122     0.0000  1023.6799    23.6543      5.728    5.82865    14.7242    31.9161    1502.30    423.181    423.242 -9.990e-29
      5.759  39.268040    14.7259      5.735       1070 9.1156e-01    277.850    6.36861    55.2620    -1.4880 6.6516e-05     3.8362 8.6390e-09     3.2447     0.3038     0.0121     0.0000  1023.6793    23.6539      5.696    5.82856    14.7251    31.9158    1502.30    423.225    423.287 -9.990e-29
      5.745  39.268409    14.7264      5.724       1071 9.0585e-01    277.850    6.36862    55.2620    -1.4880 5.6724e-05     3.8368 5.1834e-09     3.2448     0.3019     0.0121     0.0000  1023.6791    23.6537      5.685    5.82850    14.7256    31.9157    1502.30    423.240    423.302 -9.990e-29
      5.743  39.268686    14.7265      5.735       1072 9.1613e-01    277.816    6.36783    55.2620    -1.4880 4.4079e-05     3.8371 3.1100e-09     3.2447     0.3054     0.0119     0.0000  1023.6792    23.6538      5.696    5.82848    14.7257    31.9159    1502.30    423.231    423.292 -9.990e-29
      5.752  39.268849    14.7267      5.756       1073 9.3410e-01    277.757    6.36648    55.2620    -1.4880 3.4200e-05     3.8369 1.8660e-09     3.2445     0.3114     0.0118     0.0000  1023.6793    23.6538      5.717    5.82846    14.7259    31.9158    1502.31    423.237    423.298 -9.990e-29
