inst/extdata/initial_example/raw/ctd/Cnv/C285C-004-HC.cnv
* Sea-Bird SBE19plus Data File:
* FileName = C:\Data\CTD\Hex\C285C-004-HC.hex
* Software Version 1.24
* Temperature SN =  4447
* Conductivity SN =  4447
* System UpLoad Time = Jun 14 2019 19:45:00
** Station = C285C-004-HC
** NMEA (UTC) Time = 18:35
** NMEA Latitude = 41 17.0 N
** NMEA Longitude = 71 30.0 W
** Bottom Depth = 46
** Date = 14 June 2019
** Chief Scientist = Ben Harden
** General Locale = 
** C:\Data\CTD\Hex\4447201903_Tx0_CDOM1_DO2_Chl3_PAR4.con
** 4447 CTD 	Instrument	S/N	DWG #
** Voltage 0	Transmiss	CST-779PR	X
** Voltage 1	CDOM	WSCD-1258ad	X
** Voltage 2	DO	3328	x
** Voltage 3	Chl-a	SCF-3149	x
** Voltage 4	PAR	70187	x
** Voltage 5	Free	x	x
** 
# nquan = 27                                
# nvalues = 3422                        
# units = specified
# name 0 = depSM: Depth [salt water, m]
# name 1 = c0mS/cm: Conductivity [mS/cm]
# name 2 = tv290C: Temperature [ITS-90, deg C]
# name 3 = prdM: Pressure, Strain Gauge [db]
# name 4 = scan: Scan Count
# name 5 = flSP: Fluorescence, Seapoint
# name 6 = sbeox0Mm/Kg: Oxygen, SBE 43 [umol/Kg]
# name 7 = sbeox0ML/L: Oxygen, SBE 43 [ml/l]
# name 8 = bat: Beam Attenuation, Chelsea/Seatech/Wetlab CStar [1/m]
# name 9 = wetCDOM: Fluorescence, Wetlab CDOM [mg/m^3]
# name 10 = par: PAR/Irradiance, Biospherical/Licor
# name 11 = v0: Voltage 0
# name 12 = v1: Voltage 1
# name 13 = v2: Voltage 2
# name 14 = v3: Voltage 3
# name 15 = v4: Voltage 4
# name 16 = v5: Voltage 5
# name 17 = density00: Density [density, Kg/m^3]
# name 18 = sigma-é00: Density [sigma-theta, Kg/m^3]
# name 19 = depSM: Depth [salt water, m], lat = 30
# name 20 = oxsatML/L: Oxygen Saturation [ml/l]
# name 21 = potemp090C: Potential Temperature [ITS-90, deg C]
# name 22 = sal00: Salinity [PSU]
# name 23 = svCM: Sound Velocity [Chen-Millero, m/s]
# name 24 = sva: Specific Volume Anomaly [10^-8 * m^3/Kg]
# name 25 = tsa: Thermosteric Anomaly [10^-8 * m^3/Kg]
# name 26 = flag: flag
# span 0 =      0.052,     40.602       
# span 1 =   0.239826,  39.880992       
# span 2 =    12.7406,    18.8183       
# span 3 =      0.024,     40.890       
# span 4 =          1,       3422       
# span 5 = 6.4727e-03, 1.2403e+00       
# span 6 =    194.570,    296.324       
# span 7 =    4.45600,    6.78727       
# span 8 =    55.2620,    55.2620       
# span 9 =    -1.0987,     4.1202       
# span 10 = 5.3277e-02, 5.4540e+03      
# span 11 =     0.3530,     4.2282      
# span 12 =     0.0209,     0.3015      
# span 13 =     2.3426,     3.3589      
# span 14 =     0.0022,     0.4134      
# span 15 =     0.2300,     4.8372      
# span 16 =     0.0000,     0.0004      
# span 17 =   998.5488,  1024.2266      
# span 18 =    -1.4515,    24.0453      
# span 19 =      0.024,     40.608      
# span 20 =    5.68531,    6.85542      
# span 21 =    12.7353,    18.8183      
# span 22 =     0.1322,    31.9106      
# span 23 =    1470.59,    1506.01      
# span 24 =    386.718,   2879.154      
# span 25 =    386.030,   2879.359      
# span 26 = 0.0000e+00, 0.0000e+00      
# interval = seconds: 0.25                        
# start_time = Jun 14 2019 11:31:20
# bad_flag = -9.990e-29
*END*
[from data line 2792]
      5.464  39.828947    16.0808      5.552       2793 8.3131e-01    243.929    5.58703    55.2620     1.8692 5.0821e+02     3.9272     0.1805     2.9676     0.2771     3.8050     0.0001  1022.9302    22.9057      5.514    5.69227    16.0799    31.3260    1505.90    494.681    494.742 -9.990e-29
      5.510  39.828985    16.0809      5.616       2794 8.2944e-01    243.989    5.58842    55.2620     1.8672 5.0727e+02     3.9277     0.1804     2.9681     0.2765     3.8043     0.0001  1022.9304    22.9056      5.578    5.69226    16.0800    31.3259    1505.90    494.690    494.749 -9.990e-29
      5.538  39.828869    16.0812      5.659       2795 8.2840e-01    244.040    5.58957    55.2620     1.8644 5.1336e+02     3.9279     0.1802     2.9685     0.2761     3.8093     0.0001  1022.9302    22.9053      5.620    5.69224    16.0803    31.3255    1505.90    494.724    494.781 -9.990e-29
      5.544  39.828454    16.0810      5.660       2796 8.2312e-01    244.049    5.58978    55.2620     1.8622 5.2813e+02     3.9277     0.1801     2.9685     0.2744     3.8215     0.0002  1022.9301    22.9052      5.621    5.69227    16.0801    31.3253    1505.90    494.735    494.792 -9.990e-29
      5.527  39.827607    16.0796      5.660       2797 8.1405e-01    244.008    5.58882    55.2620     1.8617 5.4747e+02     3.9272     0.1801     2.9681     0.2714     3.8373     0.0002  1022.9307    22.9058      5.621    5.69242    16.0787    31.3257    1505.89    494.678    494.736 -9.990e-29
      5.489  39.826462    16.0773      5.584       2798 8.0178e-01    243.922    5.58686    55.2620     1.8626 5.6440e+02     3.9263     0.1801     2.9676     0.2673     3.8508     0.0002  1022.9315    22.9069      5.546    5.69265    16.0764    31.3265    1505.89    494.566    494.625 -9.990e-29
      5.436  39.825313    16.0765      5.466       2799 7.9108e-01    243.815    5.58441    55.2620     1.8626 5.7706e+02     3.9251     0.1801     2.9670     0.2637     3.8607     0.0001  1022.9309    22.9068      5.429    5.69275    16.0757    31.3262    1505.88    494.570    494.632 -9.990e-29
      5.380  39.824253    16.0757      5.390       2800 7.8637e-01    243.711    5.58202    55.2620     1.8613 5.8756e+02     3.9244     0.1801     2.9666     0.2621     3.8687     0.0001  1022.9306    22.9068      5.353    5.69285    16.0749    31.3259    1505.88    494.571    494.635 -9.990e-29
      5.331  39.823125    16.0738      5.304       2801 7.8717e-01    243.627    5.58010    55.2620     1.8595 5.9953e+02     3.9244     0.1800     2.9663     0.2624     3.8774     0.0001  1022.9310    22.9076      5.268    5.69305    16.0730    31.3265    1505.87    494.489    494.555 -9.990e-29
      5.294  39.821904    16.0715      5.240       2802 7.9170e-01    243.581    5.57905    55.2620     1.8589 6.1218e+02     3.9247     0.1799     2.9662     0.2639     3.8865     0.0001  1022.9318    22.9087      5.204    5.69328    16.0707    31.3272    1505.86    494.382    494.450 -9.990e-29
      5.277  39.820899    16.0698      5.218       2803 7.9703e-01    243.586    5.57916    55.2620     1.8606 6.2101e+02     3.9249     0.1800     2.9663     0.2657     3.8927     0.0001  1022.9325    22.9095      5.182    5.69346    16.0690    31.3277    1505.86    494.311    494.379 -9.990e-29
      5.281  39.820403    16.0694      5.240       2804 8.0094e-01    243.636    5.58031    55.2620     1.8632 6.2346e+02     3.9249     0.1802     2.9665     0.2670     3.8943     0.0001  1022.9326    22.9095      5.204    5.69351    16.0686    31.3276    1505.86    494.312    494.380 -9.990e-29
      5.302  39.820382    16.0693      5.272       2805 8.0348e-01    243.700    5.58178    55.2620     1.8648 6.1600e+02     3.9246     0.1803     2.9666     0.2678     3.8888     0.0001  1022.9328    22.9095      5.236    5.69352    16.0685    31.3276    1505.86    494.307    494.374 -9.990e-29
      5.337  39.820675    16.0702      5.336       2806 8.0624e-01    243.754    5.58303    55.2620     1.8647 5.9942e+02     3.9244     0.1802     2.9667     0.2688     3.8769     0.0001  1022.9325    22.9090      5.300    5.69343    16.0694    31.3271    1505.86    494.363    494.429 -9.990e-29
      5.380  39.821157    16.0716      5.401       2807 8.0904e-01    243.804    5.58417    55.2620     1.8631 5.8073e+02     3.9242     0.1801     2.9668     0.2697     3.8632     0.0001  1022.9319    22.9081      5.364    5.69330    16.0708    31.3264    1505.87    494.446    494.510 -9.990e-29
      5.423  39.821647    16.0727      5.487       2808 8.0894e-01    243.858    5.58543    55.2620     1.8607 5.6363e+02     3.9241     0.1800     2.9670     0.2697     3.8502     0.0001  1022.9317    22.9075      5.450    5.69319    16.0719    31.3260    1505.87    494.506    494.568 -9.990e-29
      5.460  39.821940    16.0726      5.541       2809 8.0660e-01    243.916    5.58675    55.2620     1.8591 5.4789e+02     3.9238     0.1799     2.9673     0.2689     3.8380     0.0000  1022.9322    22.9078      5.503    5.69319    16.0717    31.3263    1505.87    494.482    494.543 -9.990e-29
      5.487  39.821953    16.0720      5.551       2810 8.0601e-01    243.967    5.58791    55.2620     1.8592 5.3534e+02     3.9233     0.1799     2.9677     0.2687     3.8280 2.2604e-07  1022.9328    22.9083      5.513    5.69324    16.0711    31.3268    1505.87    494.434    494.494 -9.990e-29
      5.504  39.821752    16.0714      5.572       2811 8.0630e-01    244.009    5.58886    55.2620     1.8602 5.3067e+02     3.9224     0.1800     2.9679     0.2688     3.8243 3.7673e-07  1022.9332    22.9086      5.534    5.69330    16.0705    31.3271    1505.87    494.401    494.460 -9.990e-29
      5.510  39.821445    16.0708      5.605       2812 8.0747e-01    244.032    5.58938    55.2620     1.8609 5.3585e+02     3.9214     0.1800     2.9681     0.2692     3.8286 6.2788e-07  1022.9336    22.9089      5.567    5.69336    16.0699    31.3272    1505.87    494.375    494.434 -9.990e-29
      5.502  39.821093    16.0706      5.594       2813 8.1133e-01    244.014    5.58897    55.2620     1.8610 5.4496e+02     3.9209     0.1800     2.9679     0.2705     3.8361     0.0000  1022.9335    22.9088      5.556    5.69339    16.0697    31.3271    1505.87    494.381    494.440 -9.990e-29
      5.478  39.820729    16.0702      5.572       2814 8.1805e-01    243.951    5.58755    55.2620     1.8600 5.5122e+02     3.9211     0.1800     2.9675     0.2727     3.8413     0.0000  1022.9335    22.9089      5.534    5.69343    16.0693    31.3271    1505.86    494.372    494.431 -9.990e-29
      5.440  39.820384    16.0697      5.518       2815 8.2449e-01    243.863    5.58552    55.2620     1.8593 5.5596e+02     3.9220     0.1800     2.9670     0.2748     3.8451     0.0000  1022.9335    22.9091      5.480    5.69349    16.0689    31.3272    1505.86    494.351    494.412 -9.990e-29
      5.388  39.820071    16.0693      5.475       2816 8.2562e-01    243.765    5.58329    55.2620     1.8606 5.6275e+02     3.9235     0.1800     2.9666     0.2752     3.8504     0.0000  1022.9334    22.9093      5.438    5.69353    16.0685    31.3273    1505.86    494.338    494.400 -9.990e-29
      5.324  39.819778    16.0687      5.389       2817 8.2352e-01    243.682    5.58139    55.2620     1.8626 5.7245e+02     3.9249     0.1801     2.9663     0.2745     3.8579     0.0000  1022.9333    22.9096      5.352    5.69359    16.0679    31.3275    1505.86    494.305    494.369 -9.990e-29
      5.252  39.819480    16.0682      5.282       2818 8.2098e-01    243.634    5.58028    55.2620     1.8632 5.8280e+02     3.9257     0.1802     2.9662     0.2737     3.8657     0.0000  1022.9331    22.9098      5.246    5.69364    16.0674    31.3277    1505.85    494.278    494.346 -9.990e-29
      5.179  39.819162    16.0679      5.185       2819 8.1786e-01    243.617    5.57990    55.2620     1.8631 5.9160e+02     3.9261     0.1802     2.9662     0.2726     3.8723     0.0000  1022.9327    22.9099      5.150    5.69368    16.0671    31.3277    1505.85    494.270    494.340 -9.990e-29
      5.110  39.818817    16.0675      5.121       2820 8.1582e-01    243.633    5.58026    55.2620     1.8639 5.9996e+02     3.9258     0.1802     2.9663     0.2720     3.8784     0.0000  1022.9326    22.9100      5.086    5.69372    16.0667    31.3277    1505.85    494.257    494.329 -9.990e-29
      5.049  39.818454    16.0670      5.013       2821 8.1577e-01    243.698    5.58176    55.2620     1.8651 6.0969e+02     3.9247     0.1803     2.9666     0.2719     3.8853     0.0001  1022.9323    22.9102      4.979    5.69377    16.0662    31.3278    1505.85    494.235    494.309 0.0000e+00
      5.002  39.818085    16.0665      4.960       2822 8.1679e-01    243.814    5.58443    55.2620     1.8656 6.2085e+02     3.9233     0.1803     2.9671     0.2723     3.8932     0.0001  1022.9322    22.9104      4.926    5.69383    16.0657    31.3279    1505.84    494.217    494.292 0.0000e+00
      4.972  39.817755    16.0660      4.927       2823 8.1856e-01    243.958    5.58771    55.2620     1.8647 6.3109e+02     3.9224     0.1803     2.9678     0.2728     3.9003     0.0002  1022.9323    22.9106      4.893    5.69388    16.0652    31.3280    1505.84    494.197    494.273 0.0000e+00
      4.960  39.817636    16.0660      4.906       2824 8.2165e-01    244.100    5.59096    55.2620     1.8628 6.3904e+02     3.9224     0.1802     2.9685     0.2739     3.9058     0.0002  1022.9321    22.9105      4.873    5.69388    16.0652    31.3279    1505.84    494.203    494.280 0.0000e+00
      4.967  39.817873    16.0671      4.917       2825 8.2218e-01    244.217    5.59365    55.2620     1.8614 6.4336e+02     3.9234     0.1801     2.9691     0.2741     3.9086     0.0002  1022.9314    22.9097      4.883    5.69378    16.0663    31.3273    1505.84    494.276    494.352 -9.990e-29
      4.991  39.818303    16.0687      4.981       2826 8.1627e-01    244.299    5.59551    55.2620     1.8621 6.4055e+02     3.9248     0.1801     2.9695     0.2721     3.9066     0.0002  1022.9307    22.9087      4.947    5.69363    16.0679    31.3264    1505.85    494.378    494.453 -9.990e-29
      5.026  39.818603    16.0693      5.035       2827 8.0929e-01    244.344    5.59654    55.2620     1.8654 6.3178e+02     3.9260     0.1803     2.9698     0.2698     3.9005     0.0002  1022.9306    22.9084      5.001    5.69357    16.0685    31.3261    1505.85    494.409    494.483 -9.990e-29
      5.069  39.818580    16.0686      5.057       2828 8.0644e-01    244.354    5.59678    55.2620     1.8685 6.2332e+02     3.9267     0.1804     2.9699     0.2688     3.8945     0.0002  1022.9312    22.9089      5.023    5.69363    16.0678    31.3267    1505.85    494.356    494.429 -9.990e-29
      5.119  39.818315    16.0677      5.121       2829 8.0646e-01    244.332    5.59627    55.2620     1.8700 6.1430e+02     3.9268     0.1805     2.9699     0.2688     3.8880     0.0002  1022.9321    22.9095      5.086    5.69372    16.0669    31.3271    1505.85    494.305    494.377 -9.990e-29
      5.176  39.817995    16.0665      5.196       2830 8.0823e-01    244.293    5.59538    55.2620     1.8713 5.9972e+02     3.9261     0.1806     2.9700     0.2694     3.8774     0.0001  1022.9332    22.9103      5.161    5.69383    16.0657    31.3278    1505.85    494.235    494.304 -9.990e-29
      5.235  39.817756    16.0650      5.261       2831 8.1315e-01    244.256    5.59453    55.2620     1.8734 5.8516e+02     3.9243     0.1807     2.9700     0.2710     3.8668     0.0001  1022.9345    22.9113      5.225    5.69397    16.0642    31.3287    1505.85    494.135    494.203 -9.990e-29
      5.295  39.817795    16.0645      5.325       2832 8.2164e-01    244.214    5.59358    55.2620     1.8766 5.7906e+02     3.9214     0.1809     2.9700     0.2739     3.8626     0.0001  1022.9352    22.9117      5.289    5.69401    16.0637    31.3291    1505.85    494.096    494.162 -9.990e-29
      5.354  39.818348    16.0663      5.411       2833 8.3116e-01    244.157    5.59228    55.2620     1.8828 5.8009e+02     3.9171     0.1812     2.9698     0.2770     3.8636     0.0001  1022.9345    22.9106      5.374    5.69384    16.0655    31.3281    1505.85    494.208    494.271 -9.990e-29
      5.409  39.819399    16.0688      5.444       2834 8.3893e-01    244.087    5.59068    55.2620     1.8924 5.8313e+02     3.9108     0.1818     2.9695     0.2796     3.8660     0.0001  1022.9332    22.9092      5.407    5.69359    16.0680    31.3271    1505.86    494.340    494.403 -9.990e-29
      5.458  39.820576    16.0704      5.540       2835 8.4349e-01    244.009    5.58888    55.2620     1.8984 5.8381e+02     3.9009     0.1821     2.9691     0.2811     3.8665     0.0002  1022.9331    22.9087      5.502    5.69342    16.0695    31.3268    1505.86    494.396    494.456 -9.990e-29
      5.496  39.821644    16.0719      5.604       2836 8.4424e-01    243.925    5.58696    55.2620     1.8954 5.7988e+02     3.8895     0.1819     2.9687     0.2814     3.8635     0.0002  1022.9328    22.9081      5.566    5.69326    16.0710    31.3265    1505.87    494.449    494.508 -9.990e-29
      5.515  39.822653    16.0734      5.626       2837 8.4129e-01    243.841    5.58503    55.2620     1.8888 5.7456e+02     3.8834     0.1815     2.9682     0.2804     3.8594     0.0002  1022.9324    22.9076      5.588    5.69310    16.0725    31.3262    1505.87    494.504    494.562 -9.990e-29
      5.514  39.823586    16.0748      5.626       2838 8.3500e-01    243.765    5.58330    55.2620     1.8838 5.7129e+02     3.8861     0.1813     2.9679     0.2783     3.8567     0.0002  1022.9318    22.9070      5.588    5.69295    16.0739    31.3260    1505.88    494.555    494.613 -9.990e-29
      5.494  39.824327    16.0753      5.593       2839 8.2626e-01    243.720    5.58226    55.2620     1.8810 5.7332e+02     3.8943     0.1811     2.9677     0.2754     3.8579     0.0001  1022.9318    22.9071      5.555    5.69289    16.0744    31.3262    1505.88    494.545    494.604 -9.990e-29
      5.458  39.824849    16.0747      5.529       2840 8.1384e-01    243.716    5.58216    55.2620     1.8806 5.8464e+02     3.9025     0.1811     2.9677     0.2713     3.8662     0.0001  1022.9324    22.9080      5.491    5.69292    16.0739    31.3272    1505.88    494.461    494.521 -9.990e-29
      5.410  39.825386    16.0738      5.486       2841 7.9531e-01    243.748    5.58289    55.2620     1.8820 5.9882e+02     3.9090     0.1812     2.9678     0.2651     3.8766     0.0001  1022.9333    22.9091      5.449    5.69298    16.0730    31.3284    1505.88    494.353    494.415 -9.990e-29
      5.353  39.826398    16.0748      5.399       2842 7.7303e-01    243.809    5.58430    55.2620     1.8829 6.0557e+02     3.9144     0.1812     2.9680     0.2577     3.8817     0.0001  1022.9328    22.9090      5.362    5.69287    16.0740    31.3285    1505.88    494.362    494.426 -9.990e-29
      5.292  39.828231    16.0777      5.313       2843 7.4902e-01    243.891    5.58617    55.2620     1.8813 6.0800e+02     3.9182     0.1812     2.9684     0.2497     3.8836     0.0000  1022.9313    22.9078      5.277    5.69256    16.0769    31.3279    1505.88    494.470    494.536 -9.990e-29
      5.229  39.830691    16.0810      5.270       2844 7.2522e-01    243.982    5.58826    55.2620     1.8789 6.1544e+02     3.9203     0.1810     2.9688     0.2417     3.8888     0.0000  1022.9300    22.9068      5.234    5.69220    16.0802    31.3274    1505.89    494.570    494.638 -9.990e-29
      5.166  39.833239    16.0836      5.184       2845 7.0560e-01    244.078    5.59045    55.2620     1.8787 6.2722e+02     3.9212     0.1810     2.9693     0.2352     3.8971     0.0000  1022.9292    22.9063      5.149    5.69190    16.0828    31.3276    1505.90    494.608    494.678 -9.990e-29
