inst/extdata/initial_example/raw/ctd/Cnv/C285C-007-HC.cnv
* Sea-Bird SBE19plus Data File:
* FileName = C:\Data\CTD\Hex\C285C-007-HC.hex
* Software Version 1.24
* Temperature SN =  4447
* Conductivity SN =  4447
* System UpLoad Time = Jun 15 2019 16:36:39
** Station = C285C-007-HC
** NMEA (UTC) Time = 15:13
** NMEA Latitude = 41 28.2 N
** NMEA Longitude = 70 55.6
** Bottom Depth = 26.28
** Date = 15 June 2019
** Chief Scientist = Ben Harden
** General Locale = 
** C:\Data\CTD\Hex\4447201903_Tx0_CDOM1_DO2_Chl3_PAR4.con
** 4447 CTD 	Instrument	S/N	DWG #
** Voltage 0	Transmiss	CST-779PR	X
** Voltage 1	CDOM	WSCD-1258ad	X
** Voltage 2	DO	3328	x
** Voltage 3	Chl-a	SCF-3149	x
** Voltage 4	PAR	70187	x
** Voltage 5	Free	x	x
** 
# nquan = 27                                
# nvalues = 2996                        
# units = specified
# name 0 = depSM: Depth [salt water, m]
# name 1 = c0mS/cm: Conductivity [mS/cm]
# name 2 = tv290C: Temperature [ITS-90, deg C]
# name 3 = prdM: Pressure, Strain Gauge [db]
# name 4 = scan: Scan Count
# name 5 = flSP: Fluorescence, Seapoint
# name 6 = sbeox0Mm/Kg: Oxygen, SBE 43 [umol/Kg]
# name 7 = sbeox0ML/L: Oxygen, SBE 43 [ml/l]
# name 8 = bat: Beam Attenuation, Chelsea/Seatech/Wetlab CStar [1/m]
# name 9 = wetCDOM: Fluorescence, Wetlab CDOM [mg/m^3]
# name 10 = par: PAR/Irradiance, Biospherical/Licor
# name 11 = v0: Voltage 0
# name 12 = v1: Voltage 1
# name 13 = v2: Voltage 2
# name 14 = v3: Voltage 3
# name 15 = v4: Voltage 4
# name 16 = v5: Voltage 5
# name 17 = density00: Density [density, Kg/m^3]
# name 18 = sigma-é00: Density [sigma-theta, Kg/m^3]
# name 19 = depSM: Depth [salt water, m], lat = 30
# name 20 = oxsatML/L: Oxygen Saturation [ml/l]
# name 21 = potemp090C: Potential Temperature [ITS-90, deg C]
# name 22 = sal00: Salinity [PSU]
# name 23 = svCM: Sound Velocity [Chen-Millero, m/s]
# name 24 = sva: Specific Volume Anomaly [10^-8 * m^3/Kg]
# name 25 = tsa: Thermosteric Anomaly [10^-8 * m^3/Kg]
# name 26 = flag: flag
# span 0 =      0.113,     23.087       
# span 1 =   0.002245,  40.863508       
# span 2 =    15.9267,    19.0320       
# span 3 =      0.093,     23.321       
# span 4 =          1,       2996       
# span 5 = 4.9971e-03, 2.0970e+00       
# span 6 =    177.441,    298.921       
# span 7 =    4.06423,    6.82068       
# span 8 =    55.2620,    55.2620       
# span 9 =    -1.4880,     3.0580       
# span 10 = 4.5419e-02, 4.5037e+03      
# span 11 =     0.3371,     4.5799      
# span 12 =     0.0000,     0.2444      
# span 13 =     2.3395,     3.2919      
# span 14 =     0.0016,     0.6990      
# span 15 =     0.2033,     4.7541      
# span 16 =     0.0000,     0.0003      
# span 17 =   998.4084,  1023.1525      
# span 18 =    -1.5922,    23.0709      
# span 19 =      0.092,     23.161      
# span 20 =    5.59424,    6.77606      
# span 21 =    15.9232,    19.0320      
# span 22 =     0.0096,    31.7214      
# span 23 =    1472.49,    1508.65      
# span 24 =    478.914,   2893.274      
# span 25 =    478.960,   2893.479      
# span 26 = 0.0000e+00, 0.0000e+00      
# interval = seconds: 0.25                        
# start_time = Jun 15 2019 08:08:48
# bad_flag = -9.990e-29
*END*
[from data line 591]
      0.148   1.062923    18.6058      0.142        592 3.8690e-02    286.064    6.39910    55.2620     3.0425 4.3516e+03     2.2611     0.2436     2.9724     0.0129     4.7393 4.4790e-07   998.9481    -1.0526      0.141    6.50884    18.6058     0.6058    1478.71   2839.161   2839.367 -9.990e-29
      0.155   1.770057    18.6048      0.142        593 2.6941e-02    285.329    6.38494    55.2620     3.0461 4.3560e+03     2.2784     0.2438     2.9722     0.0090     4.7398 2.6874e-07   999.2750    -0.7256      0.141    6.49242    18.6048     1.0329    1479.20   2806.412   2806.617 -9.990e-29
      0.167   2.948616    18.5759      0.142        594 2.0638e-02    284.151    6.36239    55.2620     3.0499 4.3615e+03     2.2908     0.2440     2.9721     0.0069     4.7403 1.6124e-07   999.8435    -0.1572      0.141    6.46774    18.5759     1.7698    1479.96   2749.513   2749.718 -9.990e-29
      0.185   4.912879    18.1069      0.142        595 1.6359e-02    282.209    6.32528    55.2620     3.0514 4.3660e+03     2.3017     0.2441     2.9721     0.0054     4.7408 9.6747e-08  1000.9316     0.9309      0.141    6.47913    18.1069     3.0774    1479.98   2640.789   2640.994 -9.990e-29
      0.211   7.626390    17.5785      0.196        596 1.3223e-02    279.648    6.27683    55.2620     3.0491 4.3689e+03     2.2859     0.2439     2.9722     0.0044     4.7411 5.8049e-08  1002.4890     2.4881      0.195    6.47511    17.5785     4.9878    1480.47   2485.601   2485.806 -9.990e-29
      0.241  10.059126    17.2246      0.250        597 1.0652e-02    277.880    6.24547    55.2620     3.0427 4.3710e+03     2.1827     0.2436     2.9730     0.0036     4.7412 3.4829e-08  1003.9185     3.9173      0.248    6.45267    17.2246     6.7749    1481.38   2343.593   2343.798 -9.990e-29
      0.269  11.141746    17.0565      0.303        598 9.4416e-03    278.241    6.25763    55.2620     3.0371 4.3721e+03     1.9365     0.2433     2.9753     0.0032     4.7413 2.0897e-08  1004.5759     4.5746      0.301    6.44310    17.0565     7.5954    1481.77   2278.422   2278.627 -9.990e-29
      0.289  11.134762    16.9937      0.346        599 1.0749e-02    280.190    6.30185    55.2620     3.0358 4.3712e+03     1.6044     0.2432     2.9793     0.0036     4.7412 1.2538e-08  1004.5930     4.5915      0.344    6.45120    16.9937     7.6020    1481.58   2276.748   2276.953 -9.990e-29
      0.299  11.491661    16.9420      0.336        600 1.4923e-02    281.628    6.33581    55.2620     3.0395 4.3672e+03     1.3433     0.2434     2.9850     0.0050     4.7406 7.5230e-09  1004.8111     4.8096      0.334    6.44744    16.9420     7.8753    1481.72   2255.139   2255.344 -9.990e-29
      0.300  13.282975    16.8933      0.303        601 2.3076e-02    280.962    6.32743    55.2620     3.0426 4.3596e+03     1.2063     0.2436     2.9918     0.0077     4.7396 4.5138e-09  1005.8461     5.8448      0.301    6.40168    16.8933     9.2212    1483.10   2152.716   2152.920 -9.990e-29
      0.300  15.570583    16.9113      0.271        602 3.7383e-02    279.447    6.30165    55.2620     3.0417 4.3468e+03     1.1547     0.2435     2.9990     0.0125     4.7380 2.7083e-09  1007.1593     7.1581      0.269    6.33288    16.9113    10.9490    1485.13   2023.072   2023.276 -9.990e-29
      0.311  17.521754    17.0330      0.207        603 5.5830e-02    278.591    6.28957    55.2620     3.0407 4.3256e+03     1.1702     0.2435     3.0092     0.0186     4.7353 1.6250e-09  1008.2483     8.2474      0.206    6.26166    17.0330    12.4101    1487.19   1915.803   1916.006 -9.990e-29
      0.346  20.654491    17.0212      0.217        604 7.4715e-02    276.899    6.26288    55.2620     3.0398 4.2909e+03     1.2549     0.2434     3.0269     0.0249     4.7308 9.7499e-10  1010.1095    10.1085      0.216    6.17163    17.0212    14.8498    1489.93   1733.062   1733.265 -9.990e-29
      0.406  25.326482    16.9451      0.346        605 1.0211e-01    274.853    6.23408    55.2620     3.0368 4.2349e+03     1.4313     0.2433     3.0583     0.0341     4.7235 5.8499e-10  1012.9809    12.9793      0.344    6.04297    16.9450    18.5954    1493.95   1452.500   1452.700 -9.990e-29
      0.487  29.330297    16.8931      0.422        606 1.5394e-01    276.665    6.29071    55.2620     3.0310 4.1415e+03     1.6636     0.2430     3.1089     0.0513     4.7113 3.5099e-10  1015.4967    15.4948      0.419    5.93057    16.8930    21.8778    1497.53   1207.964   1208.161 -9.990e-29
      0.580  31.423606    16.8721      0.594        607 2.4683e-01    283.577    6.45630    55.2620     3.0237 3.9786e+03     1.8472     0.2426     3.1721     0.0823     4.6903 2.1060e-10  1016.8305    16.8279      0.590    5.87105    16.8720    23.6174    1499.45   1078.868   1079.062 -9.990e-29
      0.672  32.263610    16.9316      0.744        608 3.7623e-01    292.181    6.65564    55.2620     3.0180 3.7052e+03     1.9480     0.2423     3.2298     0.1254     4.6551 1.2636e-10  1017.3241    17.3208      0.739    5.84068    16.9315    24.2795    1500.39   1031.222   1031.412 -9.990e-29
      0.751  33.258981    16.9609      0.820        609 5.0051e-01    297.945    6.79111    55.2620     3.0145 3.3380e+03     2.0172     0.2421     3.2690     0.1669     4.6065 7.5824e-11  1017.9376    17.9340      0.814    5.80877    16.9608    25.0904    1501.40    972.011    972.199 -9.990e-29
      0.815  34.968813    16.9328      0.863        610 5.8867e-01    298.921    6.82068    55.2620     3.0124 2.9820e+03     2.1219     0.2420     3.2879     0.1962     4.5569 4.5504e-11  1019.0524    19.0486      0.857    5.76136    16.9327    26.5403    1502.97    864.566    864.752 -9.990e-29
      0.868  36.606183    16.8756      0.906        611 6.4450e-01    296.616    6.77512    55.2620     3.0117 2.7265e+03     2.3143     0.2420     3.2919     0.2148     4.5190 2.7319e-11  1020.1524    20.1484      0.900    5.71860    16.8755    27.9612    1504.42    758.777    758.960 -9.990e-29
      0.912  37.737431    16.8199      0.938        612 6.7692e-01    292.516    6.68634    55.2620     3.0104 2.5687e+03     2.5615     0.2419     3.2882     0.2256     4.4933 1.6419e-11  1020.9314    20.9273      0.932    5.69038    16.8198    28.9624    1505.39    683.988    684.170 -9.990e-29
      0.951  38.523839    16.7743      0.981        613 6.9049e-01    287.011    6.56392    55.2620     3.0067 2.4282e+03     2.7611     0.2417     3.2808     0.2302     4.4664 9.8969e-12  1021.4821    21.4778      0.974    5.67127    16.7741    29.6677    1506.06    631.202    631.382 -9.990e-29
      0.983  39.063918    16.7402      1.002        614 6.9029e-01    280.587    6.41941    55.2620     3.0027 2.2157e+03     2.8822     0.2414     3.2703     0.2301     4.4223 6.0142e-12  1021.8644    21.8599      0.995    5.65835    16.7400    30.1564    1506.51    594.595    594.773 0.0000e+00
      1.015  39.429480    16.7171      0.992        615 6.8070e-01    274.132    6.27340    55.2620     3.0008 1.9437e+03     2.9572     0.2413     3.2574     0.2269     4.3633 3.7353e-12  1022.1238    22.1195      0.985    5.64958    16.7169    30.4882    1506.82    569.745    569.924 -9.990e-29
      1.050  39.680198    16.7018      1.035        616 6.6299e-01    268.712    6.15055    55.2620     3.0008 1.7119e+03     3.0047     0.2413     3.2444     0.2210     4.3108 2.4524e-12  1022.3020    22.2974      1.028    5.64351    16.7016    30.7158    1507.04    552.715    552.893 0.0000e+00
      1.092  39.857664    16.6947      1.056        617 6.3665e-01    264.903    6.06422    55.2620     3.0008 1.5585e+03     3.0349     0.2413     3.2335     0.2122     4.2747 1.8236e-12  1022.4252    22.4206      1.049    5.63889    16.6945    30.8743    1507.20    540.937    541.114 0.0000e+00
      1.143  39.987106    16.6922      1.121        618 6.1748e-01    262.635    6.01292    55.2620     2.9995 1.4458e+03     3.0546     0.2412     3.2254     0.2058     4.2460 1.6810e-12  1022.5132    22.5082      1.113    5.63530    16.6920    30.9879    1507.32    532.552    532.727 0.0000e+00
      1.200  40.083012    16.6843      1.196        619 6.2396e-01    261.534    5.98818    55.2620     2.9991 1.3619e+03     3.0681     0.2412     3.2198     0.2080     4.2228 1.9866e-12  1022.5835    22.5782      1.188    5.63314    16.6841    31.0769    1507.40    525.863    526.035 0.0000e+00
      1.261  40.153113    16.6719      1.271        620 6.4305e-01    261.234    5.98165    55.2620     3.0018 1.3267e+03     3.0766     0.2414     3.2164     0.2144     4.2134 2.8221e-12  1022.6404    22.6348      1.262    5.63213    16.6717    31.1470    1507.44    520.450    520.620 0.0000e+00
      1.321  40.203556    16.6573      1.336        621 6.5796e-01    261.315    5.98377    55.2620     3.0054 1.3507e+03     3.0815     0.2416     3.2132     0.2193     4.2227 4.4101e-12  1022.6862    22.6803      1.327    5.63188    16.6571    31.2020    1507.46    516.105    516.273 0.0000e+00
      1.377  40.240292    16.6416      1.433        622 6.6811e-01    261.157    5.98036    55.2620     3.0069 1.4092e+03     3.0840     0.2417     3.2065     0.2227     4.2427 7.1741e-12  1022.7239    22.7176      1.423    5.63212    16.6414    31.2459    1507.47    512.541    512.707 0.0000e+00
      1.423  40.268733    16.6302      1.476        623 6.7462e-01    260.240    5.95954    55.2620     3.0057 1.4702e+03     3.0853     0.2416     3.1940     0.2249     4.2624 1.1851e-11  1022.7524    22.7459      1.466    5.63225    16.6300    31.2794    1507.47    509.838    510.002 0.0000e+00
      1.460  40.293599    16.6236      1.486        624 6.7833e-01    258.365    5.91674    55.2620     3.0028 1.5274e+03     3.0859     0.2415     3.1764     0.2261     4.2798 1.9689e-11  1022.7744    22.7679      1.476    5.63207    16.6234    31.3061    1507.48    507.738    507.903 0.0000e+00
      1.490  40.317270    16.6227      1.519        625 6.8129e-01    255.466    5.85047    55.2620     3.0003 1.5662e+03     3.0860     0.2413     3.1541     0.2271     4.2912 3.2776e-11  1022.7910    22.7843      1.509    5.63145    16.6225    31.3273    1507.50    506.166    506.329 0.0000e+00
      1.517  40.339503    16.6238      1.529        626 6.8607e-01    251.459    5.75883    55.2620     2.9980 1.5769e+03     3.0858     0.2412     3.1263     0.2287     4.2939 5.4605e-11  1022.8049    22.7982      1.519    5.63070    16.6236    31.3457    1507.53    504.842    505.005 0.0000e+00
      1.543  40.359899    16.6280      1.529        627 6.9139e-01    246.102    5.63623    55.2620     2.9945 1.5860e+03     3.0855     0.2410     3.0908     0.2305     4.2953 9.0994e-11  1022.8150    22.8082      1.519    5.62974    16.6278    31.3601    1507.56    503.880    504.043 -9.990e-29
      1.573  40.379054    16.6311      1.562        628 6.9703e-01    240.072    5.49820    55.2620     2.9898 1.5854e+03     3.0849     0.2408     3.0521     0.2323     4.2942 1.5165e-10  1022.8253    22.8184      1.551    5.62892    16.6309    31.3742    1507.58    502.911    503.073 0.0000e+00
      1.607  40.397060    16.6347      1.605        629 7.0458e-01    235.169    5.38598    55.2620     2.9829 1.5423e+03     3.0842     0.2404     3.0225     0.2348     4.2828 2.5274e-10  1022.8344    22.8273      1.594    5.62808    16.6344    31.3870    1507.61    502.056    502.217 0.0000e+00
      1.644  40.413139    16.6329      1.648        630 7.1295e-01    232.015    5.31379    55.2620     2.9706 1.4893e+03     3.0837     0.2397     3.0029     0.2376     4.2689 4.2123e-10  1022.8468    22.8395      1.637    5.62776    16.6326    31.4023    1507.62    500.894    501.054 0.0000e+00
      1.682  40.426391    16.6301      1.701        631 7.2374e-01    230.149    5.27112    55.2620     2.9476 1.4478e+03     3.0836     0.2385     2.9875     0.2412     4.2573 7.0205e-10  1022.8581    22.8506      1.689    5.62761    16.6298    31.4160    1507.63    499.834    499.992 0.0000e+00
      1.719  40.436784    16.6282      1.734        632 7.3766e-01    229.470    5.25560    55.2620     2.9068 1.4052e+03     3.0838     0.2363     2.9756     0.2459     4.2443 1.1701e-09  1022.8667    22.8591      1.722    5.62746    16.6279    31.4264    1507.64    499.025    499.183 0.0000e+00
      1.756  40.445356    16.6280      1.744        633 7.5252e-01    229.802    5.26324    55.2620     2.8385 1.3811e+03     3.0842     0.2326     2.9667     0.2508     4.2367 1.9501e-09  1022.8726    22.8650      1.732    5.62723    16.6277    31.4340    1507.64    498.465    498.623 0.0000e+00
      1.796  40.452675    16.6290      1.787        634 7.6628e-01    230.674    5.28324    55.2620     2.7239 1.3716e+03     3.0849     0.2265     2.9582     0.2554     4.2337 3.2502e-09  1022.8768    22.8690      1.775    5.62693    16.6287    31.4396    1507.65    498.082    498.238 0.0000e+00
      1.841  40.458242    16.6306      1.820        635 7.7733e-01    231.591    5.30425    55.2620     2.5623 1.3478e+03     3.0860     0.2178     2.9488     0.2591     4.2266 5.4171e-09  1022.8793    22.8713      1.808    5.62663    16.6303    31.4431    1507.66    497.857    498.013 0.0000e+00
      1.895  40.461919    16.6319      1.852        636 7.8545e-01    232.120    5.31638    55.2620     2.3971 1.3167e+03     3.0871     0.2089     2.9385     0.2618     4.2170 9.0285e-09  1022.8808    22.8727      1.839    5.62641    16.6316    31.4453    1507.67    497.729    497.883 0.0000e+00
      1.961  40.464771    16.6320      1.906        637 7.9015e-01    232.168    5.31749    55.2620     2.2704 1.2843e+03     3.0871     0.2021     2.9293     0.2634     4.2062 1.5047e-08  1022.8829    22.8745      1.893    5.62632    16.6317    31.4476    1507.67    497.558    497.711 0.0000e+00
      2.043  40.467719    16.6291      2.002        638 7.9146e-01    232.021    5.31413    55.2620     2.1885 1.2485e+03     3.0853     0.1977     2.9223     0.2638     4.1935 2.5079e-08  1022.8876    22.8788      1.988    5.62648    16.6288    31.4524    1507.67    497.146    497.296 0.0000e+00
      2.137  40.470778    16.6255      2.110        639 7.9029e-01    231.814    5.30940    55.2620     2.1377 1.2090e+03     3.0824     0.1949     2.9163     0.2634     4.1786 4.1798e-08  1022.8931    22.8838      2.096    5.62669    16.6252    31.4579    1507.67    496.672    496.819 0.0000e+00
      2.238  40.473996    16.6207      2.271        640 7.8833e-01    231.435    5.30074    55.2620     2.1059 1.1508e+03     3.0795     0.1932     2.9098     0.2628     4.1562 6.9664e-08  1022.8999    22.8899      2.256    5.62700    16.6203    31.4644    1507.67    496.095    496.238 0.0000e+00
      2.335  40.477504    16.6157      2.411        641 7.8885e-01    230.893    5.28836    55.2620     2.0870 1.0801e+03     3.0770     0.1922     2.9025     0.2629     4.1284 1.1611e-07  1022.9070    22.8964      2.395    5.62732    16.6153    31.4713    1507.66    495.482    495.622 0.0000e+00
      2.418  40.481164    16.6112      2.508        642 7.9237e-01    230.312    5.27507    55.2620     2.0772 1.0173e+03     3.0742     0.1917     2.8950     0.2641     4.1028 1.9351e-07  1022.9136    22.9025      2.491    5.62759    16.6108    31.4780    1507.66    494.898    495.034 0.0000e+00
      2.483  40.484907    16.6078      2.561        643 7.9579e-01    229.727    5.26170    55.2620     2.0725 9.6353e+02     3.0710     0.1914     2.8874     0.2652     4.0797 3.2252e-07  1022.9191    22.9078      2.544    5.62777    16.6074    31.4839    1507.65    494.392    494.528 0.0000e+00
      2.530  40.488716    16.6052      2.636        644 7.9816e-01    229.060    5.24646    55.2620     2.0683 9.1481e+02     3.0680     0.1912     2.8796     0.2660     4.0577 5.3753e-07  1022.9241    22.9125      2.618    5.62788    16.6048    31.4892    1507.65    493.948    494.081 0.0000e+00
