inst/extdata/initial_example/raw/ctd/Cnv/C285C-004-HC.cnv
* Sea-Bird SBE19plus Data File:
* FileName = C:\Data\CTD\Hex\C285C-004-HC.hex
* Software Version 1.24
* Temperature SN =  4447
* Conductivity SN =  4447
* System UpLoad Time = Jun 14 2019 19:45:00
** Station = C285C-004-HC
** NMEA (UTC) Time = 18:35
** NMEA Latitude = 41 17.0 N
** NMEA Longitude = 71 30.0 W
** Bottom Depth = 46
** Date = 14 June 2019
** Chief Scientist = Ben Harden
** General Locale = 
** C:\Data\CTD\Hex\4447201903_Tx0_CDOM1_DO2_Chl3_PAR4.con
** 4447 CTD 	Instrument	S/N	DWG #
** Voltage 0	Transmiss	CST-779PR	X
** Voltage 1	CDOM	WSCD-1258ad	X
** Voltage 2	DO	3328	x
** Voltage 3	Chl-a	SCF-3149	x
** Voltage 4	PAR	70187	x
** Voltage 5	Free	x	x
** 
# nquan = 27                                
# nvalues = 3422                        
# units = specified
# name 0 = depSM: Depth [salt water, m]
# name 1 = c0mS/cm: Conductivity [mS/cm]
# name 2 = tv290C: Temperature [ITS-90, deg C]
# name 3 = prdM: Pressure, Strain Gauge [db]
# name 4 = scan: Scan Count
# name 5 = flSP: Fluorescence, Seapoint
# name 6 = sbeox0Mm/Kg: Oxygen, SBE 43 [umol/Kg]
# name 7 = sbeox0ML/L: Oxygen, SBE 43 [ml/l]
# name 8 = bat: Beam Attenuation, Chelsea/Seatech/Wetlab CStar [1/m]
# name 9 = wetCDOM: Fluorescence, Wetlab CDOM [mg/m^3]
# name 10 = par: PAR/Irradiance, Biospherical/Licor
# name 11 = v0: Voltage 0
# name 12 = v1: Voltage 1
# name 13 = v2: Voltage 2
# name 14 = v3: Voltage 3
# name 15 = v4: Voltage 4
# name 16 = v5: Voltage 5
# name 17 = density00: Density [density, Kg/m^3]
# name 18 = sigma-é00: Density [sigma-theta, Kg/m^3]
# name 19 = depSM: Depth [salt water, m], lat = 30
# name 20 = oxsatML/L: Oxygen Saturation [ml/l]
# name 21 = potemp090C: Potential Temperature [ITS-90, deg C]
# name 22 = sal00: Salinity [PSU]
# name 23 = svCM: Sound Velocity [Chen-Millero, m/s]
# name 24 = sva: Specific Volume Anomaly [10^-8 * m^3/Kg]
# name 25 = tsa: Thermosteric Anomaly [10^-8 * m^3/Kg]
# name 26 = flag: flag
# span 0 =      0.052,     40.602       
# span 1 =   0.239826,  39.880992       
# span 2 =    12.7406,    18.8183       
# span 3 =      0.024,     40.890       
# span 4 =          1,       3422       
# span 5 = 6.4727e-03, 1.2403e+00       
# span 6 =    194.570,    296.324       
# span 7 =    4.45600,    6.78727       
# span 8 =    55.2620,    55.2620       
# span 9 =    -1.0987,     4.1202       
# span 10 = 5.3277e-02, 5.4540e+03      
# span 11 =     0.3530,     4.2282      
# span 12 =     0.0209,     0.3015      
# span 13 =     2.3426,     3.3589      
# span 14 =     0.0022,     0.4134      
# span 15 =     0.2300,     4.8372      
# span 16 =     0.0000,     0.0004      
# span 17 =   998.5488,  1024.2266      
# span 18 =    -1.4515,    24.0453      
# span 19 =      0.024,     40.608      
# span 20 =    5.68531,    6.85542      
# span 21 =    12.7353,    18.8183      
# span 22 =     0.1322,    31.9106      
# span 23 =    1470.59,    1506.01      
# span 24 =    386.718,   2879.154      
# span 25 =    386.030,   2879.359      
# span 26 = 0.0000e+00, 0.0000e+00      
# interval = seconds: 0.25                        
# start_time = Jun 14 2019 11:31:20
# bad_flag = -9.990e-29
*END*
[from data line 2202]
     30.864  38.905092    14.5376     30.917       2203 6.8546e-01    253.782    5.81642    55.2620     1.6686 2.9370e+00     3.6241     0.1697     2.9914     0.2285     1.5802     0.0003  1023.6892    23.5521     30.704    5.85760    14.5332    31.7313    1501.90    433.622    433.072 -9.990e-29
     30.884  38.909952    14.5456     31.003       2204 6.9386e-01    253.825    5.81741    55.2620     1.6701 2.9360e+00     3.6368     0.1698     2.9914     0.2313     1.5802     0.0004  1023.6862    23.5488     30.790    5.85672    14.5412    31.7291    1501.92    433.943    433.391 -9.990e-29
     30.920  38.913825    14.5509     31.068       2205 7.0414e-01    253.866    5.81835    55.2620     1.6710 2.9335e+00     3.6476     0.1698     2.9915     0.2347     1.5799     0.0004  1023.6848    23.5470     30.854    5.85612    14.5464    31.7283    1501.94    434.113    433.559 -9.990e-29
     30.960  38.916383    14.5532     31.154       2206 7.1332e-01    253.917    5.81951    55.2620     1.6706 2.9367e+00     3.6575     0.1698     2.9917     0.2378     1.5803     0.0004  1023.6850    23.5468     30.940    5.85583    14.5487    31.7287    1501.95    434.131    433.575 -9.990e-29
     30.998  38.917760    14.5537     31.197       2207 7.1883e-01    253.998    5.82134    55.2620     1.6687 2.9499e+00     3.6647     0.1697     2.9921     0.2396     1.5822     0.0003  1023.6857    23.5474     30.982    5.85574    14.5492    31.7295    1501.95    434.081    433.524 -9.990e-29
     31.027  38.918244    14.5527     31.272       2208 7.2162e-01    254.112    5.82393    55.2620     1.6655 2.9748e+00     3.6689     0.1695     2.9927     0.2405     1.5856     0.0003  1023.6872    23.5485     31.057    5.85582    14.5482    31.7308    1501.95    433.972    433.414 -9.990e-29
     31.041  38.918222    14.5517     31.294       2209 7.2065e-01    254.227    5.82657    55.2620     1.6624 3.0116e+00     3.6711     0.1694     2.9933     0.2402     1.5908     0.0003  1023.6881    23.5494     31.079    5.85591    14.5472    31.7316    1501.95    433.895    433.336 -9.990e-29
     31.036  38.918004    14.5510     31.273       2210 7.1357e-01    254.289    5.82797    55.2620     1.6617 3.0588e+00     3.6713     0.1693     2.9935     0.2379     1.5973     0.0002  1023.6885    23.5498     31.058    5.85598    14.5465    31.7319    1501.95    433.852    433.293 -9.990e-29
     31.016  38.917709    14.5498     31.230       2211 7.0245e-01    254.285    5.82788    55.2620     1.6625 3.1132e+00     3.6692     0.1694     2.9933     0.2342     1.6047     0.0002  1023.6891    23.5506     31.015    5.85609    14.5453    31.7327    1501.94    433.774    433.216 -9.990e-29
     30.984  38.917423    14.5487     31.208       2212 6.9297e-01    254.242    5.82690    55.2620     1.6622 3.1702e+00     3.6643     0.1694     2.9931     0.2310     1.6124     0.0001  1023.6897    23.5513     30.993    5.85620    14.5442    31.7333    1501.94    433.703    433.146 -9.990e-29
     30.943  38.917308    14.5484     31.133       2213 6.8746e-01    254.163    5.82509    55.2620     1.6606 3.2248e+00     3.6578     0.1693     2.9927     0.2291     1.6197     0.0001  1023.6896    23.5515     30.919    5.85623    14.5439    31.7335    1501.94    433.683    433.128 -9.990e-29
     30.896  38.917491    14.5485     31.069       2214 6.8353e-01    254.035    5.82215    55.2620     1.6594 3.2724e+00     3.6533     0.1692     2.9921     0.2278     1.6260     0.0001  1023.6894    23.5516     30.855    5.85622    14.5440    31.7336    1501.94    433.676    433.122 -9.990e-29
     30.848  38.918003    14.5490     31.015       2215 6.8082e-01    253.859    5.81813    55.2620     1.6577 3.3091e+00     3.6521     0.1691     2.9914     0.2269     1.6308     0.0000  1023.6891    23.5515     30.802    5.85615    14.5446    31.7337    1501.94    433.679    433.126 -9.990e-29
     30.803  38.918872    14.5502     30.950       2216 6.8099e-01    253.663    5.81365    55.2620     1.6549 3.3341e+00     3.6537     0.1690     2.9905     0.2270     1.6341     0.0000  1023.6884    23.5512     30.737    5.85602    14.5458    31.7335    1501.94    433.713    433.162 -9.990e-29
     30.761  38.920082    14.5517     30.929       2217 6.8234e-01    253.484    5.80955    55.2620     1.6526 3.3497e+00     3.6580     0.1688     2.9897     0.2274     1.6361     0.0000  1023.6879    23.5508     30.716    5.85584    14.5473    31.7334    1501.95    433.752    433.201 -9.990e-29
     30.720  38.921536    14.5538     30.897       2218 6.8484e-01    253.344    5.80632    55.2620     1.6510 3.3588e+00     3.6658     0.1687     2.9890     0.2283     1.6372     0.0000  1023.6870    23.5500     30.684    5.85560    14.5494    31.7330    1501.95    433.821    433.271 -9.990e-29
     30.679  38.923165    14.5563     30.865       2219 6.9100e-01    253.252    5.80422    55.2620     1.6495 3.3651e+00     3.6762     0.1687     2.9885     0.2303     1.6380     0.0000  1023.6859    23.5491     30.653    5.85533    14.5519    31.7324    1501.96    433.911    433.362 0.0000e+00
     30.634  38.924933    14.5592     30.843       2220 7.0064e-01    253.211    5.80327    55.2620     1.6483 3.3723e+00     3.6854     0.1686     2.9882     0.2335     1.6389     0.0000  1023.6846    23.5479     30.631    5.85501    14.5548    31.7317    1501.97    434.025    433.476 0.0000e+00
     30.578  38.926728    14.5617     30.822       2221 7.1256e-01    253.200    5.80302    55.2620     1.6471 3.3840e+00     3.6925     0.1685     2.9880     0.2375     1.6404     0.0000  1023.6837    23.5470     30.610    5.85472    14.5573    31.7313    1501.97    434.104    433.556 0.0000e+00
     30.507  38.928352    14.5634     30.736       2222 7.2483e-01    253.204    5.80311    55.2620     1.6456 3.4034e+00     3.6993     0.1685     2.9878     0.2416     1.6428     0.0000  1023.6831    23.5468     30.525    5.85451    14.5590    31.7314    1501.98    434.127    433.581 0.0000e+00
     30.422  38.929722    14.5651     30.628       2223 7.3336e-01    253.224    5.80355    55.2620     1.6444 3.4329e+00     3.7064     0.1684     2.9876     0.2445     1.6464     0.0000  1023.6821    23.5463     30.417    5.85431    14.5607    31.7313    1501.98    434.166    433.623 0.0000e+00
     30.327  38.930920    14.5657     30.543       2224 7.3611e-01    253.252    5.80420    55.2620     1.6443 3.4741e+00     3.7127     0.1684     2.9875     0.2454     1.6513     0.0000  1023.6821    23.5467     30.333    5.85422    14.5613    31.7319    1501.98    434.130    433.588 0.0000e+00
     30.222  38.932095    14.5665     30.425       2225 7.3490e-01    253.255    5.80428    55.2620     1.6455 3.5266e+00     3.7187     0.1685     2.9873     0.2450     1.6576     0.0000  1023.6818    23.5469     30.216    5.85411    14.5621    31.7324    1501.98    434.110    433.571 0.0000e+00
     30.108  38.933417    14.5684     30.285       2226 7.3187e-01    253.208    5.80319    55.2620     1.6475 3.5886e+00     3.7250     0.1686     2.9868     0.2440     1.6650     0.0001  1023.6805    23.5462     30.077    5.85389    14.5641    31.7321    1501.99    434.166    433.631 0.0000e+00
     29.993  38.934909    14.5703     30.145       2227 7.2843e-01    253.133    5.80147    55.2620     1.6493 3.6567e+00     3.7312     0.1687     2.9863     0.2428     1.6729     0.0001  1023.6794    23.5457     29.938    5.85367    14.5660    31.7319    1501.99    434.212    433.680 0.0000e+00
     29.882  38.936464    14.5716     30.005       2228 7.2474e-01    253.049    5.79954    55.2620     1.6512 3.7265e+00     3.7382     0.1688     2.9858     0.2416     1.6810     0.0001  1023.6788    23.5457     29.799    5.85350    14.5673    31.7323    1501.99    434.205    433.676 0.0000e+00
     29.783  38.938104    14.5736     29.877       2229 7.2184e-01    252.949    5.79726    55.2620     1.6520 3.7929e+00     3.7460     0.1688     2.9852     0.2406     1.6885     0.0001  1023.6777    23.5453     29.672    5.85327    14.5693    31.7322    1502.00    434.249    433.723 0.0000e+00
     29.700  38.939891    14.5760     29.791       2230 7.2081e-01    252.839    5.79474    55.2620     1.6488 3.8522e+00     3.7531     0.1686     2.9845     0.2403     1.6952     0.0001  1023.6766    23.5445     29.586    5.85299    14.5717    31.7319    1502.00    434.318    433.794 0.0000e+00
     29.638  38.941692    14.5784     29.705       2231 7.2154e-01    252.735    5.79236    55.2620     1.6439 3.9026e+00     3.7596     0.1684     2.9840     0.2405     1.7008     0.0001  1023.6755    23.5438     29.501    5.85271    14.5741    31.7316    1502.01    434.385    433.864 0.0000e+00
     29.598  38.943329    14.5804     29.673       2232 7.2425e-01    252.661    5.79065    55.2620     1.6416 3.9440e+00     3.7672     0.1682     2.9836     0.2414     1.7054     0.0001  1023.6748    23.5433     29.469    5.85248    14.5761    31.7315    1502.02    434.435    433.914 0.0000e+00
     29.579  38.944801    14.5830     29.683       2233 7.2837e-01    252.617    5.78963    55.2620     1.6423 3.9760e+00     3.7758     0.1683     2.9832     0.2428     1.7089     0.0001  1023.6737    23.5421     29.479    5.85220    14.5787    31.7307    1502.02    434.546    434.024 -9.990e-29
     29.580  38.946050    14.5841     29.662       2234 7.3395e-01    252.576    5.78870    55.2620     1.6437 3.9978e+00     3.7831     0.1684     2.9828     0.2447     1.7112     0.0002  1023.6736    23.5421     29.458    5.85206    14.5798    31.7310    1502.03    434.549    434.028 0.0000e+00
     29.597  38.946905    14.5851     29.716       2235 7.4150e-01    252.540    5.78787    55.2620     1.6437 4.0112e+00     3.7888     0.1684     2.9824     0.2472     1.7127     0.0002  1023.6735    23.5418     29.512    5.85194    14.5808    31.7309    1502.03    434.575    434.053 -9.990e-29
     29.626  38.947388    14.5857     29.780       2236 7.4991e-01    252.521    5.78741    55.2620     1.6418 4.0220e+00     3.7940     0.1683     2.9821     0.2500     1.7138     0.0002  1023.6736    23.5416     29.575    5.85187    14.5814    31.7308    1502.03    434.594    434.070 -9.990e-29
     29.658  38.947551    14.5855     29.855       2237 7.5720e-01    252.524    5.78748    55.2620     1.6393 4.0367e+00     3.7991     0.1681     2.9819     0.2524     1.7154     0.0002  1023.6742    23.5419     29.650    5.85189    14.5812    31.7311    1502.03    434.571    434.046 -9.990e-29
     29.684  38.947353    14.5846     29.888       2238 7.6016e-01    252.552    5.78812    55.2620     1.6370 4.0601e+00     3.8050     0.1680     2.9819     0.2534     1.7178     0.0002  1023.6750    23.5425     29.682    5.85197    14.5803    31.7316    1502.03    434.514    433.988 -9.990e-29
     29.699  38.946888    14.5833     29.941       2239 7.5940e-01    252.581    5.78878    55.2620     1.6355 4.0944e+00     3.8112     0.1679     2.9818     0.2531     1.7214     0.0002  1023.6760    23.5432     29.735    5.85211    14.5790    31.7323    1502.03    434.444    433.916 -9.990e-29
     29.698  38.946368    14.5822     29.931       2240 7.6103e-01    252.584    5.78886    55.2620     1.6339 4.1377e+00     3.8160     0.1679     2.9816     0.2537     1.7258     0.0002  1023.6765    23.5438     29.725    5.85222    14.5779    31.7327    1502.03    434.390    433.862 -9.990e-29
     29.680  38.945964    14.5815     29.909       2241 7.6578e-01    252.575    5.78866    55.2620     1.6321 4.1870e+00     3.8190     0.1678     2.9814     0.2553     1.7308     0.0002  1023.6767    23.5441     29.703    5.85230    14.5772    31.7329    1502.02    434.359    433.833 -9.990e-29
     29.647  38.945788    14.5813     29.856       2242 7.6988e-01    252.592    5.78903    55.2620     1.6315 4.2385e+00     3.8211     0.1677     2.9813     0.2566     1.7360     0.0002  1023.6765    23.5442     29.651    5.85232    14.5770    31.7329    1502.02    434.352    433.827 -9.990e-29
     29.603  38.945899    14.5810     29.802       2243 7.7239e-01    252.630    5.78993    55.2620     1.6340 4.2866e+00     3.8229     0.1678     2.9815     0.2575     1.7408     0.0001  1023.6766    23.5445     29.597    5.85234    14.5767    31.7333    1502.02    434.318    433.794 -9.990e-29
     29.550  38.946311    14.5815     29.737       2244 7.7742e-01    252.654    5.79047    55.2620     1.6367 4.3276e+00     3.8246     0.1680     2.9816     0.2591     1.7449     0.0001  1023.6762    23.5444     29.532    5.85228    14.5772    31.7333    1502.02    434.327    433.805 -9.990e-29
     29.493  38.947039    14.5824     29.662       2245 7.8335e-01    252.649    5.79035    55.2620     1.6347 4.3615e+00     3.8267     0.1679     2.9815     0.2611     1.7483     0.0002  1023.6757    23.5442     29.458    5.85218    14.5781    31.7332    1502.02    434.347    433.826 -9.990e-29
     29.434  38.948062    14.5839     29.598       2246 7.8133e-01    252.636    5.79006    55.2620     1.6304 4.3872e+00     3.8289     0.1676     2.9813     0.2604     1.7508     0.0002  1023.6749    23.5436     29.394    5.85201    14.5796    31.7330    1502.03    434.396    433.876 0.0000e+00
     29.374  38.949264    14.5854     29.534       2247 7.7729e-01    252.632    5.78997    55.2620     1.6275 4.4043e+00     3.8307     0.1675     2.9813     0.2591     1.7525     0.0002  1023.6742    23.5432     29.331    5.85183    14.5812    31.7329    1502.03    434.432    433.914 0.0000e+00
     29.315  38.950509    14.5868     29.491       2248 7.8114e-01    252.622    5.78973    55.2620     1.6246 4.4155e+00     3.8318     0.1673     2.9812     0.2604     1.7536     0.0002  1023.6737    23.5429     29.288    5.85167    14.5826    31.7329    1502.03    434.459    433.942 0.0000e+00
     29.253  38.951768    14.5887     29.448       2249 7.8775e-01    252.585    5.78889    55.2620     1.6207 4.4256e+00     3.8325     0.1671     2.9810     0.2626     1.7546     0.0003  1023.6728    23.5422     29.245    5.85145    14.5845    31.7325    1502.04    434.525    434.009 0.0000e+00
     29.187  38.953063    14.5907     29.351       2250 7.9060e-01    252.525    5.78751    55.2620     1.6164 4.4398e+00     3.8332     0.1669     2.9807     0.2635     1.7559     0.0003  1023.6716    23.5415     29.149    5.85123    14.5865    31.7320    1502.04    434.594    434.080 0.0000e+00
     29.115  38.954347    14.5919     29.319       2251 7.9246e-01    252.458    5.78597    55.2620     1.6141 4.4627e+00     3.8343     0.1668     2.9804     0.2641     1.7580     0.0003  1023.6714    23.5414     29.117    5.85108    14.5877    31.7322    1502.05    434.603    434.090 0.0000e+00
     29.036  38.955598    14.5929     29.244       2252 8.0073e-01    252.397    5.78457    55.2620     1.6149 4.4977e+00     3.8364     0.1668     2.9801     0.2669     1.7613     0.0003  1023.6711    23.5414     29.043    5.85095    14.5887    31.7326    1502.05    434.596    434.085 0.0000e+00
     28.946  38.956916    14.5945     29.158       2253 8.1652e-01    252.337    5.78319    55.2620     1.6166 4.5482e+00     3.8394     0.1669     2.9798     0.2722     1.7660     0.0003  1023.6703    23.5410     28.958    5.85076    14.5903    31.7325    1502.05    434.632    434.122 0.0000e+00
     28.845  38.958389    14.5960     29.029       2254 8.3013e-01    252.268    5.78162    55.2620     1.6181 4.6147e+00     3.8431     0.1670     2.9794     0.2767     1.7721     0.0003  1023.6696    23.5409     28.829    5.85058    14.5918    31.7327    1502.06    434.647    434.141 0.0000e+00
     28.736  38.960015    14.5978     28.933       2255 8.3492e-01    252.205    5.78017    55.2620     1.6180 4.6924e+00     3.8481     0.1670     2.9791     0.2783     1.7792     0.0003  1023.6688    23.5405     28.734    5.85036    14.5936    31.7327    1502.06    434.678    434.174 0.0000e+00
