inst/extdata/initial_example/raw/ctd/Cnv/C285C-002-HC.cnv
* Sea-Bird SBE19plus Data File:
* FileName = C:\Data\CTD\Hex\C285C-002-HC.hex
* Software Version 1.24
* Temperature SN =  4447
* Conductivity SN =  4447
* System UpLoad Time = Jun 14 2019 08:05:35
** Station = C285C-002-HC
** NMEA (UTC) Time = 0646
** NMEA Latitude = 41 01.9'N
** NMEA Longitude = 071 17.5'W
** Bottom Depth = 45
** Date = 14 June 19
** Chief Scientist = Ben Harden
** General Locale = 
** C:\Data\CTD\Hex\4447201903_Tx0_CDOM1_DO2_Chl3_PAR4.con
** 4447 CTD 	Instrument	S/N	DWG #
** Voltage 0	Transmiss	CST-779PR	X
** Voltage 1	CDOM	WSCD-1258ad	X
** Voltage 2	DO	3328	x
** Voltage 3	Chl-a	SCF-3149	x
** Voltage 4	PAR	70187	x
** Voltage 5	Free	x	x
** 
# nquan = 27                                
# nvalues = 3710                        
# units = specified
# name 0 = depSM: Depth [salt water, m]
# name 1 = c0mS/cm: Conductivity [mS/cm]
# name 2 = tv290C: Temperature [ITS-90, deg C]
# name 3 = prdM: Pressure, Strain Gauge [db]
# name 4 = scan: Scan Count
# name 5 = flSP: Fluorescence, Seapoint
# name 6 = sbeox0Mm/Kg: Oxygen, SBE 43 [umol/Kg]
# name 7 = sbeox0ML/L: Oxygen, SBE 43 [ml/l]
# name 8 = bat: Beam Attenuation, Chelsea/Seatech/Wetlab CStar [1/m]
# name 9 = wetCDOM: Fluorescence, Wetlab CDOM [mg/m^3]
# name 10 = par: PAR/Irradiance, Biospherical/Licor
# name 11 = v0: Voltage 0
# name 12 = v1: Voltage 1
# name 13 = v2: Voltage 2
# name 14 = v3: Voltage 3
# name 15 = v4: Voltage 4
# name 16 = v5: Voltage 5
# name 17 = density00: Density [density, Kg/m^3]
# name 18 = sigma-é00: Density [sigma-theta, Kg/m^3]
# name 19 = depSM: Depth [salt water, m], lat = 30
# name 20 = oxsatML/L: Oxygen Saturation [ml/l]
# name 21 = potemp090C: Potential Temperature [ITS-90, deg C]
# name 22 = sal00: Salinity [PSU]
# name 23 = svCM: Sound Velocity [Chen-Millero, m/s]
# name 24 = sva: Specific Volume Anomaly [10^-8 * m^3/Kg]
# name 25 = tsa: Thermosteric Anomaly [10^-8 * m^3/Kg]
# name 26 = flag: flag
# span 0 =      0.070,     42.226       
# span 1 =   0.001012,  39.275861       
# span 2 =     9.3057,    14.7348       
# span 3 =      0.050,     42.539       
# span 4 =          1,       3710       
# span 5 = 7.7126e-02, 2.0847e+00       
# span 6 =    214.018,    322.809       
# span 7 =    4.90548,    7.22207       
# span 8 =    55.2620,    55.2620       
# span 9 =    -1.4880,     3.5602       
# span 10 = 4.0058e-07, 2.1896e-03      
# span 11 =     0.4241,     4.4352      
# span 12 =     0.0000,     3.4259      
# span 13 =     2.4383,     3.3475      
# span 14 =     0.0257,     0.6949      
# span 15 =     0.0114,     0.0228      
# span 16 =     0.0000,     0.0005      
# span 17 =   999.1584,  1025.1693      
# span 18 =    -0.8419,    24.9766      
# span 19 =      0.050,     42.245      
# span 20 =    5.82752,    7.10128      
# span 21 =     9.3012,    14.7344      
# span 22 =     0.0076,    32.3320      
# span 23 =    1464.71,    1502.35      
# span 24 =    297.770,   2818.054      
# span 25 =    297.269,   2818.259      
# span 26 = 0.0000e+00, 0.0000e+00      
# interval = seconds: 0.25                        
# start_time = Jun 13 2019 23:44:41
# bad_flag = -9.990e-29
*END*
      0.075   0.001047    14.6512      0.073          1 8.6891e-02    322.465    7.21437    55.2620     2.9440 7.6230e-05     2.9141     0.2383     3.0556     0.0289     0.0124 5.4171e-09   999.1592    -0.8411      0.073    7.10063    14.6512     0.0076    1464.73   2817.979   2818.184 -9.990e-29
      0.075   0.001058    14.6511      0.084          2 8.7033e-02    322.471    7.21451    55.2620     2.9590 6.9670e-05     2.9140     0.2391     3.0556     0.0290     0.0124 9.0285e-09   999.1593    -0.8411      0.083    7.10065    14.6511     0.0076    1464.73   2817.977   2818.183 -9.990e-29
      0.075   0.001061    14.6512      0.073          3 8.7022e-02    322.474    7.21457    55.2620     2.9746 5.4719e-05     2.9138     0.2399     3.0556     0.0290     0.0123 1.5047e-08   999.1592    -0.8411      0.073    7.10063    14.6512     0.0076    1464.73   2817.979   2818.184 -9.990e-29
      0.074   0.001055    14.6511      0.084          4 8.6840e-02    322.482    7.21475    55.2620     2.9858 4.3457e-05     2.9137     0.2405     3.0557     0.0289     0.0122 2.5079e-08   999.1593    -0.8411      0.083    7.10065    14.6511     0.0076    1464.73   2817.977   2818.183 -9.990e-29
      0.073   0.001045    14.6510      0.063          5 8.6423e-02    322.495    7.21505    55.2620     2.9925 4.1487e-05     2.9136     0.2409     3.0558     0.0288     0.0122 4.1799e-08   999.1592    -0.8411      0.063    7.10066    14.6510     0.0076    1464.73   2817.976   2818.182 -9.990e-29
      0.072   0.001038    14.6511      0.084          6 8.5797e-02    322.498    7.21511    55.2620     3.0000 4.4644e-05     2.9135     0.2413     3.0558     0.0286     0.0123 6.9664e-08   999.1593    -0.8411      0.083    7.10065    14.6511     0.0076    1464.73   2817.978   2818.183 -9.990e-29
      0.071   0.001035    14.6510      0.052          7 8.5330e-02    322.490    7.21493    55.2620     3.0095 5.1471e-05     2.9135     0.2418     3.0557     0.0284     0.0123 1.1611e-07   999.1591    -0.8411      0.052    7.10066    14.6510     0.0076    1464.73   2817.977   2818.182 -9.990e-29
      0.072   0.001037    14.6510      0.073          8 8.5155e-02    322.483    7.21476    55.2620     3.0199 5.6145e-05     2.9135     0.2423     3.0557     0.0284     0.0123 1.9351e-07   999.1592    -0.8411      0.073    7.10066    14.6510     0.0076    1464.73   2817.976   2818.182 -9.990e-29
      0.074   0.001043    14.6511      0.084          9 8.5182e-02    322.472    7.21451    55.2620     3.0285 5.6472e-05     2.9135     0.2428     3.0557     0.0284     0.0123 3.2252e-07   999.1593    -0.8411      0.083    7.10065    14.6511     0.0076    1464.73   2817.978   2818.183 -9.990e-29
      0.074   0.001047    14.6510      0.073         10 8.5432e-02    322.457    7.21418    55.2620     3.0337 5.9618e-05     2.9135     0.2431     3.0556     0.0284     0.0124 5.3753e-07   999.1592    -0.8411      0.073    7.10066    14.6510     0.0076    1464.73   2817.976   2818.182 -9.990e-29
      0.075   0.001046    14.6510      0.062         11 8.5729e-02    322.444    7.21390    55.2620     3.0374 6.2213e-05     2.9135     0.2433     3.0556     0.0285     0.0124 8.9589e-07   999.1592    -0.8411      0.062    7.10066    14.6510     0.0076    1464.73   2817.976   2818.182 -9.990e-29
      0.077   0.001048    14.6509      0.084         12 8.5692e-02    322.435    7.21371    55.2620     3.0399 5.6915e-05     2.9136     0.2434     3.0556     0.0285     0.0123     0.0000   999.1593    -0.8411      0.083    7.10068    14.6509     0.0076    1464.73   2817.975   2818.180 -9.990e-29
      0.079   0.001054    14.6508      0.084         13 8.5329e-02    322.433    7.21365    55.2620     3.0438 4.9959e-05     2.9136     0.2437     3.0556     0.0284     0.0123     0.0000   999.1593    -0.8411      0.083    7.10069    14.6508     0.0076    1464.73   2817.973   2818.179 -9.990e-29
      0.081   0.001060    14.6508      0.084         14 8.5121e-02    322.435    7.21371    55.2620     3.0479 5.1344e-05     2.9138     0.2439     3.0556     0.0284     0.0123     0.0000   999.1593    -0.8411      0.083    7.10069    14.6508     0.0076    1464.73   2817.973   2818.178 -9.990e-29
      0.082   0.001064    14.6508      0.073         15 8.5258e-02    322.445    7.21393    55.2620     3.0488 5.4174e-05     2.9139     0.2440     3.0556     0.0284     0.0123     0.0000   999.1593    -0.8411      0.073    7.10069    14.6508     0.0076    1464.73   2817.973   2818.178 -9.990e-29
      0.084   0.001064    14.6509      0.094         16 8.5517e-02    322.467    7.21442    55.2620     3.0483 4.7732e-05     2.9140     0.2439     3.0557     0.0285     0.0123     0.0000   999.1593    -0.8411      0.093    7.10068    14.6509     0.0076    1464.73   2817.974   2818.180 -9.990e-29
      0.085   0.001063    14.6508      0.084         17 8.5738e-02    322.494    7.21501    55.2620     3.0469 4.2159e-05     2.9140     0.2438     3.0558     0.0286     0.0123     0.0000   999.1593    -0.8411      0.083    7.10069    14.6508     0.0076    1464.73   2817.973   2818.178 -9.990e-29
      0.085   0.001066    14.6508      0.094         18 8.5766e-02    322.512    7.21542    55.2620     3.0450 4.6487e-05     2.9140     0.2437     3.0558     0.0286     0.0123     0.0000   999.1594    -0.8411      0.093    7.10069    14.6508     0.0076    1464.73   2817.973   2818.178 -9.990e-29
      0.084   0.001068    14.6508      0.083         19 8.5776e-02    322.515    7.21548    55.2620     3.0451 5.6318e-05     2.9137     0.2437     3.0558     0.0286     0.0124     0.0000   999.1593    -0.8411      0.082    7.10069    14.6508     0.0076    1464.73   2817.973   2818.178 -9.990e-29
      0.082   0.001067    14.6506      0.094         20 8.6061e-02    322.510    7.21537    55.2620     3.0492 6.0507e-05     2.9133     0.2440     3.0558     0.0287     0.0124 9.1558e-09   999.1594    -0.8410      0.093    7.10073    14.6506     0.0076    1464.73   2817.970   2818.175 -9.990e-29
      0.079   0.001066    14.6508      0.083         21 8.6285e-02    322.507    7.21532    55.2620     3.0537 5.4817e-05     2.9130     0.2442     3.0558     0.0288     0.0124 1.5260e-08   999.1593    -0.8411      0.082    7.10069    14.6508     0.0076    1464.73   2817.973   2818.178 -9.990e-29
      0.075   0.001070    14.6508      0.062         22 8.6188e-02    322.512    7.21543    55.2620     3.0559 4.9589e-05     2.9127     0.2443     3.0558     0.0287     0.0123 2.5433e-08   999.1592    -0.8411      0.062    7.10069    14.6508     0.0076    1464.73   2817.973   2818.178 -9.990e-29
      0.073   0.001074    14.6508      0.062         23 8.5895e-02    322.527    7.21576    55.2620     3.0576 5.1080e-05     2.9124     0.2444     3.0560     0.0286     0.0123 4.2388e-08   999.1592    -0.8411      0.062    7.10069    14.6508     0.0076    1464.73   2817.973   2818.178 -9.990e-29
      0.073   0.001076    14.6507      0.073         24 8.5467e-02    322.549    7.21624    55.2620     3.0600 5.2037e-05     2.9122     0.2445     3.0561     0.0285     0.0123 7.0647e-08   999.1593    -0.8411      0.073    7.10071    14.6507     0.0076    1464.73   2817.971   2818.177 -9.990e-29
      0.074   0.001077    14.6506      0.083         25 8.5079e-02    322.575    7.21684    55.2620     3.0665 4.4679e-05     2.9120     0.2449     3.0563     0.0284     0.0123 1.1774e-07   999.1593    -0.8410      0.082    7.10073    14.6506     0.0076    1464.73   2817.970   2818.175 -9.990e-29
      0.073   0.001073    14.6508      0.073         26 8.4932e-02    322.599    7.21737    55.2620     3.0757 3.7558e-05     2.9118     0.2454     3.0563     0.0283     0.0122 1.9624e-07   999.1593    -0.8411      0.073    7.10069    14.6508     0.0076    1464.73   2817.973   2818.178 -9.990e-29
      0.073   0.001062    14.6508      0.062         27 8.4896e-02    322.616    7.21775    55.2620     3.0805 3.5858e-05     2.9117     0.2456     3.0564     0.0283     0.0122 3.2707e-07   999.1592    -0.8411      0.062    7.10069    14.6508     0.0076    1464.73   2817.973   2818.178 -9.990e-29
      0.074   0.001050    14.6507      0.083         28 8.4839e-02    322.627    7.21800    55.2620     3.0797 3.5304e-05     2.9119     0.2456     3.0564     0.0283     0.0122 3.3012e-07   999.1593    -0.8411      0.082    7.10071    14.6507     0.0076    1464.73   2817.972   2818.177 -9.990e-29
      0.075   0.001041    14.6507      0.073         29 8.4945e-02    322.626    7.21798    55.2620     3.0784 3.3835e-05     2.9122     0.2455     3.0564     0.0283     0.0122 2.0622e-07   999.1593    -0.8411      0.073    7.10071    14.6507     0.0076    1464.73   2817.972   2818.177 -9.990e-29
      0.076   0.001038    14.6507      0.083         30 8.5210e-02    322.603    7.21745    55.2620     3.0811 2.9149e-05     2.9127     0.2456     3.0564     0.0284     0.0121 1.3731e-07   999.1593    -0.8411      0.082    7.10071    14.6507     0.0076    1464.73   2817.972   2818.177 -9.990e-29
      0.077   0.001036    14.6507      0.062         31 8.5402e-02    322.564    7.21660    55.2620     3.0843 2.4774e-05     2.9134     0.2458     3.0562     0.0285     0.0121 1.0502e-07   999.1592    -0.8411      0.062    7.10071    14.6507     0.0076    1464.73   2817.972   2818.177 -9.990e-29
      0.078   0.001030    14.6506      0.094         32 8.5464e-02    322.531    7.21585    55.2620     3.0819 2.4321e-05     2.9142     0.2457     3.0562     0.0285     0.0122 1.0074e-07   999.1594    -0.8411      0.093    7.10073    14.6506     0.0076    1464.73   2817.970   2818.176 -9.990e-29
      0.078   0.001026    14.6505      0.083         33 8.5427e-02    322.508    7.21535    55.2620     3.0773 2.8626e-05     2.9152     0.2454     3.0561     0.0285     0.0122 1.2332e-07   999.1594    -0.8410      0.082    7.10074    14.6505     0.0076    1464.72   2817.969   2818.175 -9.990e-29
      0.077   0.001032    14.6503      0.072         34 8.5328e-02    322.492    7.21498    55.2620     3.0772 3.1757e-05     2.9159     0.2454     3.0561     0.0284     0.0122 1.7878e-07   999.1593    -0.8410      0.072    7.10077    14.6503     0.0076    1464.72   2817.966   2818.172 -9.990e-29
      0.077   0.001041    14.6504      0.072         35 8.5262e-02    322.475    7.21459    55.2620     3.0833 2.6905e-05     2.9165     0.2458     3.0560     0.0284     0.0122 2.8193e-07   999.1593    -0.8410      0.072    7.10076    14.6504     0.0076    1464.72   2817.968   2818.173 -9.990e-29
      0.077   0.001048    14.6504      0.072         36 8.5243e-02    322.455    7.21416    55.2620     3.0909 2.1194e-05     2.9169     0.2462     3.0559     0.0284     0.0121 4.6025e-07   999.1593    -0.8410      0.072    7.10076    14.6504     0.0076    1464.72   2817.967   2818.173 -9.990e-29
      0.079   0.001054    14.6507      0.083         37 8.5142e-02    322.442    7.21385    55.2620     3.0965 2.0749e-05     2.9173     0.2465     3.0558     0.0284     0.0121 7.6130e-07   999.1593    -0.8411      0.082    7.10071    14.6507     0.0076    1464.73   2817.972   2818.177 -9.990e-29
      0.080   0.001057    14.6508      0.083         38 8.5026e-02    322.440    7.21381    55.2620     3.0991 2.0855e-05     2.9175     0.2466     3.0558     0.0283     0.0121     0.0000   999.1593    -0.8411      0.082    7.10069    14.6508     0.0076    1464.73   2817.973   2818.178 -9.990e-29
      0.080   0.001057    14.6508      0.083         39 8.4908e-02    322.448    7.21399    55.2620     3.0998 1.7719e-05     2.9175     0.2467     3.0558     0.0283     0.0121     0.0000   999.1593    -0.8411      0.082    7.10069    14.6508     0.0076    1464.73   2817.973   2818.178 -9.990e-29
      0.080   0.001058    14.6508      0.083         40 8.4727e-02    322.460    7.21426    55.2620     3.1026 1.5100e-05     2.9173     0.2468     3.0558     0.0282     0.0121     0.0000   999.1593    -0.8411      0.082    7.10069    14.6508     0.0076    1464.73   2817.973   2818.178 -9.990e-29
      0.080   0.001058    14.6508      0.072         41 8.4557e-02    322.474    7.21458    55.2620     3.1043 1.5165e-05     2.9171     0.2469     3.0559     0.0282     0.0121     0.0000   999.1593    -0.8411      0.072    7.10069    14.6508     0.0076    1464.73   2817.973   2818.178 -9.990e-29
      0.082   0.001055    14.6508      0.083         42 8.4276e-02    322.480    7.21470    55.2620     3.1030 1.6590e-05     2.9169     0.2468     3.0559     0.0281     0.0121     0.0000   999.1593    -0.8411      0.082    7.10069    14.6508     0.0076    1464.73   2817.973   2818.178 -9.990e-29
      0.083   0.001054    14.6510      0.083         43 8.3992e-02    322.467    7.21442    55.2620     3.1002 1.9756e-05     2.9166     0.2467     3.0557     0.0280     0.0122     0.0000   999.1593    -0.8411      0.082    7.10066    14.6510     0.0076    1464.73   2817.976   2818.181 -9.990e-29
      0.085   0.001053    14.6507      0.093         44 8.3874e-02    322.442    7.21386    55.2620     3.0955 2.4164e-05     2.9163     0.2464     3.0556     0.0280     0.0122     0.0000   999.1594    -0.8411      0.092    7.10071    14.6507     0.0076    1464.73   2817.971   2818.177 -9.990e-29
      0.084   0.001053    14.6509      0.093         45 8.3935e-02    322.423    7.21344    55.2620     3.0924 2.7738e-05     2.9160     0.2463     3.0555     0.0280     0.0122     0.0000   999.1593    -0.8411      0.092    7.10068    14.6509     0.0076    1464.73   2817.974   2818.180 -9.990e-29
      0.083   0.001053    14.6510      0.083         46 8.4207e-02    322.413    7.21321    55.2620     3.0928 3.0474e-05     2.9158     0.2463     3.0555     0.0281     0.0123     0.0001   999.1593    -0.8411      0.082    7.10066    14.6510     0.0076    1464.73   2817.976   2818.181 -9.990e-29
      0.081   0.001054    14.6510      0.072         47 8.4534e-02    322.399    7.21291    55.2620     3.0962 3.2146e-05     2.9156     0.2464     3.0555     0.0282     0.0123     0.0001   999.1592    -0.8411      0.072    7.10066    14.6510     0.0076    1464.73   2817.976   2818.181 -9.990e-29
      0.082   0.001055    14.6510      0.072         48 8.4775e-02    322.392    7.21273    55.2620     3.0972 3.1675e-05     2.9154     0.2465     3.0554     0.0283     0.0123     0.0001   999.1592    -0.8411      0.072    7.10066    14.6510     0.0076    1464.73   2817.976   2818.181 -9.990e-29
      0.084   0.001054    14.6510      0.093         49 8.4872e-02    322.403    7.21297    55.2620     3.0940 3.3145e-05     2.9151     0.2463     3.0555     0.0283     0.0123     0.0001   999.1593    -0.8411      0.092    7.10066    14.6510     0.0076    1464.73   2817.976   2818.181 -9.990e-29
      0.084   0.001050    14.6510      0.093         50 8.4988e-02    322.434    7.21367    55.2620     3.0928 3.6561e-05     2.9148     0.2463     3.0556     0.0283     0.0123     0.0001   999.1593    -0.8411      0.092    7.10066    14.6510     0.0076    1464.73   2817.976   2818.182 -9.990e-29
      0.084   0.001054    14.6510      0.083         51 8.5153e-02    322.473    7.21454    55.2620     3.0924 3.8627e-05     2.9147     0.2463     3.0557     0.0284     0.0123     0.0000   999.1593    -0.8411      0.082    7.10066    14.6510     0.0076    1464.73   2817.976   2818.181 -9.990e-29
      0.083   0.001066    14.6510      0.072         52 8.4953e-02    322.495    7.21505    55.2620     3.0900 3.9893e-05     2.9146     0.2461     3.0558     0.0284     0.0123     0.0000   999.1592    -0.8411      0.072    7.10066    14.6510     0.0076    1464.73   2817.976   2818.181 -9.990e-29
      0.084   0.001075    14.6510      0.093         53 8.4367e-02    322.506    7.21529    55.2620     3.0874 3.7830e-05     2.9146     0.2460     3.0558     0.0282     0.0123     0.0001   999.1593    -0.8411      0.092    7.10066    14.6510     0.0076    1464.73   2817.975   2818.181 -9.990e-29
