inst/extdata/initial_example/raw/ctd/Cnv/C285C-007-HC.ros
* Sea-Bird SBE19plus Data File:
* FileName = C:\Data\CTD\Hex\C285C-007-HC.hex
* Software Version 1.24
* Temperature SN =  4447
* Conductivity SN =  4447
* System UpLoad Time = Jun 15 2019 16:36:39
** Station = C285C-007-HC
** NMEA (UTC) Time = 15:13
** NMEA Latitude = 41 28.2 N
** NMEA Longitude = 70 55.6
** Bottom Depth = 26.28
** Date = 15 June 2019
** Chief Scientist = Ben Harden
** General Locale = 
** C:\Data\CTD\Hex\4447201903_Tx0_CDOM1_DO2_Chl3_PAR4.con
** 4447 CTD 	Instrument	S/N	DWG #
** Voltage 0	Transmiss	CST-779PR	X
** Voltage 1	CDOM	WSCD-1258ad	X
** Voltage 2	DO	3328	x
** Voltage 3	Chl-a	SCF-3149	x
** Voltage 4	PAR	70187	x
** Voltage 5	Free	x	x
** 
# nquan = 19
# nvalues = 108                     
# units = specified
# name 0 = depSM: Depth [salt water, m]
# name 1 = c0mS/cm: Conductivity [mS/cm]
# name 2 = tv290C: Temperature [ITS-90, deg C]
# name 3 = prdM: Pressure, Strain Gauge [db]
# name 4 = scan: Scan Count
# name 5 = flSP: Fluorescence, Seapoint
# name 6 = sbeox0Mm/Kg: Oxygen, SBE 43 [umol/Kg]
# name 7 = sbeox0ML/L: Oxygen, SBE 43 [ml/l]
# name 8 = bat: Beam Attenuation, Chelsea/Seatech/Wetlab CStar [1/m]
# name 9 = wetCDOM: Fluorescence, Wetlab CDOM [mg/m^3]
# name 10 = par: PAR/Irradiance, Biospherical/Licor
# name 11 = v0: Voltage 0
# name 12 = v1: Voltage 1
# name 13 = v2: Voltage 2
# name 14 = v3: Voltage 3
# name 15 = v4: Voltage 4
# name 16 = v5: Voltage 5
# name 17 = nbf: number of bottles fired
# name 18 = flag:  0.000e+00
# interval = seconds: 0.25                        
# start_time = Jun 15 2019 08:08:48
*END*
[from data line 77]
     10.892  40.095463    16.2301     10.952       2169 1.8073e+00    219.796    5.03453    55.2620     2.0271 1.8141e+01     3.0891     0.1890     2.7303     0.6024     2.3613     0.0000          9  0.000e+00
     10.935  40.087215    16.2275     10.995       2170 1.6679e+00    219.876    5.03635    55.2620     2.0186 1.7839e+01     3.0897     0.1885     2.7301     0.5560     2.3541     0.0000          9  0.000e+00
     10.945  40.090636    16.2221     11.006       2171 1.6688e+00    219.317    5.02358    55.2620     1.9533 1.7595e+01     3.0851     0.1850     2.7261     0.5563     2.3481     0.0000          9  0.000e+00
     10.966  40.090368    16.2195     11.027       2172 1.6960e+00    219.438    5.02636    55.2620     1.9476 1.7432e+01     3.0853     0.1847     2.7275     0.5653     2.3441     0.0000          9  0.000e+00
     10.945  40.090838    16.2189     11.006       2174 1.7807e+00    219.702    5.03242    55.2620     1.9363 1.7115e+01     3.0851     0.1841     2.7304     0.5936     2.3362     0.0000         10  0.000e+00
     10.902  40.096739    16.2193     10.963       2175 1.8624e+00    219.352    5.02441    55.2620     1.9490 1.7090e+01     3.0861     0.1848     2.7280     0.6208     2.3355     0.0000         10  0.000e+00
     10.860  40.096739    16.2219     10.920       2176 1.8176e+00    219.133    5.01939    55.2620     1.9476 1.7163e+01     3.0867     0.1847     2.7268     0.6059     2.3374     0.0000         10  0.000e+00
     10.806  40.087953    16.2237     10.866       2177 2.0474e+00    219.801    5.03465    55.2620     1.9107 1.7438e+01     3.0872     0.1827     2.7322     0.6825     2.3442     0.0000         10  0.000e+00
     10.732  40.079638    16.2202     10.791       2178 1.8112e+00    220.048    5.04030    55.2620     1.9150 1.7849e+01     3.1012     0.1830     2.7329     0.6037     2.3543     0.0000         10  0.000e+00
     10.668  40.076756    16.2133     10.727       2179 1.7542e+00    219.935    5.03772    55.2620     1.9391 1.8402e+01     3.1003     0.1843     2.7308     0.5847     2.3675     0.0000         10  0.000e+00
     10.561  40.076018    16.2077     10.619       2180 1.9016e+00    219.625    5.03065    55.2620     1.9632 1.9060e+01     3.1002     0.1855     2.7291     0.6339     2.3827     0.0000         10  0.000e+00
     10.475  40.077695    16.2041     10.533       2181 1.8501e+00    219.492    5.02761    55.2620     2.0526 1.9751e+01     3.1009     0.1904     2.7289     0.6167     2.3981     0.0000         10  0.000e+00
     10.422  40.078700    16.2035     10.480       2182 1.9854e+00    219.616    5.03048    55.2620     2.0370 2.0511e+01     3.1011     0.1895     2.7298     0.6618     2.4144     0.0000         10  0.000e+00
      2.936  40.459665    16.6433      2.952       2549 1.0664e+00    225.483    5.16431    55.2620    -1.4880 3.9079e+02     3.0909     0.0000     2.8099     0.3555     3.6928     0.0000         11  0.000e+00
      2.946  40.460944    16.6456      2.963       2550 1.1382e+00    225.682    5.16887    55.2620    -1.4880 4.5112e+02     3.0906     0.0000     2.8109     0.3794     3.7551     0.0000         11  0.000e+00
      2.968  40.461213    16.6476      2.984       2551 1.0913e+00    225.359    5.16146    55.2620    -1.4880 4.0413e+02     3.0906     0.0000     2.8078     0.3638     3.7073     0.0003         11  0.000e+00
      2.957  40.464444    16.6488      2.973       2552 1.0922e+00    225.317    5.16050    55.2620    -1.4880 4.2578e+02     3.0690     0.0000     2.8083     0.3641     3.7300     0.0000         11  0.000e+00
      2.978  40.472791    16.6505      2.995       2553 1.1172e+00    225.093    5.15538    55.2620    -1.4880 3.4068e+02     3.0687     0.0000     2.8068     0.3724     3.6332     0.0000         11  0.000e+00
      3.010  40.477704    16.6561      3.027       2554 1.1566e+00    225.324    5.16067    55.2620    -1.4880 3.3770e+02     3.0696     0.0000     2.8089     0.3855     3.6294     0.0000         11  0.000e+00
      3.010  40.479723    16.6622      3.027       2555 1.1266e+00    225.818    5.17197    55.2620    -1.4880 3.3930e+02     3.0816     0.0000     2.8125     0.3755     3.6314     0.0000         11  0.000e+00
      3.000  40.480194    16.6668      3.016       2556 1.2174e+00    226.016    5.17649    55.2620    -1.4880 3.3793e+02     3.0815     0.0000     2.8136     0.4058     3.6297     0.0000         11  0.000e+00
      3.032  40.481742    16.6693      3.048       2557 1.1355e+00    225.618    5.16737    55.2620    -1.4880 3.1611e+02     3.0816     0.0000     2.8112     0.3785     3.6007     0.0000         11  0.000e+00
      2.914  40.475009    16.6702      2.930       2560 1.1309e+00    226.254    5.18191    55.2620    -1.4880 3.4556e+02     3.0798     0.0000     2.8153     0.3770     3.6394     0.0000         12  0.000e+00
      2.829  40.473528    16.6678      2.844       2561 1.0945e+00    225.659    5.16827    55.2620    -1.4880 3.2558e+02     3.0803     0.0000     2.8106     0.3648     3.6135     0.0000         12  0.000e+00
      2.775  40.474740    16.6659      2.790       2562 1.0275e+00    225.667    5.16849    55.2620    -1.4880 3.3328e+02     3.0826     0.0000     2.8122     0.3425     3.6236     0.0000         12  0.000e+00
      2.658  40.474538    16.6651      2.672       2563 1.0318e+00    226.114    5.17872    55.2620    -1.4880 3.1588e+02     3.0832     0.0000     2.8167     0.3439     3.6004     0.0000         12  0.000e+00
      2.583  40.475278    16.6648      2.597       2564 1.0591e+00    225.396    5.16227    55.2620    -1.4880 4.1814e+02     3.0824     0.0000     2.8104     0.3530     3.7221     0.0000         12  0.000e+00
      2.551  40.475413    16.6651      2.565       2565 1.0417e+00    225.794    5.17139    55.2620    -1.4880 6.3156e+02     3.0771     0.0000     2.8138     0.3472     3.9012     0.0000         12  0.000e+00
      2.508  40.474537    16.6653      2.522       2566 1.0389e+00    225.791    5.17131    55.2620    -1.4880 5.7561e+02     3.0770     0.0000     2.8141     0.3463     3.8609     0.0002         12  0.000e+00
      2.487  40.471306    16.6651      2.500       2567 9.9245e-01    225.836    5.17233    55.2620     2.0370 6.6317e+02     3.0768     0.1895     2.8147     0.3308     3.9224     0.0000         12  0.000e+00
      2.508  40.469085    16.6631      2.522       2568 1.0151e+00    225.893    5.17366    55.2620     2.0399 7.2356e+02     3.0771     0.1897     2.8147     0.3384     3.9603     0.0000         12  0.000e+00
