inst/extdata/initial_example/raw/ctd/Cnv/C285C-004-HC.cnv
* Sea-Bird SBE19plus Data File:
* FileName = C:\Data\CTD\Hex\C285C-004-HC.hex
* Software Version 1.24
* Temperature SN =  4447
* Conductivity SN =  4447
* System UpLoad Time = Jun 14 2019 19:45:00
** Station = C285C-004-HC
** NMEA (UTC) Time = 18:35
** NMEA Latitude = 41 17.0 N
** NMEA Longitude = 71 30.0 W
** Bottom Depth = 46
** Date = 14 June 2019
** Chief Scientist = Ben Harden
** General Locale = 
** C:\Data\CTD\Hex\4447201903_Tx0_CDOM1_DO2_Chl3_PAR4.con
** 4447 CTD 	Instrument	S/N	DWG #
** Voltage 0	Transmiss	CST-779PR	X
** Voltage 1	CDOM	WSCD-1258ad	X
** Voltage 2	DO	3328	x
** Voltage 3	Chl-a	SCF-3149	x
** Voltage 4	PAR	70187	x
** Voltage 5	Free	x	x
** 
# nquan = 27                                
# nvalues = 3422                        
# units = specified
# name 0 = depSM: Depth [salt water, m]
# name 1 = c0mS/cm: Conductivity [mS/cm]
# name 2 = tv290C: Temperature [ITS-90, deg C]
# name 3 = prdM: Pressure, Strain Gauge [db]
# name 4 = scan: Scan Count
# name 5 = flSP: Fluorescence, Seapoint
# name 6 = sbeox0Mm/Kg: Oxygen, SBE 43 [umol/Kg]
# name 7 = sbeox0ML/L: Oxygen, SBE 43 [ml/l]
# name 8 = bat: Beam Attenuation, Chelsea/Seatech/Wetlab CStar [1/m]
# name 9 = wetCDOM: Fluorescence, Wetlab CDOM [mg/m^3]
# name 10 = par: PAR/Irradiance, Biospherical/Licor
# name 11 = v0: Voltage 0
# name 12 = v1: Voltage 1
# name 13 = v2: Voltage 2
# name 14 = v3: Voltage 3
# name 15 = v4: Voltage 4
# name 16 = v5: Voltage 5
# name 17 = density00: Density [density, Kg/m^3]
# name 18 = sigma-é00: Density [sigma-theta, Kg/m^3]
# name 19 = depSM: Depth [salt water, m], lat = 30
# name 20 = oxsatML/L: Oxygen Saturation [ml/l]
# name 21 = potemp090C: Potential Temperature [ITS-90, deg C]
# name 22 = sal00: Salinity [PSU]
# name 23 = svCM: Sound Velocity [Chen-Millero, m/s]
# name 24 = sva: Specific Volume Anomaly [10^-8 * m^3/Kg]
# name 25 = tsa: Thermosteric Anomaly [10^-8 * m^3/Kg]
# name 26 = flag: flag
# span 0 =      0.052,     40.602       
# span 1 =   0.239826,  39.880992       
# span 2 =    12.7406,    18.8183       
# span 3 =      0.024,     40.890       
# span 4 =          1,       3422       
# span 5 = 6.4727e-03, 1.2403e+00       
# span 6 =    194.570,    296.324       
# span 7 =    4.45600,    6.78727       
# span 8 =    55.2620,    55.2620       
# span 9 =    -1.0987,     4.1202       
# span 10 = 5.3277e-02, 5.4540e+03      
# span 11 =     0.3530,     4.2282      
# span 12 =     0.0209,     0.3015      
# span 13 =     2.3426,     3.3589      
# span 14 =     0.0022,     0.4134      
# span 15 =     0.2300,     4.8372      
# span 16 =     0.0000,     0.0004      
# span 17 =   998.5488,  1024.2266      
# span 18 =    -1.4515,    24.0453      
# span 19 =      0.024,     40.608      
# span 20 =    5.68531,    6.85542      
# span 21 =    12.7353,    18.8183      
# span 22 =     0.1322,    31.9106      
# span 23 =    1470.59,    1506.01      
# span 24 =    386.718,   2879.154      
# span 25 =    386.030,   2879.359      
# span 26 = 0.0000e+00, 0.0000e+00      
# interval = seconds: 0.25                        
# start_time = Jun 14 2019 11:31:20
# bad_flag = -9.990e-29
*END*
[from data line 162]
      0.062   0.249926    18.7544      0.056        163 6.9088e-02    281.742    6.29950    55.2620     2.4245 4.2024e+03     2.4236     0.2103     2.9355     0.0230     4.7211     0.0001   998.5598    -1.4405      0.056    6.50731    18.7544     0.1371    1478.63   2878.054   2878.258 -9.990e-29
      0.062   0.250058    18.7564      0.066        164 6.8557e-02    281.745    6.29957    55.2620     2.4250 4.2240e+03     2.4186     0.2104     2.9355     0.0229     4.7229     0.0001   998.5595    -1.4408      0.066    6.50704    18.7564     0.1371    1478.64   2878.087   2878.292 -9.990e-29
      0.063   0.250172    18.7585      0.045        165 6.8410e-02    281.781    6.30037    55.2620     2.4231 4.2947e+03     2.4103     0.2103     2.9356     0.0228     4.7298     0.0001   998.5590    -1.4412      0.045    6.50676    18.7585     0.1372    1478.64   2878.124   2878.328 -9.990e-29
      0.065   0.250276    18.7606      0.088        166 6.8713e-02    281.850    6.30193    55.2620     2.4221 4.4373e+03     2.3985     0.2102     2.9360     0.0229     4.7444     0.0001   998.5588    -1.4416      0.087    6.50648    18.7606     0.1372    1478.65   2878.160   2878.365 -9.990e-29
      0.065   0.250353    18.7616      0.067        167 6.9167e-02    281.942    6.30397    55.2620     2.4238 4.5826e+03     2.3809     0.2103     2.9364     0.0231     4.7595     0.0001   998.5586    -1.4417      0.067    6.50635    18.7616     0.1373    1478.65   2878.177   2878.381 -9.990e-29
      0.064   0.250403    18.7626      0.066        168 6.9265e-02    282.043    6.30625    55.2620     2.4235 4.6713e+03     2.3589     0.2103     2.9369     0.0231     4.7686     0.0001   998.5584    -1.4419      0.066    6.50621    18.7626     0.1373    1478.66   2878.194   2878.399 -9.990e-29
      0.062   0.250445    18.7632      0.056        169 6.8669e-02    282.139    6.30839    55.2620     2.4189 4.7234e+03     2.3387     0.2100     2.9374     0.0229     4.7740     0.0001   998.5583    -1.4420      0.056    6.50613    18.7632     0.1373    1478.66   2878.204   2878.409 -9.990e-29
      0.061   0.250491    18.7641      0.066        170 6.7250e-02    282.225    6.31031    55.2620     2.4151 4.7547e+03     2.3211     0.2098     2.9378     0.0224     4.7773     0.0001   998.5581    -1.4422      0.066    6.50601    18.7641     0.1374    1478.66   2878.220   2878.425 -9.990e-29
      0.061   0.250536    18.7653      0.056        171 6.4935e-02    282.301    6.31201    55.2620     2.4142 4.7731e+03     2.3055     0.2098     2.9382     0.0216     4.7792     0.0001   998.5579    -1.4424      0.056    6.50585    18.7653     0.1374    1478.67   2878.242   2878.446 -9.990e-29
      0.060   0.250581    18.7671      0.056        172 6.2815e-02    282.368    6.31350    55.2620     2.4156 4.7839e+03     2.2967     0.2098     2.9386     0.0209     4.7803     0.0001   998.5575    -1.4427      0.056    6.50561    18.7671     0.1374    1478.67   2878.275   2878.480 -9.990e-29
      0.061   0.250633    18.7687      0.055        173 6.1057e-02    282.420    6.31467    55.2620     2.4184 4.7910e+03     2.2965     0.2100     2.9391     0.0203     4.7810     0.0001   998.5572    -1.4430      0.055    6.50540    18.7687     0.1374    1478.68   2878.304   2878.509 -9.990e-29
      0.063   0.250710    18.7705      0.066        174 5.8857e-02    282.448    6.31529    55.2620     2.4203 4.7973e+03     2.3048     0.2101     2.9394     0.0196     4.7816     0.0001   998.5570    -1.4433      0.066    6.50516    18.7705     0.1375    1478.68   2878.336   2878.541 -9.990e-29
      0.065   0.250844    18.7726      0.077        175 5.8146e-02    282.467    6.31570    55.2620     2.4232 4.8039e+03     2.3199     0.2102     2.9397     0.0194     4.7823     0.0001   998.5567    -1.4437      0.076    6.50488    18.7726     0.1375    1478.69   2878.372   2878.577 -9.990e-29
      0.065   0.251062    18.7748      0.055        176 5.9803e-02    282.496    6.31636    55.2620     2.4275 4.8091e+03     2.3381     0.2105     2.9401     0.0199     4.7828     0.0002   998.5562    -1.4440      0.055    6.50458    18.7748     0.1376    1478.70   2878.406   2878.611 -9.990e-29
      0.066   0.251369    18.7765      0.066        177 6.0057e-02    282.540    6.31735    55.2620     2.4317 4.8113e+03     2.3602     0.2107     2.9406     0.0200     4.7830     0.0002   998.5561    -1.4442      0.066    6.50435    18.7765     0.1378    1478.70   2878.427   2878.631 -9.990e-29
      0.066   0.251746    18.7788      0.077        178 6.0931e-02    282.589    6.31844    55.2620     2.4359 4.8110e+03     2.3852     0.2109     2.9410     0.0203     4.7829     0.0002   998.5558    -1.4445      0.076    6.50404    18.7788     0.1380    1478.71   2878.456   2878.661 -9.990e-29
      0.066   0.252170    18.7810      0.066        179 6.6577e-02    282.640    6.31957    55.2620     2.4387 4.8105e+03     2.4060     0.2111     2.9415     0.0222     4.7829     0.0001   998.5555    -1.4448      0.066    6.50374    18.7810     0.1382    1478.72   2878.481   2878.686 -9.990e-29
      0.064   0.252613    18.7830      0.077        180 7.1240e-02    282.698    6.32085    55.2620     2.4390 4.8115e+03     2.4211     0.2111     2.9421     0.0237     4.7830     0.0001   998.5554    -1.4450      0.076    6.50346    18.7830     0.1385    1478.72   2878.502   2878.707 -9.990e-29
      0.061   0.253024    18.7850      0.044        181 7.1508e-02    282.759    6.32221    55.2620     2.4389 4.8144e+03     2.4326     0.2111     2.9426     0.0238     4.7832     0.0001   998.5550    -1.4452      0.044    6.50319    18.7850     0.1387    1478.73   2878.524   2878.729 -9.990e-29
      0.060   0.253354    18.7869      0.066        182 7.1863e-02    282.820    6.32358    55.2620     2.4418 4.8192e+03     2.4395     0.2113     2.9431     0.0239     4.7837     0.0001   998.5549    -1.4454      0.066    6.50293    18.7869     0.1389    1478.74   2878.547   2878.752 -9.990e-29
      0.060   0.253572    18.7884      0.055        183 7.4443e-02    282.882    6.32496    55.2620     2.4453 4.8234e+03     2.4416     0.2115     2.9436     0.0248     4.7841     0.0001   998.5546    -1.4456      0.055    6.50273    18.7884     0.1390    1478.74   2878.568   2878.772 -9.990e-29
      0.060   0.253666    18.7890      0.055        184 7.4460e-02    282.957    6.32664    55.2620     2.4439 4.8248e+03     2.4394     0.2114     2.9443     0.0248     4.7842     0.0002   998.5545    -1.4457      0.055    6.50265    18.7890     0.1390    1478.74   2878.576   2878.780 -9.990e-29
      0.060   0.253655    18.7893      0.066        185 6.9826e-02    283.053    6.32878    55.2620     2.4391 4.8240e+03     2.4331     0.2111     2.9451     0.0232     4.7841     0.0002   998.5545    -1.4458      0.066    6.50261    18.7893     0.1390    1478.74   2878.582   2878.787 -9.990e-29
      0.060   0.253575    18.7905      0.066        186 6.8538e-02    283.165    6.33129    55.2620     2.4353 4.8240e+03     2.4227     0.2109     2.9459     0.0228     4.7841     0.0001   998.5543    -1.4460      0.066    6.50245    18.7905     0.1390    1478.75   2878.609   2878.813 -9.990e-29
      0.059   0.253451    18.7921      0.055        187 6.9948e-02    283.283    6.33393    55.2620     2.4351 4.8258e+03     2.4059     0.2109     2.9468     0.0233     4.7843     0.0001   998.5538    -1.4464      0.055    6.50224    18.7921     0.1389    1478.75   2878.646   2878.850 -9.990e-29
      0.059   0.253301    18.7938      0.044        188 6.6985e-02    283.394    6.33642    55.2620     2.4376 4.8286e+03     2.3858     0.2110     2.9476     0.0223     4.7845     0.0001   998.5534    -1.4468      0.044    6.50202    18.7938     0.1388    1478.76   2878.685   2878.890 -9.990e-29
      0.061   0.253159    18.7956      0.066        189 6.4276e-02    283.495    6.33866    55.2620     2.4403 4.8313e+03     2.3720     0.2112     2.9483     0.0214     4.7848     0.0001   998.5531    -1.4472      0.066    6.50178    18.7956     0.1387    1478.76   2878.727   2878.931 -9.990e-29
      0.063   0.253062    18.7971      0.055        190 6.3556e-02    283.587    6.34072    55.2620     2.4446 4.8334e+03     2.3683     0.2114     2.9491     0.0212     4.7850     0.0001   998.5527    -1.4475      0.055    6.50159    18.7971     0.1387    1478.77   2878.760   2878.965 -9.990e-29
      0.066   0.253030    18.7989      0.077        191 5.9885e-02    283.658    6.34231    55.2620     2.4527 4.8349e+03     2.3736     0.2118     2.9497     0.0200     4.7851     0.0001   998.5524    -1.4479      0.076    6.50135    18.7989     0.1386    1478.77   2878.797   2879.002 -9.990e-29
      0.067   0.253065    18.8007      0.077        192 5.1813e-02    283.696    6.34315    55.2620     2.4667 4.8346e+03     2.3851     0.2126     2.9502     0.0173     4.7851     0.0002   998.5521    -1.4483      0.076    6.50111    18.8007     0.1387    1478.78   2878.831   2879.036 -9.990e-29
      0.066   0.253162    18.8027      0.066        193 4.3185e-02    283.709    6.34344    55.2620     2.4856 4.8318e+03     2.3972     0.2136     2.9506     0.0144     4.7848     0.0002   998.5517    -1.4486      0.066    6.50085    18.8027     0.1387    1478.79   2878.866   2879.071 -9.990e-29
      0.064   0.253318    18.8043      0.066        194 4.1479e-02    283.711    6.34348    55.2620     2.5038 4.8282e+03     2.4088     0.2146     2.9510     0.0138     4.7845     0.0002   998.5514    -1.4489      0.066    6.50063    18.8043     0.1388    1478.79   2878.891   2879.096 -9.990e-29
      0.062   0.253531    18.8064      0.066        195 4.7508e-02    283.720    6.34369    55.2620     2.5162 4.8267e+03     2.4197     0.2153     2.9514     0.0158     4.7844     0.0001   998.5511    -1.4492      0.066    6.50035    18.8064     0.1389    1478.80   2878.923   2879.128 -9.990e-29
      0.061   0.253782    18.8086      0.044        196 5.5021e-02    283.771    6.34482    55.2620     2.5214 4.8273e+03     2.4260     0.2156     2.9521     0.0183     4.7845     0.0001   998.5507    -1.4495      0.044    6.50005    18.8086     0.1390    1478.81   2878.956   2879.161 -9.990e-29
      0.061   0.254022    18.8105      0.055        197 6.0298e-02    283.875    6.34716    55.2620     2.5223 4.8275e+03     2.4260     0.2156     2.9531     0.0201     4.7845     0.0001   998.5505    -1.4498      0.055    6.49980    18.8105     0.1391    1478.81   2878.984   2879.188 -9.990e-29
      0.064   0.254195    18.8124      0.066        198 6.3726e-02    284.009    6.35014    55.2620     2.5216 4.8260e+03     2.4219     0.2156     2.9541     0.0212     4.7843     0.0001   998.5502    -1.4501      0.066    6.49954    18.8124     0.1392    1478.82   2879.014   2879.218 -9.990e-29
      0.067   0.254285    18.8142      0.055        199 6.6295e-02    284.147    6.35324    55.2620     2.5180 4.8230e+03     2.4171     0.2154     2.9551     0.0221     4.7840     0.0001   998.5499    -1.4504      0.055    6.49930    18.8142     0.1393    1478.82   2879.045   2879.250 -9.990e-29
      0.072   0.254300    18.8158      0.077        200 6.8338e-02    284.294    6.35651    55.2620     2.5115 4.8173e+03     2.4126     0.2150     2.9560     0.0228     4.7835     0.0001   998.5497    -1.4507      0.076    6.49909    18.8158     0.1393    1478.83   2879.076   2879.281 -9.990e-29
      0.076   0.254245    18.8169      0.088        201 6.9638e-02    284.465    6.36033    55.2620     2.5053 4.8088e+03     2.4071     0.2147     2.9572     0.0232     4.7828     0.0001   998.5495    -1.4509      0.087    6.49894    18.8169     0.1393    1478.83   2879.100   2879.305 -9.990e-29
      0.077   0.254128    18.8175      0.088        202 7.0236e-02    284.650    6.36448    55.2620     2.4990 4.8000e+03     2.4009     0.2143     2.9584     0.0234     4.7820     0.0001   998.5493    -1.4511      0.087    6.49887    18.8175     0.1392    1478.83   2879.117   2879.321 -9.990e-29
      0.076   0.253968    18.8183      0.087        203 7.0718e-02    284.834    6.36858    55.2620     2.4884 4.7919e+03     2.3959     0.2138     2.9597     0.0236     4.7812     0.0001   998.5491    -1.4513      0.086    6.49877    18.8183     0.1391    1478.84   2879.139   2879.344 -9.990e-29
      0.073   0.253792    18.8182      0.066        204 7.1045e-02    285.014    6.37260    55.2620     2.4709 4.7847e+03     2.3925     0.2128     2.9610     0.0237     4.7806     0.0001   998.5489    -1.4514      0.066    6.49878    18.8182     0.1390    1478.84   2879.145   2879.349 -9.990e-29
      0.070   0.253618    18.8183      0.066        205 7.1122e-02    285.182    6.37636    55.2620     2.4530 4.7800e+03     2.3897     0.2119     2.9622     0.0237     4.7802     0.0001   998.5488    -1.4515      0.066    6.49877    18.8183     0.1389    1478.84   2879.154   2879.359 -9.990e-29
      0.069   0.253452    18.8179      0.066        206 7.1153e-02    285.341    6.37991    55.2620     2.4446 4.7779e+03     2.3863     0.2114     2.9634     0.0237     4.7800     0.0001   998.5488    -1.4515      0.066    6.49883    18.8179     0.1388    1478.84   2879.153   2879.358 -9.990e-29
      0.068   0.253305    18.8175      0.066        207 7.0900e-02    285.500    6.38346    55.2620     2.4464 4.7782e+03     2.3810     0.2115     2.9647     0.0236     4.7800     0.0001   998.5489    -1.4514      0.066    6.49889    18.8175     0.1387    1478.83   2879.151   2879.356 -9.990e-29
      0.068   0.253190    18.8170      0.066        208 7.0603e-02    285.644    6.38668    55.2620     2.4514 4.7803e+03     2.3750     0.2118     2.9658     0.0235     4.7802     0.0001   998.5489    -1.4514      0.066    6.49895    18.8170     0.1387    1478.83   2879.146   2879.351 -9.990e-29
      0.068   0.253106    18.8169      0.066        209 7.0639e-02    285.746    6.38897    55.2620     2.4555 4.7837e+03     2.3711     0.2120     2.9668     0.0235     4.7805     0.0000   998.5489    -1.4514      0.066    6.49897    18.8169     0.1386    1478.83   2879.148   2879.353 -9.990e-29
      0.068   0.253052    18.8168      0.077        210 7.0789e-02    285.804    6.39027    55.2620     2.4576 4.7878e+03     2.3708     0.2121     2.9675     0.0236     4.7809     0.0000   998.5489    -1.4514      0.076    6.49898    18.8168     0.1386    1478.83   2879.148   2879.353 -9.990e-29
      0.066   0.253039    18.8166      0.066        211 7.0391e-02    285.833    6.39092    55.2620     2.4576 4.7916e+03     2.3737     0.2121     2.9681     0.0235     4.7812     0.0000   998.5489    -1.4514      0.066    6.49901    18.8166     0.1386    1478.83   2879.145   2879.350 -9.990e-29
      0.065   0.253074    18.8162      0.066        212 6.9691e-02    285.846    6.39120    55.2620     2.4603 4.7946e+03     2.3792     0.2122     2.9686     0.0232     4.7815     0.0000   998.5490    -1.4513      0.066    6.49906    18.8162     0.1386    1478.83   2879.136   2879.340 -9.990e-29
      0.063   0.253168    18.8154      0.066        213 7.0042e-02    285.843    6.39113    55.2620     2.4684 4.7972e+03     2.3859     0.2127     2.9691     0.0233     4.7817     0.0001   998.5492    -1.4511      0.066    6.49917    18.8154     0.1387    1478.83   2879.116   2879.321 -9.990e-29
      0.060   0.253333    18.8144      0.055        214 7.0852e-02    285.816    6.39054    55.2620     2.4839 4.8008e+03     2.3941     0.2135     2.9693     0.0236     4.7820     0.0001   998.5494    -1.4508      0.055    6.49929    18.8144     0.1388    1478.82   2879.089   2879.294 -9.990e-29
