inst/extdata/initial_example/raw/ctd/Cnv/C285C-003-HC.cnv
* Sea-Bird SBE19plus Data File:
* FileName = C:\Data\CTD\Hex\C285C-003-HC.hex
* Software Version 1.24
* Temperature SN =  4447
* Conductivity SN =  4447
* System UpLoad Time = Jun 14 2019 15:42:15
** Station = C285C-003-HC
** NMEA (UTC) Time = 13:14
** NMEA Latitude = 41 3.2 N
** NMEA Longitude = 71 29.9 W
** Bottom Depth = 43
** Date = 14 June 19
** Chief Scientist = Ben Harden
** General Locale = 
** C:\Data\CTD\Hex\4447201903_Tx0_CDOM1_DO2_Chl3_PAR4.con
** 4447 CTD 	Instrument	S/N	DWG #
** Voltage 0	Transmiss	CST-779PR	X
** Voltage 1	CDOM	WSCD-1258ad	X
** Voltage 2	DO	3328	x
** Voltage 3	Chl-a	SCF-3149	x
** Voltage 4	PAR	70187	x
** Voltage 5	Free	x	x
** 
# nquan = 27                                
# nvalues = 3548                        
# units = specified
# name 0 = depSM: Depth [salt water, m]
# name 1 = c0mS/cm: Conductivity [mS/cm]
# name 2 = tv290C: Temperature [ITS-90, deg C]
# name 3 = prdM: Pressure, Strain Gauge [db]
# name 4 = scan: Scan Count
# name 5 = flSP: Fluorescence, Seapoint
# name 6 = sbeox0Mm/Kg: Oxygen, SBE 43 [umol/Kg]
# name 7 = sbeox0ML/L: Oxygen, SBE 43 [ml/l]
# name 8 = bat: Beam Attenuation, Chelsea/Seatech/Wetlab CStar [1/m]
# name 9 = wetCDOM: Fluorescence, Wetlab CDOM [mg/m^3]
# name 10 = par: PAR/Irradiance, Biospherical/Licor
# name 11 = v0: Voltage 0
# name 12 = v1: Voltage 1
# name 13 = v2: Voltage 2
# name 14 = v3: Voltage 3
# name 15 = v4: Voltage 4
# name 16 = v5: Voltage 5
# name 17 = density00: Density [density, Kg/m^3]
# name 18 = sigma-é00: Density [sigma-theta, Kg/m^3]
# name 19 = depSM: Depth [salt water, m], lat = 30
# name 20 = oxsatML/L: Oxygen Saturation [ml/l]
# name 21 = potemp090C: Potential Temperature [ITS-90, deg C]
# name 22 = sal00: Salinity [PSU]
# name 23 = svCM: Sound Velocity [Chen-Millero, m/s]
# name 24 = sva: Specific Volume Anomaly [10^-8 * m^3/Kg]
# name 25 = tsa: Thermosteric Anomaly [10^-8 * m^3/Kg]
# name 26 = flag: flag
# span 0 =      0.077,     39.206       
# span 1 =   0.001599,  39.499807       
# span 2 =     9.7338,    16.6731       
# span 3 =      0.058,     39.559       
# span 4 =          1,       3548       
# span 5 = 2.1026e-02, 2.0779e+00       
# span 6 =    209.645,    306.982       
# span 7 =    4.80539,    6.90421       
# span 8 =    55.2620,    55.2620       
# span 9 =    -1.4880,     3.1846       
# span 10 = 4.5634e-01, 4.1193e+03      
# span 11 =     0.1674,     4.7541      
# span 12 =     0.0000,     0.2512      
# span 13 =     2.3935,     3.3163      
# span 14 =     0.0070,     0.6926      
# span 15 =     0.8308,     4.7155      
# span 16 =     0.0000,     0.0005      
# span 17 =   998.8397,  1025.0020      
# span 18 =    -1.1609,    24.8234      
# span 19 =      0.058,     39.286      
# span 20 =    5.81073,    7.05011      
# span 21 =     9.7295,    16.6731      
# span 22 =     0.0084,    32.2268      
# span 23 =    1466.14,    1502.81      
# span 24 =    312.329,   2850.016      
# span 25 =    311.857,   2850.221      
# span 26 = 0.0000e+00, 0.0000e+00      
# interval = seconds: 0.25                        
# start_time = Jun 14 2019 06:11:38
# bad_flag = -9.990e-29
*END*
[from data line 645]
      0.103   0.002299    16.4972      0.101        646 8.9108e-02    302.505    6.76585    55.2620     2.8111 3.5073e+03     4.7532     0.2312     2.9946     0.0297     4.6279     0.0000   998.8694    -1.1311      0.100    6.82470    16.4972     0.0088    1471.10   2847.028   2847.234 -9.990e-29
      0.102   0.002686    16.4951      0.101        647 8.9288e-02    302.524    6.76629    55.2620     2.8070 3.6205e+03     4.7531     0.2309     2.9946     0.0298     4.6469     0.0000   998.8699    -1.1306      0.100    6.82500    16.4951     0.0089    1471.09   2846.984   2847.189 -9.990e-29
      0.101   0.003332    16.4921      0.111        648 8.9427e-02    302.525    6.76630    55.2620     2.8003 3.6710e+03     4.7530     0.2306     2.9945     0.0298     4.6552     0.0000   998.8706    -1.1299      0.110    6.82542    16.4921     0.0091    1471.08   2846.916   2847.122 -9.990e-29
      0.098   0.004420    16.4893      0.090        649 8.9701e-02    302.488    6.76547    55.2620     2.7966 3.6716e+03     4.7531     0.2304     2.9942     0.0299     4.6550     0.0000   998.8713    -1.1292      0.089    6.82581    16.4893     0.0095    1471.07   2846.839   2847.044 -9.990e-29
      0.096   0.006240    16.4872      0.101        650 8.9145e-02    302.424    6.76406    55.2620     2.7985 3.6206e+03     4.7533     0.2305     2.9938     0.0297     4.6460     0.0001   998.8722    -1.1283      0.100    6.82609    16.4872     0.0102    1471.07   2846.748   2846.953 -9.990e-29
      0.096   0.009269    16.4877      0.079        651 8.8297e-02    302.364    6.76273    55.2620     2.8011 3.5023e+03     4.7535     0.2306     2.9935     0.0295     4.6256     0.0001   998.8730    -1.1273      0.078    6.82596    16.4877     0.0115    1471.07   2846.657   2846.862 -9.990e-29
      0.096   0.014315    16.4910      0.111        652 8.6093e-02    302.326    6.76189    55.2620     2.8019 3.2830e+03     4.7538     0.2306     2.9934     0.0287     4.5881     0.0000   998.8744    -1.1261      0.110    6.82539    16.4910     0.0138    1471.08   2846.533   2846.739 -9.990e-29
      0.097   0.022728    16.4959      0.090        653 7.9517e-02    302.304    6.76143    55.2620     2.8022 3.0474e+03     4.7540     0.2307     2.9934     0.0265     4.5468     0.0000   998.8766    -1.1238      0.089    6.82451    16.4959     0.0179    1471.10   2846.301   2846.506 -9.990e-29
      0.097   0.036744    16.5023      0.100        654 6.7886e-02    302.283    6.76100    55.2620     2.7988 2.8819e+03     4.7541     0.2305     2.9935     0.0227     4.5147     0.0001   998.8811    -1.1194      0.099    6.82330    16.5023     0.0250    1471.13   2845.859   2846.065 -9.990e-29
      0.097   0.060100    16.5078      0.090        655 5.5436e-02    302.253    6.76042    55.2620     2.7928 2.6295e+03     4.7541     0.2301     2.9935     0.0185     4.4636     0.0001   998.8896    -1.1108      0.089    6.82200    16.5078     0.0372    1471.17   2845.001   2845.206 -9.990e-29
      0.099   0.099030    16.5120      0.100        656 5.1177e-02    302.218    6.75977    55.2620     2.7899 2.2762e+03     4.7540     0.2300     2.9935     0.0171     4.3921     0.0000   998.9053    -1.0952      0.099    6.82052    16.5120     0.0584    1471.21   2843.433   2843.638 -9.990e-29
      0.101   0.163916    16.5147      0.101        657 5.6522e-02    302.153    6.75853    55.2620     2.7930 2.0398e+03     4.7540     0.2301     2.9935     0.0188     4.3406     0.0000   998.9329    -1.0676      0.100    6.81863    16.5147     0.0947    1471.26   2840.669   2840.875 -9.990e-29
      0.102   0.272068    16.5150      0.111        658 6.6578e-02    302.011    6.75574    55.2620     2.7981 2.0100e+03     4.7539     0.2304     2.9934     0.0222     4.3267     0.0000   998.9808    -1.0197      0.110    6.81602    16.5150     0.1568    1471.34   2835.869   2836.074 -9.990e-29
      0.103   0.452328    16.5131      0.101        659 7.6383e-02    301.765    6.75084    55.2620     2.7989 2.2296e+03     4.7539     0.2305     2.9931     0.0255     4.3667     0.0001   999.0631    -0.9374      0.100    6.81191    16.5131     0.2630    1471.46   2827.623   2827.829 -9.990e-29
      0.105   0.752766    16.5093      0.090        660 8.0784e-02    301.369    6.74305    55.2620     2.7960 2.6601e+03     4.7539     0.2303     2.9927     0.0269     4.4551     0.0001   999.2038    -0.7966      0.089    6.80496    16.5093     0.4448    1471.66   2813.518   2813.723 -9.990e-29
      0.109   1.253489    16.5046      0.111        661 8.2558e-02    300.752    6.73098    55.2620     2.7936 3.0808e+03     4.7538     0.2302     2.9924     0.0275     4.5398     0.0000   999.4448    -0.5557      0.110    6.79280    16.5046     0.7566    1472.01   2789.400   2789.606 -9.990e-29
      0.114   2.088012    16.5002      0.090        662 8.5000e-02    299.784    6.71221    55.2620     2.7958 3.3505e+03     4.7537     0.2303     2.9921     0.0284     4.5923     0.0000   999.8575    -0.1429      0.089    6.77140    16.5002     1.2927    1472.63   2748.090   2748.296 -9.990e-29
      0.126   3.478886    16.3526      0.090        663 8.6945e-02    298.222    6.68209    55.2620     2.8011 3.4849e+03     4.7535     0.2306     2.9919     0.0290     4.6194     0.0001  1000.5985     0.5981      0.089    6.75423    16.3526     2.2253    1473.23   2674.026   2674.231 -9.990e-29
      0.144   5.619818    15.7394      0.133        664 8.7951e-02    295.872    6.63698    55.2620     2.8024 3.5108e+03     4.7529     0.2307     2.9917     0.0293     4.6276     0.0001  1001.8824     1.8818      0.132    6.77877    15.7394     3.7643    1472.96   2545.967   2546.173 -9.990e-29
      0.163   7.423469    15.3065      0.219        665 8.8316e-02    294.406    6.61064    55.2620     2.7974 3.4283e+03     4.7517     0.2304     2.9915     0.0295     4.6181     0.0001  1002.9987     2.9977      0.218    6.78493    15.3065     5.1260    1473.07   2434.917   2435.123 -9.990e-29
      0.171   7.408157    15.1367      0.251        666 8.9146e-02    295.929    6.64504    55.2620     2.7892 3.2750e+03     4.7498     0.2299     2.9914     0.0297     4.5960     0.0000  1003.0350     3.0338      0.249    6.80915    15.1367     5.1366    1472.50   2431.330   2431.537 -9.990e-29
      0.163   6.197109    15.1100      0.197        667 9.0920e-02    299.212    6.71460    55.2620     2.7778 3.1331e+03     4.7474     0.2293     2.9916     0.0303     4.5708     0.0000  1002.3554     2.3545      0.196    6.85028    15.1100     4.2456    1471.37   2498.895   2499.101 -9.990e-29
      0.149   5.060968    15.1215      0.111        668 9.3226e-02    302.072    6.77483    55.2620     2.7566 3.0502e+03     4.7442     0.2282     2.9921     0.0311     4.5474     0.0000  1001.7183     1.7178      0.110    6.88333    15.1215     3.4188    1470.43   2562.313   2562.518 -9.990e-29
      0.139   4.387916    15.1315      0.111        669 9.5750e-02    303.855    6.81250    55.2620     2.7137 2.9717e+03     4.7392     0.2259     2.9925     0.0319     4.5157     0.0001  1001.3456     1.3451      0.110    6.90221    15.1315     2.9359    1469.90   2599.469   2599.675 -9.990e-29
      0.137   4.220429    15.1451      0.111        670 9.8813e-02    304.585    6.82834    55.2620     2.6387 2.7559e+03     4.7310     0.2219     2.9929     0.0330     4.4513     0.0001  1001.2511     1.2506      0.110    6.90526    15.1451     2.8158    1469.81   2608.890   2609.095 -9.990e-29
      0.142   4.551870    15.1622      0.101        671 1.0395e-01    304.374    6.82482    55.2620     2.5190 2.3073e+03     4.7168     0.2155     2.9934     0.0347     4.3313     0.0002  1001.4287     1.4282      0.100    6.89283    15.1622     3.0504    1470.14   2591.176   2591.381 -9.990e-29
      0.157   5.523476    15.1795      0.111        672 1.1308e-01    303.064    6.79896    55.2620     2.3267 1.7332e+03     4.6925     0.2051     2.9938     0.0377     4.1769     0.0002  1001.9616     1.9611      0.110    6.86095    15.1795     3.7478    1471.02   2538.071   2538.276 -9.990e-29
      0.185   7.431399    15.2011      0.111        673 1.2768e-01    300.241    6.74251    55.2620     1.9961 1.2688e+03     4.6517     0.1873     2.9943     0.0426     4.0481     0.0002  1003.0306     3.0301      0.110    6.79941    15.2011     5.1455    1472.73   2431.701   2431.906 -9.990e-29
      0.233  10.806490    15.1760      0.111        674 1.5004e-01    295.131    6.64007    55.2620     1.6725 9.8297e+02     4.5832     0.1699     2.9949     0.0500     3.9647     0.0002  1004.9939     4.9933      0.110    6.69752    15.1760     7.7020    1475.63   2236.942   2237.146 -9.990e-29
      0.310  16.513978    14.9815      0.155        675 1.8552e-01    286.488    6.46679    55.2620     1.5831 8.0445e+02     4.4688     0.1651     2.9959     0.0618     3.9080     0.0001  1008.5095     8.5088      0.154    6.54062    14.9815    12.2490    1480.25   1890.097   1890.301 -9.990e-29
      0.416  23.613931    14.8313      0.391        676 2.3702e-01    275.907    6.25518    55.2620     1.5696 6.8506e+02     4.2782     0.1644     2.9980     0.0790     3.8625     0.0001  1013.0666    13.0649      0.388    6.32786    14.8312    18.1609    1486.59   1444.162   1444.363 -9.990e-29
      0.530  29.163184    14.7649      0.606        677 2.9440e-01    268.069    6.09980    55.2620     1.6236 5.9217e+02     3.9781     0.1673     3.0016     0.0981     3.8154     0.0001  1016.7434    16.7407      0.602    6.15372    14.7648    22.9365    1491.91   1087.299   1087.495 -9.990e-29
      0.628  32.135174    14.7895      0.778        678 3.3996e-01    264.602    6.03351    55.2620     1.9070 5.1448e+02     3.5234     0.1825     3.0074     0.1133     3.7660     0.0001  1018.7173    18.7139      0.773    6.05419    14.7894    25.5121    1494.98    896.803    896.994 -9.990e-29
      0.695  33.267134    14.8585      0.843        679 3.6636e-01    264.360    6.03315    55.2620     2.2158 4.5813e+02     2.8102     0.1991     3.0155     0.1221     3.7257     0.0000  1019.4327    19.4289      0.837    6.01054    14.8584    26.4608    1496.31    827.952    828.141 -9.990e-29
      0.727  33.875846    14.8993      0.853        680 3.8414e-01    265.232    6.05591    55.2620     2.4065 4.2858e+02     1.9398     0.2094     3.0260     0.1280     3.7051     0.0000  1019.8150    19.8112      0.847    5.98683    14.8992    26.9690    1497.03    791.184    791.372 -9.990e-29
      0.730  35.185574    14.9085      0.800        681 4.0627e-01    265.208    6.06093    55.2620     2.5294 4.2603e+02     1.2632     0.2160     3.0381     0.1354     3.7088     0.0000  1020.6976    20.6940      0.795    5.94363    14.9084    28.1200    1498.39    706.367    706.554 -9.990e-29
      0.720  36.638765    14.8842      0.681        682 4.3308e-01    265.090    6.06437    55.2620     2.5921 4.3731e+02     0.8915     0.2194     3.0512     0.1443     3.7242     0.0000  1021.7096    21.7066      0.676    5.89904    14.8841    29.4299    1499.84    609.273    609.462 -9.990e-29
      0.721  37.556974    14.8538      0.574        683 4.5798e-01    265.842    6.08550    55.2620     2.5816 4.4180e+02     0.7065     0.2188     3.0642     0.1526     3.7298     0.0000  1022.3652    22.3626      0.570    5.87223    14.8537    30.2742    1500.72    546.464    546.655 -9.990e-29
      0.756  38.099114    14.8208      0.563        684 4.7449e-01    267.089    6.11641    55.2620     2.4798 4.3220e+02     0.6207     0.2133     3.0769     0.1581     3.7179     0.0000  1022.7665    22.7640      0.559    5.85774    14.8207    30.7867    1501.21    508.074    508.264 -9.990e-29
      0.836  38.435909    14.7827      0.660        685 4.7985e-01    268.473    6.14966    55.2620     2.2681 4.0848e+02     0.5922     0.2019     3.0892     0.1599     3.6878     0.0000  1023.0317    23.0288      0.656    5.85032    14.7826    31.1200    1501.47    482.777    482.965 -9.990e-29
      0.960  38.688830    14.7308      0.821        686 4.7363e-01    269.797    6.18121    55.2620     2.0230 3.6717e+02     0.6132     0.1887     3.1014     0.1578     3.6339     0.0000  1023.2511    23.2475      0.815    5.84682    14.7307    31.3898    1501.62    461.887    462.071 0.0000e+00
      1.117  38.888393    14.6826      1.047        687 4.5809e-01    271.101    6.21209    55.2620     1.9751 3.1459e+02     0.7086     0.1862     3.1141     0.1526     3.5632     0.0000  1023.4313    23.4267      1.040    5.84469    14.6824    31.6092    1501.73    444.784    444.962 0.0000e+00
      1.292  39.025564    14.6521      1.305        688 4.4247e-01    272.537    6.24574    55.2620     2.1825 2.7010e+02     0.9420     0.1973     3.1279     0.1474     3.5013     0.0000  1023.5537    23.5479      1.296    5.84297    14.6519    31.7582    1501.81    433.216    433.388 0.0000e+00
      1.467  39.115774    14.6374      1.552        689 4.3224e-01    274.235    6.28521    55.2620     2.4215 2.4238e+02     1.3949     0.2102     3.1435     0.1440     3.4622     0.0000  1023.6301    23.6232      1.541    5.84136    14.6372    31.8519    1501.87    426.033    426.199 0.0000e+00
      1.624  39.179233    14.6332      1.746        690 4.2471e-01    276.314    6.33327    55.2620     2.5735 2.2638e+02     1.9917     0.2183     3.1613     0.1415     3.4401     0.0000  1023.6788    23.6711      1.734    5.83967    14.6329    31.9129    1501.93    421.471    421.632 0.0000e+00
      1.755  39.226075    14.6328      1.896        691 4.1836e-01    278.843    6.39152    55.2620     2.6702 2.1709e+02     2.4989     0.2235     3.1817     0.1394     3.4275     0.0000  1023.7126    23.7042      1.883    5.83819    14.6325    31.9557    1501.99    418.321    418.478 0.0000e+00
      1.853  39.258646    14.6328      2.004        692 4.1365e-01    281.781    6.45910    55.2620     2.7328 2.1149e+02     2.8551     0.2269     3.2040     0.1379     3.4198     0.0001  1023.7358    23.7269      1.990    5.83713    14.6325    31.9852    1502.02    416.152    416.307 0.0000e+00
      1.917  39.276530    14.6333      2.057        693 4.0880e-01    284.973    6.53237    55.2620     2.7641 2.0733e+02     3.1239     0.2286     3.2273     0.1363     3.4134     0.0001  1023.7481    23.7390      2.043    5.83650    14.6330    32.0010    1502.04    415.002    415.155 0.0000e+00
      1.950  39.283358    14.6358      2.079        694 4.0269e-01    288.175    6.60583    55.2620     2.7738 2.0310e+02     3.3135     0.2291     3.2504     0.1342     3.4058     0.0001  1023.7509    23.7416      2.065    5.83606    14.6355    32.0051    1502.06    414.749    414.901 0.0000e+00
      1.953  39.284916    14.6375      2.068        695 3.9755e-01    291.106    6.67303    55.2620     2.7745 1.9855e+02     3.4429     0.2292     3.2720     0.1325     3.3968     0.0001  1023.7505    23.7413      2.054    5.83586    14.6372    32.0051    1502.06    414.782    414.934 -9.990e-29
      1.932  39.284568    14.6387      2.004        696 3.9482e-01    293.486    6.72758    55.2620     2.7414 1.9467e+02     3.5464     0.2274     3.2909     0.1316     3.3888     0.0001  1023.7489    23.7401      1.990    5.83576    14.6384    32.0039    1502.06    414.898    415.052 -9.990e-29
      1.896  39.283233    14.6397      1.918        697 3.9477e-01    295.014    6.76260    55.2620     2.6749 1.9265e+02     3.6351     0.2238     3.3056     0.1316     3.3847     0.0001  1023.7468    23.7383      1.905    5.83571    14.6394    32.0019    1502.06    415.064    415.220 -9.990e-29
