inst/extdata/initial_example/raw/ctd/Cnv/C285C-007-HC.cnv
* Sea-Bird SBE19plus Data File:
* FileName = C:\Data\CTD\Hex\C285C-007-HC.hex
* Software Version 1.24
* Temperature SN =  4447
* Conductivity SN =  4447
* System UpLoad Time = Jun 15 2019 16:36:39
** Station = C285C-007-HC
** NMEA (UTC) Time = 15:13
** NMEA Latitude = 41 28.2 N
** NMEA Longitude = 70 55.6
** Bottom Depth = 26.28
** Date = 15 June 2019
** Chief Scientist = Ben Harden
** General Locale = 
** C:\Data\CTD\Hex\4447201903_Tx0_CDOM1_DO2_Chl3_PAR4.con
** 4447 CTD 	Instrument	S/N	DWG #
** Voltage 0	Transmiss	CST-779PR	X
** Voltage 1	CDOM	WSCD-1258ad	X
** Voltage 2	DO	3328	x
** Voltage 3	Chl-a	SCF-3149	x
** Voltage 4	PAR	70187	x
** Voltage 5	Free	x	x
** 
# nquan = 27                                
# nvalues = 2996                        
# units = specified
# name 0 = depSM: Depth [salt water, m]
# name 1 = c0mS/cm: Conductivity [mS/cm]
# name 2 = tv290C: Temperature [ITS-90, deg C]
# name 3 = prdM: Pressure, Strain Gauge [db]
# name 4 = scan: Scan Count
# name 5 = flSP: Fluorescence, Seapoint
# name 6 = sbeox0Mm/Kg: Oxygen, SBE 43 [umol/Kg]
# name 7 = sbeox0ML/L: Oxygen, SBE 43 [ml/l]
# name 8 = bat: Beam Attenuation, Chelsea/Seatech/Wetlab CStar [1/m]
# name 9 = wetCDOM: Fluorescence, Wetlab CDOM [mg/m^3]
# name 10 = par: PAR/Irradiance, Biospherical/Licor
# name 11 = v0: Voltage 0
# name 12 = v1: Voltage 1
# name 13 = v2: Voltage 2
# name 14 = v3: Voltage 3
# name 15 = v4: Voltage 4
# name 16 = v5: Voltage 5
# name 17 = density00: Density [density, Kg/m^3]
# name 18 = sigma-é00: Density [sigma-theta, Kg/m^3]
# name 19 = depSM: Depth [salt water, m], lat = 30
# name 20 = oxsatML/L: Oxygen Saturation [ml/l]
# name 21 = potemp090C: Potential Temperature [ITS-90, deg C]
# name 22 = sal00: Salinity [PSU]
# name 23 = svCM: Sound Velocity [Chen-Millero, m/s]
# name 24 = sva: Specific Volume Anomaly [10^-8 * m^3/Kg]
# name 25 = tsa: Thermosteric Anomaly [10^-8 * m^3/Kg]
# name 26 = flag: flag
# span 0 =      0.113,     23.087       
# span 1 =   0.002245,  40.863508       
# span 2 =    15.9267,    19.0320       
# span 3 =      0.093,     23.321       
# span 4 =          1,       2996       
# span 5 = 4.9971e-03, 2.0970e+00       
# span 6 =    177.441,    298.921       
# span 7 =    4.06423,    6.82068       
# span 8 =    55.2620,    55.2620       
# span 9 =    -1.4880,     3.0580       
# span 10 = 4.5419e-02, 4.5037e+03      
# span 11 =     0.3371,     4.5799      
# span 12 =     0.0000,     0.2444      
# span 13 =     2.3395,     3.2919      
# span 14 =     0.0016,     0.6990      
# span 15 =     0.2033,     4.7541      
# span 16 =     0.0000,     0.0003      
# span 17 =   998.4084,  1023.1525      
# span 18 =    -1.5922,    23.0709      
# span 19 =      0.092,     23.161      
# span 20 =    5.59424,    6.77606      
# span 21 =    15.9232,    19.0320      
# span 22 =     0.0096,    31.7214      
# span 23 =    1472.49,    1508.65      
# span 24 =    478.914,   2893.274      
# span 25 =    478.960,   2893.479      
# span 26 = 0.0000e+00, 0.0000e+00      
# interval = seconds: 0.25                        
# start_time = Jun 15 2019 08:08:48
# bad_flag = -9.990e-29
*END*
[from data line 1021]
      5.765  40.483139    16.6767      5.804       1022 1.1830e+00    204.208    4.67698    55.2620     2.0456 2.0870e+02     3.0689     0.1900     2.5951     0.3944     3.4200 2.5833e-14  1022.8742    22.8487      5.764    5.62206    16.6758    31.4271    1507.85    500.145    500.194 -9.990e-29
      5.762  40.482021    16.6759      5.793       1023 1.1859e+00    204.235    4.67761    55.2620     2.0458 2.0879e+02     3.0698     0.1900     2.5953     0.3953     3.4201 4.3054e-14  1022.8741    22.8486      5.753    5.62216    16.6750    31.4268    1507.85    500.152    500.201 -9.990e-29
      5.758  40.480451    16.6734      5.814       1024 1.1773e+00    204.284    4.67871    55.2620     2.0494 2.0741e+02     3.0702     0.1902     2.5955     0.3925     3.4171 7.1757e-14  1022.8752    22.8496      5.774    5.62242    16.6725    31.4274    1507.84    500.054    500.103 -9.990e-29
      5.752  40.478358    16.6689      5.782       1025 1.1654e+00    204.338    4.67996    55.2620     2.0523 2.0456e+02     3.0701     0.1903     2.5957     0.3885     3.4109 1.1960e-13  1022.8774    22.8520      5.743    5.62286    16.6680    31.4291    1507.83    499.829    499.878 -9.990e-29
      5.742  40.476155    16.6649      5.804       1026 1.1539e+00    204.395    4.68126    55.2620     2.0523 2.0084e+02     3.0695     0.1903     2.5959     0.3847     3.4027 1.9933e-13  1022.8793    22.8538      5.764    5.62326    16.6640    31.4303    1507.82    499.652    499.701 -9.990e-29
      5.728  40.474466    16.6616      5.772       1027 1.1456e+00    204.456    4.68266    55.2620     2.0509 1.9692e+02     3.0690     0.1903     2.5962     0.3819     3.3937 3.3221e-13  1022.8808    22.8554      5.733    5.62359    16.6607    31.4314    1507.81    499.496    499.545 -9.990e-29
      5.707  40.473643    16.6613      5.793       1028 1.1381e+00    204.511    4.68393    55.2620     2.0489 1.9400e+02     3.0693     0.1902     2.5965     0.3794     3.3867 5.5368e-13  1022.8806    22.8551      5.753    5.62364    16.6604    31.4310    1507.81    499.525    499.574 -9.990e-29
      5.675  40.473772    16.6632      5.761       1029 1.1246e+00    204.534    4.68446    55.2620     2.0457 1.9393e+02     3.0712     0.1900     2.5966     0.3749     3.3859 9.2280e-13  1022.8790    22.8537      5.722    5.62347    16.6623    31.4296    1507.81    499.666    499.716 -9.990e-29
      5.630  40.474438    16.6646      5.697       1030 1.1033e+00    204.524    4.68423    55.2620     2.0431 1.9806e+02     3.0740     0.1899     2.5966     0.3678     3.3941 1.5380e-12  1022.8780    22.8530      5.658    5.62334    16.6637    31.4291    1507.82    499.732    499.783 -9.990e-29
      5.576  40.475124    16.6661      5.643       1031 1.0851e+00    204.509    4.68389    55.2620     2.0428 2.0648e+02     3.0762     0.1898     2.5966     0.3617     3.4112 2.5633e-12  1022.8770    22.8522      5.605    5.62319    16.6652    31.4285    1507.82    499.804    499.857 -9.990e-29
      5.515  40.475675    16.6666      5.546       1032 1.0789e+00    204.503    4.68377    55.2620     2.0436 2.1853e+02     3.0774     0.1899     2.5967     0.3596     3.4352 4.2722e-12  1022.8765    22.8522      5.508    5.62313    16.6657    31.4286    1507.82    499.804    499.859 -9.990e-29
      5.454  40.476069    16.6665      5.450       1033 1.0776e+00    204.507    4.68385    55.2620     2.0438 2.3270e+02     3.0778     0.1899     2.5969     0.3592     3.4623 7.1204e-12  1022.8765    22.8525      5.413    5.62313    16.6656    31.4291    1507.82    499.766    499.824 -9.990e-29
      5.400  40.476420    16.6661      5.375       1034 1.0734e+00    204.505    4.68381    55.2620     2.0441 2.4701e+02     3.0779     0.1899     2.5970     0.3578     3.4886 1.1867e-11  1022.8767    22.8531      5.338    5.62315    16.6653    31.4297    1507.82    499.708    499.768 -9.990e-29
      5.362  40.476956    16.6657      5.278       1035 1.0678e+00    204.484    4.68332    55.2620     2.0454 2.5993e+02     3.0777     0.1900     2.5969     0.3560     3.5113 1.9779e-11  1022.8770    22.8538      5.242    5.62316    16.6649    31.4306    1507.81    499.637    499.700 -9.990e-29
      5.348  40.477941    16.6661      5.278       1036 1.0641e+00    204.466    4.68291    55.2620     2.0465 2.7000e+02     3.0771     0.1901     2.5969     0.3547     3.5282 3.2965e-11  1022.8773    22.8541      5.242    5.62310    16.6653    31.4311    1507.82    499.606    499.669 -9.990e-29
      5.360  40.479651    16.6670      5.289       1037 1.0595e+00    204.477    4.68316    55.2620     2.0479 2.7553e+02     3.0760     0.1901     2.5970     0.3532     3.5371 5.4941e-11  1022.8778    22.8545      5.253    5.62298    16.6662    31.4319    1507.82    499.570    499.632 -9.990e-29
      5.395  40.482291    16.6682      5.343       1038 1.0530e+00    204.507    4.68385    55.2620     2.0504 2.7412e+02     3.0743     0.1902     2.5973     0.3510     3.5346 9.1569e-11  1022.8788    22.8553      5.307    5.62280    16.6674    31.4332    1507.83    499.500    499.561 -9.990e-29
      5.451  40.486260    16.6754      5.418       1039 1.0515e+00    204.535    4.68449    55.2620     2.0523 2.6484e+02     3.0718     0.1903     2.5976     0.3505     3.5191 1.5261e-10  1022.8757    22.8519      5.381    5.62208    16.6745    31.4310    1507.85    499.824    499.883 -9.990e-29
      5.520  40.491404    16.6859      5.547       1040 1.0566e+00    204.547    4.68478    55.2620     2.0532 2.5095e+02     3.0685     0.1904     2.5977     0.3522     3.4955 2.5436e-10  1022.8710    22.8466      5.509    5.62104    16.6850    31.4271    1507.88    500.337    500.393 -9.990e-29
      5.592  40.496294    16.6934      5.654       1041 1.0673e+00    204.542    4.68465    55.2620     2.0533 2.3663e+02     3.0653     0.1904     2.5978     0.3558     3.4702 4.2393e-10  1022.8684    22.8436      5.615    5.62027    16.6925    31.4254    1507.90    500.628    500.680 -9.990e-29
      5.656  40.499816    16.6962      5.751       1042 1.0882e+00    204.535    4.68448    55.2620     2.0521 2.2398e+02     3.0619     0.1903     2.5979     0.3627     3.4469 7.0655e-10  1022.8689    22.8436      5.712    5.61993    16.6953    31.4263    1507.91    500.632    500.681 -9.990e-29
      5.705  40.502184    16.6979      5.805       1043 1.1126e+00    204.534    4.68446    55.2620     2.0503 2.1411e+02     3.0585     0.1902     2.5980     0.3709     3.4282 1.1776e-09  1022.8692    22.8437      5.765    5.61972    16.6970    31.4270    1507.92    500.619    500.668 -9.990e-29
      5.738  40.504050    16.6998      5.848       1044 1.1179e+00    204.517    4.68405    55.2620     2.0492 2.0770e+02     3.0562     0.1902     2.5980     0.3726     3.4159 1.9626e-09  1022.8691    22.8434      5.808    5.61951    16.6989    31.4271    1507.92    500.654    500.701 -9.990e-29
      5.752  40.505658    16.7015      5.848       1045 1.0973e+00    204.471    4.68301    55.2620     2.0486 2.0460e+02     3.0552     0.1901     2.5978     0.3658     3.4101 3.2711e-09  1022.8687    22.8430      5.808    5.61932    16.7006    31.4271    1507.93    500.687    500.734 -9.990e-29
      5.750  40.506955    16.7029      5.838       1046 1.0746e+00    204.418    4.68178    55.2620     2.0485 2.0413e+02     3.0553     0.1901     2.5976     0.3582     3.4095 5.4518e-09  1022.8684    22.8427      5.798    5.61916    16.7020    31.4272    1507.93    500.715    500.763 -9.990e-29
      5.735  40.507898    16.7035      5.805       1047 1.0679e+00    204.370    4.68068    55.2620     2.0490 2.0576e+02     3.0562     0.1902     2.5974     0.3560     3.4132 9.0863e-09  1022.8684    22.8428      5.765    5.61908    16.7026    31.4275    1507.94    500.701    500.750 -9.990e-29
      5.711  40.508521    16.7040      5.762       1048 1.0695e+00    204.341    4.68000    55.2620     2.0496 2.0927e+02     3.0577     0.1902     2.5974     0.3565     3.4206 1.5144e-08  1022.8682    22.8429      5.723    5.61902    16.7031    31.4277    1507.94    500.699    500.749 -9.990e-29
      5.682  40.508952    16.7053      5.720       1049 1.0733e+00    204.335    4.67987    55.2620     2.0487 2.1388e+02     3.0598     0.1901     2.5974     0.3578     3.4301 2.5240e-08  1022.8672    22.8421      5.681    5.61890    16.7044    31.4270    1507.94    500.773    500.823 -9.990e-29
      5.652  40.509123    16.7055      5.655       1050 1.0755e+00    204.343    4.68006    55.2620     2.0458 2.1799e+02     3.0625     0.1900     2.5976     0.3585     3.4385 4.2066e-08  1022.8669    22.8420      5.616    5.61888    16.7046    31.4271    1507.94    500.774    500.827 -9.990e-29
      5.628  40.508852    16.7057      5.612       1051 1.0682e+00    204.367    4.68060    55.2620     2.0422 2.1978e+02     3.0648     0.1898     2.5977     0.3561     3.4422 7.0110e-08  1022.8664    22.8417      5.574    5.61887    16.7048    31.4267    1507.94    500.805    500.859 -9.990e-29
      5.614  40.508100    16.7051      5.602       1052 1.0571e+00    204.417    4.68174    55.2620     2.0393 2.1879e+02     3.0667     0.1896     2.5980     0.3524     3.4403 1.1685e-07  1022.8663    22.8417      5.564    5.61894    16.7042    31.4265    1507.94    500.805    500.858 -9.990e-29
      5.610  40.506830    16.7037      5.623       1053 1.0521e+00    204.485    4.68329    55.2620     2.0371 2.1663e+02     3.0687     0.1895     2.5983     0.3507     3.4361 1.9475e-07  1022.8667    22.8420      5.585    5.61910    16.7028    31.4265    1507.93    500.775    500.828 -9.990e-29
      5.610  40.505043    16.7004      5.645       1054 1.0523e+00    204.543    4.68462    55.2620     2.0358 2.1483e+02     3.0709     0.1895     2.5986     0.3508     3.4325 3.2458e-07  1022.8684    22.8436      5.607    5.61943    16.6995    31.4275    1507.92    500.628    500.681 -9.990e-29
      5.610  40.502942    16.6971      5.645       1055 1.0519e+00    204.575    4.68536    55.2620     2.0337 2.1347e+02     3.0726     0.1894     2.5986     0.3507     3.4297 5.4097e-07  1022.8697    22.8449      5.607    5.61976    16.6962    31.4283    1507.91    500.499    500.552 -9.990e-29
      5.609  40.500872    16.6961      5.645       1056 1.0468e+00    204.595    4.68581    55.2620     2.0283 2.1265e+02     3.0737     0.1891     2.5987     0.3489     3.4279 9.0162e-07  1022.8692    22.8444      5.607    5.61991    16.6952    31.4273    1507.91    500.551    500.604 -9.990e-29
      5.607  40.498799    16.6957      5.656       1057 1.0364e+00    204.615    4.68627    55.2620     2.0174 2.1308e+02     3.0744     0.1885     2.5988     0.3455     3.4285     0.0000  1022.8682    22.8433      5.617    5.62000    16.6948    31.4258    1507.91    500.652    500.704 -9.990e-29
      5.600  40.496191    16.6954      5.645       1058 1.0236e+00    204.623    4.68646    55.2620     1.9997 2.1569e+02     3.0744     0.1875     2.5989     0.3412     3.4333     0.0000  1022.8667    22.8418      5.607    5.62011    16.6945    31.4238    1507.90    500.793    500.845 -9.990e-29
      5.591  40.492264    16.6857      5.624       1059 1.0123e+00    204.619    4.68636    55.2620     1.9725 2.2129e+02     3.0735     0.1860     2.5989     0.3374     3.4440     0.0000  1022.8720    22.8473      5.586    5.62104    16.6848    31.4280    1507.88    500.271    500.324 -9.990e-29
      5.581  40.487298    16.6732      5.602       1060 1.0023e+00    204.625    4.68648    55.2620     1.9286 2.2954e+02     3.0722     0.1837     2.5989     0.3341     3.4596     0.0000  1022.8790    22.8544      5.564    5.62223    16.6723    31.4335    1507.85    499.593    499.647 -9.990e-29
      5.574  40.483591    16.6763      5.581       1061 9.9332e-01    204.640    4.68685    55.2620     1.8552 2.3799e+02     3.0715     0.1797     2.5991     0.3311     3.4754     0.0000  1022.8739    22.8493      5.543    5.62208    16.6754    31.4279    1507.85    500.073    500.127 -9.990e-29
      5.573  40.481458    16.6838      5.570       1062 9.9043e-01    204.658    4.68726    55.2620     1.7331 2.4341e+02     3.0719     0.1732     2.5991     0.3301     3.4853     0.0000  1022.8662    22.8417      5.532    5.62151    16.6829    31.4202    1507.86    500.803    500.857 -9.990e-29
      5.580  40.477482    16.6882      5.581       1063 9.9630e-01    204.691    4.68802    55.2620     1.5294 2.4388e+02     3.0734     0.1622     2.5993     0.3321     3.4863     0.0000  1022.8600    22.8354      5.543    5.62126    16.6873    31.4133    1507.87    501.404    501.459 -9.990e-29
      5.594  40.468247    16.6816      5.592       1064 1.0053e+00    204.750    4.68937    55.2620     1.1891 2.3966e+02     3.0757     0.1439     2.5996     0.3351     3.4787     0.0001  1022.8594    22.8348      5.554    5.62209    16.6807    31.4104    1507.85    501.467    501.521 -9.990e-29
      5.614  40.452050    16.6555      5.656       1065 1.0122e+00    204.828    4.69113    55.2620     0.6234 2.3304e+02     3.0774     0.1135     2.5999     0.3374     3.4666     0.0001  1022.8705    22.8457      5.617    5.62476    16.6546    31.4169    1507.77    500.428    500.481 -9.990e-29
      5.632  40.429852    16.6133      5.689       1066 1.0194e+00    204.921    4.69323    55.2620    -0.0812 2.2595e+02     3.0777     0.0756     2.6000     0.3398     3.4532     0.0001  1022.8909    22.8659      5.650    5.62897    16.6124    31.4307    1507.66    498.492    498.544 -9.990e-29
      5.644  40.405794    16.5741      5.721       1067 1.0269e+00    205.028    4.69569    55.2620    -0.6439 2.1915e+02     3.0773     0.0454     2.6002     0.3423     3.4399     0.0001  1022.9076    22.8825      5.682    5.63299    16.5732    31.4406    1507.55    496.912    496.963 -9.990e-29
      5.647  40.384459    16.5465      5.710       1068 1.0317e+00    205.134    4.69814    55.2620    -0.9816 2.1393e+02     3.0769     0.0272     2.6003     0.3439     3.4295     0.0001  1022.9163    22.8912      5.671    5.63595    16.5456    31.4438    1507.47    496.078    496.130 -9.990e-29
      5.641  40.367625    16.5251      5.710       1069 1.0362e+00    205.214    4.70002    55.2620    -1.1841 2.1187e+02     3.0769     0.0163     2.6002     0.3454     3.4252     0.0000  1022.9229    22.8977      5.671    5.63825    16.5242    31.4460    1507.41    495.451    495.503 -9.990e-29
      5.627  40.355044    16.5108      5.678       1070 1.0401e+00    205.260    4.70112    55.2620    -1.3057 2.1368e+02     3.0770     0.0098     2.6000     0.3467     3.4288     0.0000  1022.9262    22.9012      5.639    5.63983    16.5099    31.4463    1507.36    495.115    495.168 -9.990e-29
      5.606  40.346699    16.5053      5.678       1071 1.0440e+00    205.275    4.70151    55.2620    -1.3786 2.1915e+02     3.0772     0.0059     2.5998     0.3480     3.4395     0.0000  1022.9252    22.9002      5.639    5.64055    16.5044    31.4434    1507.34    495.210    495.263 -9.990e-29
      5.579  40.341865    16.5021      5.603       1072 1.0545e+00    205.281    4.70168    55.2620    -1.4223 2.2741e+02     3.0773     0.0035     2.5997     0.3515     3.4555     0.0000  1022.9244    22.8997      5.565    5.64096    16.5012    31.4418    1507.33    495.260    495.315 -9.990e-29
      5.551  40.339038    16.5013      5.571       1073 1.0712e+00    205.302    4.70220    55.2620    -1.4486 2.3645e+02     3.0773     0.0021     2.5998     0.3571     3.4725     0.0000  1022.9230    22.8985      5.533    5.64111    16.5004    31.4399    1507.33    495.374    495.430 -9.990e-29
