inst/extdata/initial_example/raw/ctd/Cnv/C285C-003-HC.cnv
* Sea-Bird SBE19plus Data File:
* FileName = C:\Data\CTD\Hex\C285C-003-HC.hex
* Software Version 1.24
* Temperature SN =  4447
* Conductivity SN =  4447
* System UpLoad Time = Jun 14 2019 15:42:15
** Station = C285C-003-HC
** NMEA (UTC) Time = 13:14
** NMEA Latitude = 41 3.2 N
** NMEA Longitude = 71 29.9 W
** Bottom Depth = 43
** Date = 14 June 19
** Chief Scientist = Ben Harden
** General Locale = 
** C:\Data\CTD\Hex\4447201903_Tx0_CDOM1_DO2_Chl3_PAR4.con
** 4447 CTD 	Instrument	S/N	DWG #
** Voltage 0	Transmiss	CST-779PR	X
** Voltage 1	CDOM	WSCD-1258ad	X
** Voltage 2	DO	3328	x
** Voltage 3	Chl-a	SCF-3149	x
** Voltage 4	PAR	70187	x
** Voltage 5	Free	x	x
** 
# nquan = 27                                
# nvalues = 3548                        
# units = specified
# name 0 = depSM: Depth [salt water, m]
# name 1 = c0mS/cm: Conductivity [mS/cm]
# name 2 = tv290C: Temperature [ITS-90, deg C]
# name 3 = prdM: Pressure, Strain Gauge [db]
# name 4 = scan: Scan Count
# name 5 = flSP: Fluorescence, Seapoint
# name 6 = sbeox0Mm/Kg: Oxygen, SBE 43 [umol/Kg]
# name 7 = sbeox0ML/L: Oxygen, SBE 43 [ml/l]
# name 8 = bat: Beam Attenuation, Chelsea/Seatech/Wetlab CStar [1/m]
# name 9 = wetCDOM: Fluorescence, Wetlab CDOM [mg/m^3]
# name 10 = par: PAR/Irradiance, Biospherical/Licor
# name 11 = v0: Voltage 0
# name 12 = v1: Voltage 1
# name 13 = v2: Voltage 2
# name 14 = v3: Voltage 3
# name 15 = v4: Voltage 4
# name 16 = v5: Voltage 5
# name 17 = density00: Density [density, Kg/m^3]
# name 18 = sigma-é00: Density [sigma-theta, Kg/m^3]
# name 19 = depSM: Depth [salt water, m], lat = 30
# name 20 = oxsatML/L: Oxygen Saturation [ml/l]
# name 21 = potemp090C: Potential Temperature [ITS-90, deg C]
# name 22 = sal00: Salinity [PSU]
# name 23 = svCM: Sound Velocity [Chen-Millero, m/s]
# name 24 = sva: Specific Volume Anomaly [10^-8 * m^3/Kg]
# name 25 = tsa: Thermosteric Anomaly [10^-8 * m^3/Kg]
# name 26 = flag: flag
# span 0 =      0.077,     39.206       
# span 1 =   0.001599,  39.499807       
# span 2 =     9.7338,    16.6731       
# span 3 =      0.058,     39.559       
# span 4 =          1,       3548       
# span 5 = 2.1026e-02, 2.0779e+00       
# span 6 =    209.645,    306.982       
# span 7 =    4.80539,    6.90421       
# span 8 =    55.2620,    55.2620       
# span 9 =    -1.4880,     3.1846       
# span 10 = 4.5634e-01, 4.1193e+03      
# span 11 =     0.1674,     4.7541      
# span 12 =     0.0000,     0.2512      
# span 13 =     2.3935,     3.3163      
# span 14 =     0.0070,     0.6926      
# span 15 =     0.8308,     4.7155      
# span 16 =     0.0000,     0.0005      
# span 17 =   998.8397,  1025.0020      
# span 18 =    -1.1609,    24.8234      
# span 19 =      0.058,     39.286      
# span 20 =    5.81073,    7.05011      
# span 21 =     9.7295,    16.6731      
# span 22 =     0.0084,    32.2268      
# span 23 =    1466.14,    1502.81      
# span 24 =    312.329,   2850.016      
# span 25 =    311.857,   2850.221      
# span 26 = 0.0000e+00, 0.0000e+00      
# interval = seconds: 0.25                        
# start_time = Jun 14 2019 06:11:38
# bad_flag = -9.990e-29
*END*
[from data line 269]
      0.097   0.001599    16.1899      0.080        270 1.0550e-01    302.933    6.77576    55.2620     2.7883 3.0496e+03     4.7506     0.2299     2.9819     0.0352     4.5581     0.0000   998.9202    -1.0802      0.079    6.86931    16.1899     0.0085    1470.06   2841.928   2842.133 -9.990e-29
      0.097   0.001601    16.1896      0.101        271 1.0518e-01    302.968    6.77654    55.2620     2.7858 2.7117e+03     4.7506     0.2298     2.9820     0.0351     4.4991     0.0000   998.9204    -1.0801      0.100    6.86936    16.1896     0.0085    1470.06   2841.923   2842.128 -9.990e-29
      0.097   0.001611    16.1895      0.090        272 1.0490e-01    302.989    6.77701    55.2620     2.7878 2.4786e+03     4.7507     0.2299     2.9820     0.0350     4.4568     0.0000   998.9203    -1.0801      0.089    6.86937    16.1895     0.0085    1470.06   2841.921   2842.127 -9.990e-29
      0.098   0.001627    16.1890      0.112        273 1.0459e-01    302.991    6.77706    55.2620     2.7912 2.4952e+03     4.7507     0.2301     2.9820     0.0349     4.4619 9.0275e-09   998.9205    -1.0800      0.111    6.86944    16.1890     0.0085    1470.06   2841.912   2842.118 -9.990e-29
      0.096   0.001644    16.1883      0.101        274 1.0426e-01    302.976    6.77674    55.2620     2.7912 2.6955e+03     4.7508     0.2301     2.9818     0.0347     4.5026 1.5046e-08   998.9206    -1.0799      0.100    6.86955    16.1883     0.0085    1470.05   2841.901   2842.106 -9.990e-29
      0.094   0.001652    16.1877      0.090        275 1.0427e-01    302.959    6.77636    55.2620     2.7929 2.8668e+03     4.7508     0.2302     2.9817     0.0347     4.5379 2.5076e-08   998.9206    -1.0798      0.089    6.86963    16.1877     0.0085    1470.05   2841.891   2842.096 -9.990e-29
      0.092   0.001649    16.1874      0.080        276 1.0470e-01    302.944    6.77601    55.2620     2.7981 2.9209e+03     4.7508     0.2304     2.9817     0.0349     4.5518 4.1794e-08   998.9206    -1.0797      0.079    6.86968    16.1874     0.0085    1470.05   2841.886   2842.091 -9.990e-29
      0.092   0.001640    16.1869      0.090        277 1.0504e-01    302.929    6.77569    55.2620     2.8039 2.9643e+03     4.7507     0.2308     2.9818     0.0350     4.5614 6.9657e-08   998.9208    -1.0797      0.089    6.86975    16.1869     0.0085    1470.05   2841.878   2842.083 -9.990e-29
      0.095   0.001630    16.1864      0.080        278 1.0530e-01    302.922    6.77552    55.2620     2.8077 3.0937e+03     4.7507     0.2310     2.9818     0.0351     4.5816 1.1609e-07   998.9208    -1.0796      0.079    6.86982    16.1864     0.0085    1470.05   2841.870   2842.075 -9.990e-29
      0.098   0.001625    16.1864      0.123        279 1.0555e-01    302.926    6.77560    55.2620     2.8069 3.2703e+03     4.7507     0.2309     2.9818     0.0352     4.6074 1.9349e-07   998.9210    -1.0796      0.122    6.86982    16.1864     0.0085    1470.05   2841.869   2842.075 -9.990e-29
      0.098   0.001622    16.1861      0.101        280 1.0551e-01    302.937    6.77585    55.2620     2.8061 3.4343e+03     4.7508     0.2309     2.9818     0.0352     4.6304 3.2248e-07   998.9209    -1.0795      0.100    6.86987    16.1861     0.0085    1470.05   2841.865   2842.070 -9.990e-29
      0.098   0.001617    16.1862      0.090        281 1.0535e-01    302.949    6.77612    55.2620     2.8068 3.5912e+03     4.7507     0.2309     2.9819     0.0351     4.6513 3.2248e-07   998.9209    -1.0796      0.089    6.86985    16.1862     0.0085    1470.05   2841.867   2842.072 -9.990e-29
      0.098   0.001617    16.1859      0.101        282 1.0553e-01    302.963    6.77643    55.2620     2.8054 3.7205e+03     4.7507     0.2308     2.9819     0.0352     4.6681 1.9349e-07   998.9210    -1.0795      0.100    6.86990    16.1859     0.0085    1470.05   2841.862   2842.067 -9.990e-29
      0.097   0.001622    16.1861      0.112        283 1.0584e-01    302.975    6.77670    55.2620     2.8020 3.8036e+03     4.7507     0.2306     2.9820     0.0353     4.6788 1.1609e-07   998.9210    -1.0795      0.111    6.86987    16.1861     0.0085    1470.05   2841.865   2842.070 -9.990e-29
      0.096   0.001621    16.1869      0.080        284 1.0568e-01    302.983    6.77689    55.2620     2.7976 3.8579e+03     4.7507     0.2304     2.9820     0.0352     4.6858 6.9656e-08   998.9207    -1.0797      0.079    6.86975    16.1869     0.0085    1470.05   2841.878   2842.084 -9.990e-29
      0.095   0.001617    16.1883      0.101        285 1.0522e-01    302.992    6.77709    55.2620     2.7958 3.8944e+03     4.7507     0.2303     2.9820     0.0350     4.6904 4.1794e-08   998.9206    -1.0799      0.100    6.86955    16.1883     0.0085    1470.05   2841.901   2842.107 -9.990e-29
      0.095   0.001622    16.1893      0.101        286 1.0506e-01    302.999    6.77723    55.2620     2.7978 3.9211e+03     4.7506     0.2304     2.9821     0.0350     4.6936 2.5077e-08   998.9204    -1.0801      0.100    6.86940    16.1893     0.0085    1470.06   2841.918   2842.123 -9.990e-29
      0.094   0.001638    16.1900      0.090        287 1.0542e-01    303.002    6.77731    55.2620     2.8007 3.9426e+03     4.7506     0.2306     2.9822     0.0351     4.6962 1.5046e-08   998.9202    -1.0802      0.089    6.86930    16.1900     0.0085    1470.06   2841.929   2842.134 -9.990e-29
      0.093   0.001651    16.1901      0.101        288 1.0602e-01    302.993    6.77711    55.2620     2.8017 3.9606e+03     4.7505     0.2306     2.9821     0.0353     4.6983 9.0275e-09   998.9203    -1.0802      0.100    6.86928    16.1901     0.0085    1470.06   2841.930   2842.136 -9.990e-29
      0.091   0.001654    16.1901      0.090        289 1.0629e-01    302.967    6.77651    55.2620     2.8003 3.9765e+03     4.7505     0.2306     2.9820     0.0354     4.7001 5.4165e-09   998.9202    -1.0802      0.089    6.86928    16.1901     0.0085    1470.06   2841.930   2842.136 -9.990e-29
      0.089   0.001650    16.1901      0.080        290 1.0615e-01    302.945    6.77602    55.2620     2.7996 3.9910e+03     4.7505     0.2305     2.9820     0.0354     4.7017 3.2499e-09   998.9202    -1.0802      0.079    6.86928    16.1901     0.0085    1470.06   2841.931   2842.136 -9.990e-29
      0.089   0.001645    16.1915      0.080        291 1.0616e-01    302.945    6.77604    55.2620     2.8008 4.0039e+03     4.7504     0.2306     2.9821     0.0354     4.7032 1.9499e-09   998.9200    -1.0804      0.079    6.86908    16.1915     0.0085    1470.06   2841.954   2842.159 -9.990e-29
      0.091   0.001639    16.1962      0.101        292 1.0638e-01    302.947    6.77607    55.2620     2.8034 4.0150e+03     4.7504     0.2307     2.9822     0.0355     4.7044 1.1700e-09   998.9193    -1.0812      0.100    6.86839    16.1962     0.0085    1470.08   2842.031   2842.236 -9.990e-29
      0.093   0.001636    16.2065      0.080        293 1.0621e-01    302.921    6.77549    55.2620     2.8049 4.0235e+03     4.7504     0.2308     2.9822     0.0354     4.7053 7.0199e-10   998.9175    -1.0829      0.079    6.86689    16.2065     0.0085    1470.11   2842.201   2842.406 -9.990e-29
      0.094   0.001639    16.2195      0.123        294 1.0546e-01    302.869    6.77433    55.2620     2.8036 4.0286e+03     4.7504     0.2307     2.9821     0.0352     4.7059 4.2120e-10   998.9155    -1.0850      0.122    6.86499    16.2195     0.0085    1470.16   2842.415   2842.621 -9.990e-29
      0.094   0.001652    16.2311      0.080        295 1.0436e-01    302.815    6.77310    55.2620     2.8009 4.0309e+03     4.7504     0.2306     2.9821     0.0348     4.7061 2.5273e-10   998.9134    -1.0869      0.079    6.86330    16.2311     0.0085    1470.20   2842.607   2842.812 -9.990e-29
      0.095   0.001667    16.2427      0.080        296 1.0337e-01    302.769    6.77207    55.2620     2.7996 4.0318e+03     4.7504     0.2305     2.9821     0.0345     4.7062 1.5165e-10   998.9115    -1.0888      0.079    6.86161    16.2427     0.0085    1470.24   2842.798   2843.003 -9.990e-29
      0.098   0.001669    16.2531      0.112        297 1.0266e-01    302.738    6.77136    55.2620     2.8012 4.0320e+03     4.7504     0.2306     2.9823     0.0342     4.7063 9.1006e-11   998.9100    -1.0906      0.111    6.86010    16.2531     0.0085    1470.27   2842.970   2843.175 -9.990e-29
      0.099   0.001656    16.2597      0.112        298 1.0228e-01    302.717    6.77089    55.2620     2.8017 4.0321e+03     4.7505     0.2307     2.9825     0.0341     4.7063 5.4636e-11   998.9089    -1.0917      0.111    6.85914    16.2597     0.0085    1470.30   2843.079   2843.285 -9.990e-29
      0.098   0.001645    16.2651      0.101        299 1.0249e-01    302.695    6.77038    55.2620     2.7985 4.0328e+03     4.7505     0.2305     2.9827     0.0342     4.7063 3.2836e-11   998.9079    -1.0925      0.100    6.85835    16.2651     0.0085    1470.31   2843.169   2843.374 -9.990e-29
      0.097   0.001647    16.2705      0.080        300 1.0288e-01    302.673    6.76989    55.2620     2.7942 4.0337e+03     4.7505     0.2303     2.9828     0.0343     4.7064 1.9791e-11   998.9069    -1.0934      0.079    6.85756    16.2705     0.0085    1470.33   2843.258   2843.464 -9.990e-29
      0.099   0.001654    16.2759      0.101        301 1.0271e-01    302.664    6.76968    55.2620     2.7940 4.0340e+03     4.7504     0.2302     2.9829     0.0342     4.7065 1.2024e-11   998.9061    -1.0943      0.100    6.85678    16.2759     0.0085    1470.35   2843.347   2843.553 -9.990e-29
      0.100   0.001655    16.2848      0.112        302 1.0223e-01    302.666    6.76971    55.2620     2.8012 4.0339e+03     4.7503     0.2306     2.9831     0.0341     4.7064 7.4637e-12   998.9047    -1.0958      0.111    6.85548    16.2848     0.0085    1470.38   2843.495   2843.700 -9.990e-29
      0.100   0.001651    16.2918      0.101        303 1.0201e-01    302.664    6.76965    55.2620     2.8113 4.0338e+03     4.7503     0.2311     2.9833     0.0340     4.7064 4.8935e-12   998.9035    -1.0970      0.100    6.85447    16.2918     0.0085    1470.40   2843.611   2843.817 -9.990e-29
      0.100   0.001645    16.2933      0.090        304 1.0219e-01    302.650    6.76934    55.2620     2.8176 4.0341e+03     4.7502     0.2315     2.9835     0.0341     4.7065 3.6283e-12   998.9032    -1.0972      0.089    6.85425    16.2933     0.0085    1470.41   2843.636   2843.842 -9.990e-29
      0.101   0.001639    16.2948      0.112        305 1.0270e-01    302.616    6.76857    55.2620     2.8173 4.0352e+03     4.7502     0.2315     2.9836     0.0342     4.7066 3.3306e-12   998.9031    -1.0975      0.111    6.85403    16.2948     0.0085    1470.41   2843.661   2843.867 -9.990e-29
      0.100   0.001639    16.2974      0.101        306 1.0329e-01    302.554    6.76718    55.2620     2.8137 4.0368e+03     4.7502     0.2313     2.9834     0.0344     4.7067 3.9211e-12   998.9026    -1.0979      0.100    6.85365    16.2974     0.0085    1470.42   2843.704   2843.910 -9.990e-29
      0.100   0.001646    16.2981      0.090        307 1.0344e-01    302.475    6.76542    55.2620     2.8138 4.0383e+03     4.7502     0.2313     2.9831     0.0345     4.7069 5.5572e-12   998.9024    -1.0980      0.089    6.85355    16.2981     0.0085    1470.43   2843.716   2843.921 -9.990e-29
      0.102   0.001653    16.2982      0.101        308 1.0314e-01    302.395    6.76362    55.2620     2.8160 4.0398e+03     4.7502     0.2314     2.9829     0.0344     4.7071 8.6752e-12   998.9024    -1.0980      0.100    6.85353    16.2982     0.0085    1470.43   2843.717   2843.923 -9.990e-29
      0.104   0.001658    16.2996      0.101        309 1.0297e-01    302.320    6.76193    55.2620     2.8164 4.0414e+03     4.7501     0.2314     2.9827     0.0344     4.7073 1.4107e-11   998.9022    -1.0982      0.100    6.85333    16.2996     0.0085    1470.43   2843.740   2843.946 -9.990e-29
      0.106   0.001659    16.3030      0.123        310 1.0299e-01    302.250    6.76037    55.2620     2.8146 4.0425e+03     4.7502     0.2313     2.9825     0.0344     4.7074 2.3300e-11   998.9018    -1.0988      0.122    6.85284    16.3030     0.0085    1470.44   2843.796   2844.002 -9.990e-29
      0.106   0.001656    16.3089      0.101        311 1.0303e-01    302.184    6.75889    55.2620     2.8106 4.0426e+03     4.7503     0.2311     2.9824     0.0344     4.7074 3.8706e-11   998.9007    -1.0998      0.100    6.85198    16.3089     0.0085    1470.46   2843.895   2844.100 -9.990e-29
      0.105   0.001656    16.3144      0.112        312 1.0315e-01    302.131    6.75769    55.2620     2.8075 4.0415e+03     4.7504     0.2310     2.9822     0.0344     4.7073 6.4434e-11   998.8998    -1.1007      0.111    6.85118    16.3144     0.0085    1470.48   2843.986   2844.192 -9.990e-29
      0.105   0.001658    16.3208      0.101        313 1.0337e-01    302.088    6.75674    55.2620     2.8056 4.0393e+03     4.7505     0.2309     2.9821     0.0345     4.7071 1.0734e-10   998.8987    -1.1018      0.100    6.85025    16.3208     0.0085    1470.50   2844.092   2844.298 -9.990e-29
      0.104   0.001656    16.3262      0.112        314 1.0381e-01    302.040    6.75566    55.2620     2.8059 4.0360e+03     4.7506     0.2309     2.9819     0.0346     4.7067 1.7888e-10   998.8979    -1.1027      0.111    6.84947    16.3262     0.0085    1470.52   2844.182   2844.388 -9.990e-29
      0.101   0.001649    16.3293      0.123        315 1.0412e-01    301.987    6.75446    55.2620     2.8082 4.0326e+03     4.7507     0.2310     2.9817     0.0347     4.7063 2.9812e-10   998.8974    -1.1032      0.122    6.84902    16.3293     0.0085    1470.53   2844.234   2844.439 -9.990e-29
      0.098   0.001648    16.3334      0.069        316 1.0419e-01    301.924    6.75304    55.2620     2.8077 4.0297e+03     4.7508     0.2309     2.9814     0.0347     4.7060 4.9685e-10   998.8965    -1.1039      0.069    6.84842    16.3334     0.0085    1470.54   2844.303   2844.508 -9.990e-29
      0.096   0.001651    16.3386      0.101        317 1.0421e-01    301.836    6.75106    55.2620     2.8048 4.0274e+03     4.7508     0.2308     2.9811     0.0347     4.7057 8.2808e-10   998.8958    -1.1047      0.100    6.84767    16.3386     0.0085    1470.56   2844.389   2844.594 -9.990e-29
      0.096   0.001651    16.3449      0.091        318 1.0411e-01    301.735    6.74880    55.2620     2.8045 4.0262e+03     4.7508     0.2308     2.9806     0.0347     4.7056 1.3801e-09   998.8947    -1.1058      0.090    6.84675    16.3449     0.0085    1470.58   2844.494   2844.699 -9.990e-29
      0.096   0.001654    16.3519      0.091        319 1.0404e-01    301.647    6.74683    55.2620     2.8093 4.0269e+03     4.7508     0.2310     2.9803     0.0347     4.7057 2.3002e-09   998.8935    -1.1069      0.090    6.84574    16.3519     0.0085    1470.61   2844.610   2844.815 -9.990e-29
      0.098   0.001659    16.3579      0.091        320 1.0401e-01    301.565    6.74500    55.2620     2.8149 4.0295e+03     4.7509     0.2313     2.9800     0.0347     4.7060 3.8337e-09   998.8925    -1.1079      0.090    6.84486    16.3579     0.0085    1470.63   2844.710   2844.915 -9.990e-29
      0.101   0.001664    16.3607      0.112        321 1.0381e-01    301.482    6.74315    55.2620     2.8150 4.0337e+03     4.7510     0.2314     2.9797     0.0346     4.7064 6.3895e-09   998.8921    -1.1084      0.111    6.84446    16.3607     0.0085    1470.64   2844.756   2844.962 -9.990e-29
      0.101   0.001670    16.3602      0.123        322 1.0356e-01    301.407    6.74146    55.2620     2.8112 4.0384e+03     4.7510     0.2312     2.9794     0.0345     4.7069 1.0649e-08   998.8923    -1.1083      0.122    6.84453    16.3602     0.0085    1470.64   2844.748   2844.953 -9.990e-29
