inst/extdata/initial_example/raw/ctd/Cnv/C285C-003-HC.cnv
* Sea-Bird SBE19plus Data File:
* FileName = C:\Data\CTD\Hex\C285C-003-HC.hex
* Software Version 1.24
* Temperature SN =  4447
* Conductivity SN =  4447
* System UpLoad Time = Jun 14 2019 15:42:15
** Station = C285C-003-HC
** NMEA (UTC) Time = 13:14
** NMEA Latitude = 41 3.2 N
** NMEA Longitude = 71 29.9 W
** Bottom Depth = 43
** Date = 14 June 19
** Chief Scientist = Ben Harden
** General Locale = 
** C:\Data\CTD\Hex\4447201903_Tx0_CDOM1_DO2_Chl3_PAR4.con
** 4447 CTD 	Instrument	S/N	DWG #
** Voltage 0	Transmiss	CST-779PR	X
** Voltage 1	CDOM	WSCD-1258ad	X
** Voltage 2	DO	3328	x
** Voltage 3	Chl-a	SCF-3149	x
** Voltage 4	PAR	70187	x
** Voltage 5	Free	x	x
** 
# nquan = 27                                
# nvalues = 3548                        
# units = specified
# name 0 = depSM: Depth [salt water, m]
# name 1 = c0mS/cm: Conductivity [mS/cm]
# name 2 = tv290C: Temperature [ITS-90, deg C]
# name 3 = prdM: Pressure, Strain Gauge [db]
# name 4 = scan: Scan Count
# name 5 = flSP: Fluorescence, Seapoint
# name 6 = sbeox0Mm/Kg: Oxygen, SBE 43 [umol/Kg]
# name 7 = sbeox0ML/L: Oxygen, SBE 43 [ml/l]
# name 8 = bat: Beam Attenuation, Chelsea/Seatech/Wetlab CStar [1/m]
# name 9 = wetCDOM: Fluorescence, Wetlab CDOM [mg/m^3]
# name 10 = par: PAR/Irradiance, Biospherical/Licor
# name 11 = v0: Voltage 0
# name 12 = v1: Voltage 1
# name 13 = v2: Voltage 2
# name 14 = v3: Voltage 3
# name 15 = v4: Voltage 4
# name 16 = v5: Voltage 5
# name 17 = density00: Density [density, Kg/m^3]
# name 18 = sigma-é00: Density [sigma-theta, Kg/m^3]
# name 19 = depSM: Depth [salt water, m], lat = 30
# name 20 = oxsatML/L: Oxygen Saturation [ml/l]
# name 21 = potemp090C: Potential Temperature [ITS-90, deg C]
# name 22 = sal00: Salinity [PSU]
# name 23 = svCM: Sound Velocity [Chen-Millero, m/s]
# name 24 = sva: Specific Volume Anomaly [10^-8 * m^3/Kg]
# name 25 = tsa: Thermosteric Anomaly [10^-8 * m^3/Kg]
# name 26 = flag: flag
# span 0 =      0.077,     39.206       
# span 1 =   0.001599,  39.499807       
# span 2 =     9.7338,    16.6731       
# span 3 =      0.058,     39.559       
# span 4 =          1,       3548       
# span 5 = 2.1026e-02, 2.0779e+00       
# span 6 =    209.645,    306.982       
# span 7 =    4.80539,    6.90421       
# span 8 =    55.2620,    55.2620       
# span 9 =    -1.4880,     3.1846       
# span 10 = 4.5634e-01, 4.1193e+03      
# span 11 =     0.1674,     4.7541      
# span 12 =     0.0000,     0.2512      
# span 13 =     2.3935,     3.3163      
# span 14 =     0.0070,     0.6926      
# span 15 =     0.8308,     4.7155      
# span 16 =     0.0000,     0.0005      
# span 17 =   998.8397,  1025.0020      
# span 18 =    -1.1609,    24.8234      
# span 19 =      0.058,     39.286      
# span 20 =    5.81073,    7.05011      
# span 21 =     9.7295,    16.6731      
# span 22 =     0.0084,    32.2268      
# span 23 =    1466.14,    1502.81      
# span 24 =    312.329,   2850.016      
# span 25 =    311.857,   2850.221      
# span 26 = 0.0000e+00, 0.0000e+00      
# interval = seconds: 0.25                        
# start_time = Jun 14 2019 06:11:38
# bad_flag = -9.990e-29
*END*
[from data line 1289]
      2.619  39.155190    14.5793      2.735       1290 4.2344e-01    278.366    6.38071    55.2620     1.2820 1.5117e+02     3.8315     0.1489     3.2430     0.1412     3.2802     0.0000  1023.7116    23.6995      2.716    5.84530    14.5789    31.9350    1501.80    418.788    418.924 -9.990e-29
      2.628  39.154808    14.5786      2.746       1291 4.2403e-01    278.403    6.38155    55.2620     1.2796 1.5106e+02     3.8311     0.1488     3.2433     0.1414     3.2800 3.6642e-07  1023.7120    23.6998      2.727    5.84538    14.5782    31.9352    1501.80    418.757    418.894 -9.990e-29
      2.611  39.154703    14.5789      2.746       1292 4.2266e-01    278.410    6.38171    55.2620     1.2766 1.5081e+02     3.8304     0.1486     3.2434     0.1409     3.2793 6.1070e-07  1023.7117    23.6995      2.727    5.84535    14.5785    31.9349    1501.80    418.789    418.925 -9.990e-29
      2.568  39.154925    14.5797      2.649       1293 4.2065e-01    278.385    6.38114    55.2620     1.2755 1.5075e+02     3.8295     0.1486     3.2434     0.1402     3.2791     0.0000  1023.7107    23.6990      2.631    5.84527    14.5793    31.9344    1501.80    418.833    418.972 -9.990e-29
      2.504  39.155307    14.5800      2.596       1294 4.1988e-01    278.337    6.38005    55.2620     1.2759 1.5090e+02     3.8291     0.1486     3.2433     0.1399     3.2795     0.0000  1023.7105    23.6990      2.578    5.84523    14.5796    31.9346    1501.80    418.829    418.969 -9.990e-29
      2.424  39.155730    14.5804      2.467       1295 4.1990e-01    278.279    6.37873    55.2620     1.2768 1.5109e+02     3.8296     0.1486     3.2432     0.1399     3.2801     0.0000  1023.7100    23.6990      2.450    5.84518    14.5800    31.9347    1501.80    418.826    418.969 -9.990e-29
      2.337  39.156295    14.5813      2.338       1296 4.1920e-01    278.218    6.37734    55.2620     1.2784 1.5116e+02     3.8307     0.1487     3.2430     0.1397     3.2802     0.0000  1023.7091    23.6987      2.322    5.84508    14.5810    31.9345    1501.80    418.854    419.000 -9.990e-29
      2.251  39.156992    14.5824      2.219       1297 4.1698e-01    278.162    6.37604    55.2620     1.2810 1.5091e+02     3.8316     0.1488     3.2428     0.1390     3.2794     0.0000  1023.7081    23.6983      2.204    5.84496    14.5821    31.9343    1501.80    418.890    419.039 -9.990e-29
      2.176  39.157693    14.5837      2.123       1298 4.1442e-01    278.116    6.37499    55.2620     1.2825 1.4993e+02     3.8321     0.1489     3.2427     0.1381     3.2764     0.0000  1023.7071    23.6977      2.109    5.84482    14.5834    31.9339    1501.81    418.943    419.094 -9.990e-29
      2.118  39.158399    14.5848      2.047       1299 4.1247e-01    278.090    6.37438    55.2620     1.2815 1.4849e+02     3.8323     0.1489     3.2427     0.1375     3.2720     0.0000  1023.7064    23.6973      2.033    5.84469    14.5845    31.9336    1501.81    418.980    419.134 -9.990e-29
      2.076  39.159188    14.5858      2.047       1300 4.1055e-01    278.112    6.37489    55.2620     1.2801 1.4817e+02     3.8325     0.1488     3.2430     0.1368     3.2709     0.0000  1023.7061    23.6970      2.033    5.84458    14.5855    31.9335    1501.81    419.008    419.161 -9.990e-29
      2.045  39.159969    14.5861      2.048       1301 4.0870e-01    278.193    6.37674    55.2620     1.2799 1.5020e+02     3.8326     0.1488     3.2435     0.1362     3.2767     0.0000  1023.7064    23.6973      2.034    5.84453    14.5858    31.9340    1501.81    418.980    419.133 -9.990e-29
      2.016  39.160631    14.5858      2.058       1302 4.0693e-01    278.298    6.37916    55.2620     1.2801 1.5389e+02     3.8327     0.1488     3.2441     0.1356     3.2872     0.0000  1023.7071    23.6980      2.044    5.84453    14.5855    31.9348    1501.81    418.912    419.065 -9.990e-29
      1.979  39.161333    14.5865      2.058       1303 4.0461e-01    278.385    6.38116    55.2620     1.2792 1.5744e+02     3.8329     0.1488     3.2445     0.1349     3.2973     0.0000  1023.7070    23.6979      2.044    5.84445    14.5862    31.9349    1501.82    418.922    419.075 -9.990e-29
      1.926  39.162299    14.5879      2.026       1304 4.0301e-01    278.443    6.38248    55.2620     1.2776 1.5969e+02     3.8329     0.1487     3.2447     0.1343     3.3037     0.0000  1023.7064    23.6974      2.012    5.84429    14.5876    31.9346    1501.82    418.968    419.122 -9.990e-29
      1.854  39.163519    14.5903      1.930       1305 4.0309e-01    278.482    6.38339    55.2620     1.2761 1.6070e+02     3.8327     0.1486     3.2449     0.1344     3.3065     0.0000  1023.7048    23.6963      1.917    5.84403    14.5900    31.9338    1501.82    419.075    419.231 -9.990e-29
      1.764  39.164744    14.5922      1.844       1306 4.0343e-01    278.502    6.38383    55.2620     1.2746 1.6141e+02     3.8322     0.1485     3.2451     0.1345     3.3085     0.0001  1023.7037    23.6955      1.831    5.84382    14.5919    31.9334    1501.83    419.142    419.300 -9.990e-29
      1.658  39.165659    14.5931      1.704       1307 4.0217e-01    278.490    6.38357    55.2620     1.2738 1.6265e+02     3.8314     0.1485     3.2451     0.1341     3.3118     0.0001  1023.7030    23.6955      1.692    5.84371    14.5929    31.9335    1501.83    419.146    419.308 -9.990e-29
      1.542  39.166192    14.5935      1.564       1308 3.9856e-01    278.453    6.38271    55.2620     1.2738 1.6446e+02     3.8308     0.1485     3.2452     0.1329     3.3166     0.0001  1023.7025    23.6955      1.553    5.84365    14.5933    31.9337    1501.83    419.135    419.300 -9.990e-29
      1.425  39.166509    14.5937      1.392       1309 3.9372e-01    278.420    6.38194    55.2620     1.2735 1.6663e+02     3.8304     0.1485     3.2453     0.1313     3.3223     0.0001  1023.7018    23.6956      1.383    5.84362    14.5935    31.9339    1501.83    419.121    419.290 -9.990e-29
      1.318  39.166742    14.5938      1.231       1310 3.9003e-01    278.424    6.38203    55.2620     1.2736 1.6921e+02     3.8303     0.1485     3.2456     0.1300     3.3289     0.0001  1023.7012    23.6957      1.223    5.84360    14.5936    31.9341    1501.82    419.105    419.278 -9.990e-29
      1.232  39.166954    14.5937      1.145       1311 3.9021e-01    278.466    6.38299    55.2620     1.2744 1.7201e+02     3.8302     0.1485     3.2460     0.1301     3.3360     0.0001  1023.7011    23.6960      1.137    5.84360    14.5935    31.9344    1501.82    419.078    419.254 -9.990e-29
      1.167  39.167202    14.5937      1.091       1312 3.9385e-01    278.517    6.38415    55.2620     1.2748 1.7416e+02     3.8303     0.1485     3.2464     0.1313     3.3413     0.0001  1023.7010    23.6962      1.084    5.84360    14.5935    31.9347    1501.82    419.059    419.236 -9.990e-29
      1.126  39.167552    14.5943      1.027       1313 3.9772e-01    278.562    6.38518    55.2620     1.2741 1.7435e+02     3.8305     0.1485     3.2467     0.1326     3.3418     0.0001  1023.7005    23.6959      1.020    5.84353    14.5942    31.9345    1501.82    419.080    419.259 -9.990e-29
      1.106  39.168017    14.5954      1.049       1314 3.9956e-01    278.596    6.38597    55.2620     1.2726 1.7279e+02     3.8306     0.1484     3.2469     0.1332     3.3379     0.0001  1023.7000    23.6953      1.042    5.84342    14.5952    31.9340    1501.83    419.139    419.317 -9.990e-29
      1.106  39.168469    14.5958      1.027       1315 3.9859e-01    278.610    6.38629    55.2620     1.2709 1.7129e+02     3.8305     0.1483     3.2470     0.1329     3.3342     0.0000  1023.6999    23.6953      1.020    5.84337    14.5957    31.9341    1501.83    419.140    419.319 -9.990e-29
      1.126  39.168794    14.5962      1.059       1316 3.9640e-01    278.599    6.38604    55.2620     1.2700 1.7060e+02     3.8303     0.1483     3.2469     0.1321     3.3324     0.0000  1023.6999    23.6952      1.052    5.84332    14.5960    31.9341    1501.83    419.152    419.330 -9.990e-29
      1.164  39.169034    14.5964      1.102       1317 3.9392e-01    278.565    6.38526    55.2620     1.2698 1.7060e+02     3.8300     0.1483     3.2468     0.1313     3.3322     0.0000  1023.7001    23.6952      1.094    5.84329    14.5962    31.9341    1501.83    419.154    419.331 -9.990e-29
      1.214  39.169241    14.5968      1.242       1318 3.9097e-01    278.527    6.38440    55.2620     1.2685 1.7137e+02     3.8299     0.1482     3.2468     0.1303     3.3338     0.0000  1023.7005    23.6950      1.234    5.84325    14.5966    31.9339    1501.83    419.180    419.354 -9.990e-29
      1.263  39.169402    14.5970      1.317       1319 3.8885e-01    278.506    6.38391    55.2620     1.2643 1.7290e+02     3.8303     0.1480     3.2469     0.1296     3.3370     0.0000  1023.7007    23.6949      1.308    5.84323    14.5968    31.9339    1501.84    419.190    419.361 -9.990e-29
      1.299  39.169464    14.5972      1.404       1320 3.8771e-01    278.505    6.38390    55.2620     1.2566 1.7560e+02     3.8311     0.1476     3.2471     0.1293     3.3428     0.0001  1023.7010    23.6947      1.394    5.84321    14.5970    31.9337    1501.84    419.206    419.375 -9.990e-29
      1.313  39.169336    14.5971      1.425       1321 3.8659e-01    278.517    6.38417    55.2620     1.2432 1.8017e+02     3.8318     0.1468     3.2473     0.1289     3.3526     0.0001  1023.7010    23.6947      1.415    5.84323    14.5969    31.9337    1501.84    419.208    419.376 -9.990e-29
      1.303  39.168970    14.5962      1.393       1322 3.8588e-01    278.530    6.38445    55.2620     1.2183 1.8673e+02     3.8322     0.1455     3.2474     0.1287     3.3663     0.0001  1023.7014    23.6952      1.384    5.84332    14.5960    31.9341    1501.83    419.158    419.327 -9.990e-29
      1.269  39.168425    14.5955      1.382       1323 3.8614e-01    278.530    6.38447    55.2620     1.1735 1.9477e+02     3.8324     0.1431     3.2473     0.1287     3.3821     0.0001  1023.7016    23.6954      1.373    5.84340    14.5953    31.9342    1501.83    419.137    419.307 -9.990e-29
      1.214  39.167789    14.5951      1.275       1324 3.8737e-01    278.499    6.38374    55.2620     1.0972 2.0411e+02     3.8324     0.1390     3.2470     0.1291     3.3986     0.0001  1023.7010    23.6954      1.266    5.84345    14.5949    31.9340    1501.83    419.142    419.314 -9.990e-29
      1.145  39.167053    14.5944      1.157       1325 3.8982e-01    278.428    6.38212    55.2620     0.9711 2.1582e+02     3.8320     0.1322     3.2465     0.1299     3.4170     0.0001  1023.7006    23.6955      1.149    5.84354    14.5942    31.9339    1501.82    419.129    419.304 -9.990e-29
      1.077  39.166171    14.5932      1.006       1326 3.9287e-01    278.336    6.38000    55.2620     0.7638 2.3384e+02     3.8313     0.1211     3.2460     0.1310     3.4442     0.0001  1023.7004    23.6959      0.999    5.84367    14.5931    31.9342    1501.82    419.083    419.262 -9.990e-29
      1.030  39.165182    14.5921      0.834       1327 3.9530e-01    278.250    6.37804    55.2620     0.4184 2.5499e+02     3.8300     0.1025     3.2456     0.1318     3.4749     0.0000  1023.6999    23.6962      0.828    5.84380    14.5920    31.9342    1501.81    419.051    419.235 -9.990e-29
      1.031  39.164147    14.5885      0.759       1328 3.9662e-01    278.198    6.37684    55.2620     0.0236 2.6210e+02     3.8283     0.0813     3.2454     0.1322     3.4798     0.0000  1023.7019    23.6985      0.754    5.84416    14.5884    31.9363    1501.80    418.826    419.012 -9.990e-29
      1.091  39.163445    14.5873      0.899       1329 3.9699e-01    278.181    6.37646    55.2620    -0.1558 2.4228e+02     3.8259     0.0716     3.2454     0.1323     3.4365     0.0000  1023.7030    23.6990      0.893    5.84429    14.5872    31.9366    1501.80    418.784    418.966 -9.990e-29
      1.198  39.163628    14.5886      1.114       1330 3.9627e-01    278.193    6.37674    55.2620    -0.0520 2.0553e+02     3.8222     0.0772     3.2454     0.1321     3.3625     0.0000  1023.7029    23.6980      1.106    5.84417    14.5884    31.9356    1501.81    418.888    419.064 -9.990e-29
      1.330  39.164554    14.5903      1.329       1331 3.9369e-01    278.240    6.37782    55.2620     0.1214 1.7418e+02     3.8169     0.0865     3.2456     0.1312     3.2995     0.0001  1023.7030    23.6971      1.320    5.84399    14.5901    31.9350    1501.82    418.974    419.145 -9.990e-29
      1.466  39.165747    14.5922      1.512       1332 3.9036e-01    278.316    6.37956    55.2620     0.1291 1.5587e+02     3.8088     0.0870     3.2459     0.1301     3.2634     0.0001  1023.7030    23.6963      1.502    5.84378    14.5920    31.9344    1501.82    419.057    419.224 -9.990e-29
      1.596  39.166991    14.5937      1.641       1333 3.8914e-01    278.389    6.38123    55.2620    -0.1348 1.4544e+02     3.7961     0.0728     3.2461     0.1297     3.2437     0.0001  1023.7032    23.6959      1.630    5.84361    14.5935    31.9343    1501.83    419.102    419.265 -9.990e-29
      1.716  39.168188    14.5955      1.780       1334 3.9017e-01    278.419    6.38194    55.2620    -0.5584 1.3898e+02     3.7798     0.0500     3.2460     0.1301     3.2312     0.0000  1023.7031    23.6952      1.768    5.84341    14.5952    31.9338    1501.84    419.174    419.334 -9.990e-29
      1.823  39.169261    14.5970      1.888       1335 3.9127e-01    278.389    6.38124    55.2620    -0.9077 1.3466e+02     3.7648     0.0312     3.2457     0.1304     3.2222     0.0000  1023.7030    23.6946      1.875    5.84324    14.5967    31.9335    1501.84    419.229    419.386 -9.990e-29
      1.919  39.170071    14.5976      1.952       1336 3.9247e-01    278.313    6.37949    55.2620    -1.1156 1.3203e+02     3.7517     0.0200     3.2452     0.1308     3.2167     0.0001  1023.7033    23.6947      1.939    5.84316    14.5973    31.9337    1501.85    419.227    419.382 -9.990e-29
      2.008  39.170553    14.5976      2.028       1337 3.9395e-01    278.215    6.37724    55.2620    -1.2417 1.3076e+02     3.7356     0.0132     3.2446     0.1313     3.2144     0.0001  1023.7040    23.6950      2.014    5.84315    14.5973    31.9342    1501.85    419.198    419.352 -9.990e-29
      2.095  39.170820    14.5978      2.103       1338 3.9369e-01    278.118    6.37501    55.2620    -1.3122 1.3042e+02     3.7093     0.0094     3.2442     0.1312     3.2144     0.0001  1023.7043    23.6950      2.089    5.84312    14.5975    31.9342    1501.85    419.201    419.353 -9.990e-29
      2.181  39.171005    14.5980      2.211       1339 3.9166e-01    278.056    6.37359    55.2620    -1.3488 1.3089e+02     3.6643     0.0074     3.2440     0.1306     3.2167     0.0002  1023.7047    23.6949      2.196    5.84310    14.5977    31.9342    1501.85    419.210    419.359 -9.990e-29
      2.262  39.171185    14.5983      2.318       1340 3.9000e-01    278.047    6.37339    55.2620    -1.3750 1.3200e+02     3.6098     0.0060     3.2441     0.1300     3.2208     0.0002  1023.7050    23.6948      2.302    5.84307    14.5980    31.9340    1501.86    419.228    419.375 -9.990e-29
      2.337  39.171390    14.5985      2.361       1341 3.8899e-01    278.072    6.37396    55.2620    -1.3988 1.3322e+02     3.5743     0.0048     3.2443     0.1297     3.2250     0.0001  1023.7052    23.6947      2.345    5.84305    14.5982    31.9340    1501.86    419.233    419.378 -9.990e-29
      2.404  39.171564    14.5987      2.458       1342 3.8818e-01    278.116    6.37496    55.2620    -1.4141 1.3420e+02     3.5694     0.0040     3.2444     0.1294     3.2284     0.0001  1023.7056    23.6947      2.441    5.84302    14.5983    31.9340    1501.86    419.242    419.385 -9.990e-29
